sentence1,sentence2,word,string,Same_sense,Distance,Layer,mean_relatedness,S1_ntokens,S2_ntokens,token_diffs,n_params,mpath,revision,seed_name,seed,step
It was a desperate act.,It was a magic act.,act,act,Different Sense,0.0,0,2.181818182,6,6,0,405334016,EleutherAI/pythia-410m,step8,seed6,6,8
It was a desperate act.,It was a magic act.,act,act,Different Sense,0.026104867458343506,1,2.181818182,6,6,0,405334016,EleutherAI/pythia-410m,step8,seed6,6,8
It was a desperate act.,It was a magic act.,act,act,Different Sense,0.03986465930938721,2,2.181818182,6,6,0,405334016,EleutherAI/pythia-410m,step8,seed6,6,8
It was a desperate act.,It was a magic act.,act,act,Different Sense,0.04199504852294922,3,2.181818182,6,6,0,405334016,EleutherAI/pythia-410m,step8,seed6,6,8
It was a desperate act.,It was a magic act.,act,act,Different Sense,0.045082032680511475,4,2.181818182,6,6,0,405334016,EleutherAI/pythia-410m,step8,seed6,6,8
It was a desperate act.,It was a magic act.,act,act,Different Sense,0.0462225079536438,5,2.181818182,6,6,0,405334016,EleutherAI/pythia-410m,step8,seed6,6,8
It was a desperate act.,It was a magic act.,act,act,Different Sense,0.04606384038925171,6,2.181818182,6,6,0,405334016,EleutherAI/pythia-410m,step8,seed6,6,8
It was a desperate act.,It was a magic act.,act,act,Different Sense,0.04468637704849243,7,2.181818182,6,6,0,405334016,EleutherAI/pythia-410m,step8,seed6,6,8
It was a desperate act.,It was a magic act.,act,act,Different Sense,0.04459643363952637,8,2.181818182,6,6,0,405334016,EleutherAI/pythia-410m,step8,seed6,6,8
It was a desperate act.,It was a magic act.,act,act,Different Sense,0.043799400329589844,9,2.181818182,6,6,0,405334016,EleutherAI/pythia-410m,step8,seed6,6,8
It was a desperate act.,It was a magic act.,act,act,Different Sense,0.044693589210510254,10,2.181818182,6,6,0,405334016,EleutherAI/pythia-410m,step8,seed6,6,8
It was a desperate act.,It was a magic act.,act,act,Different Sense,0.0432891845703125,11,2.181818182,6,6,0,405334016,EleutherAI/pythia-410m,step8,seed6,6,8
It was a desperate act.,It was a magic act.,act,act,Different Sense,0.04360330104827881,12,2.181818182,6,6,0,405334016,EleutherAI/pythia-410m,step8,seed6,6,8
It was a desperate act.,It was a magic act.,act,act,Different Sense,0.04349410533905029,13,2.181818182,6,6,0,405334016,EleutherAI/pythia-410m,step8,seed6,6,8
It was a desperate act.,It was a magic act.,act,act,Different Sense,0.04283016920089722,14,2.181818182,6,6,0,405334016,EleutherAI/pythia-410m,step8,seed6,6,8
It was a desperate act.,It was a magic act.,act,act,Different Sense,0.043123066425323486,15,2.181818182,6,6,0,405334016,EleutherAI/pythia-410m,step8,seed6,6,8
It was a desperate act.,It was a magic act.,act,act,Different Sense,0.04274177551269531,16,2.181818182,6,6,0,405334016,EleutherAI/pythia-410m,step8,seed6,6,8
It was a desperate act.,It was a magic act.,act,act,Different Sense,0.04326885938644409,17,2.181818182,6,6,0,405334016,EleutherAI/pythia-410m,step8,seed6,6,8
It was a desperate act.,It was a magic act.,act,act,Different Sense,0.04249262809753418,18,2.181818182,6,6,0,405334016,EleutherAI/pythia-410m,step8,seed6,6,8
It was a desperate act.,It was a magic act.,act,act,Different Sense,0.04154205322265625,19,2.181818182,6,6,0,405334016,EleutherAI/pythia-410m,step8,seed6,6,8
It was a desperate act.,It was a magic act.,act,act,Different Sense,0.04066312313079834,20,2.181818182,6,6,0,405334016,EleutherAI/pythia-410m,step8,seed6,6,8
It was a desperate act.,It was a magic act.,act,act,Different Sense,0.04140913486480713,21,2.181818182,6,6,0,405334016,EleutherAI/pythia-410m,step8,seed6,6,8
It was a desperate act.,It was a magic act.,act,act,Different Sense,0.03996044397354126,22,2.181818182,6,6,0,405334016,EleutherAI/pythia-410m,step8,seed6,6,8
It was a desperate act.,It was a magic act.,act,act,Different Sense,0.03800928592681885,23,2.181818182,6,6,0,405334016,EleutherAI/pythia-410m,step8,seed6,6,8
It was a desperate act.,It was a magic act.,act,act,Different Sense,0.03773564100265503,24,2.181818182,6,6,0,405334016,EleutherAI/pythia-410m,step8,seed6,6,8
It was a desperate act.,It was a comedic act.,act,act,Different Sense,0.0,0,2.0,6,7,1,405334016,EleutherAI/pythia-410m,step8,seed6,6,8
It was a desperate act.,It was a comedic act.,act,act,Different Sense,0.03393423557281494,1,2.0,6,7,1,405334016,EleutherAI/pythia-410m,step8,seed6,6,8
It was a desperate act.,It was a comedic act.,act,act,Different Sense,0.050308823585510254,2,2.0,6,7,1,405334016,EleutherAI/pythia-410m,step8,seed6,6,8
It was a desperate act.,It was a comedic act.,act,act,Different Sense,0.056215882301330566,3,2.0,6,7,1,405334016,EleutherAI/pythia-410m,step8,seed6,6,8
It was a desperate act.,It was a comedic act.,act,act,Different Sense,0.056977152824401855,4,2.0,6,7,1,405334016,EleutherAI/pythia-410m,step8,seed6,6,8
It was a desperate act.,It was a comedic act.,act,act,Different Sense,0.059291839599609375,5,2.0,6,7,1,405334016,EleutherAI/pythia-410m,step8,seed6,6,8
It was a desperate act.,It was a comedic act.,act,act,Different Sense,0.05522572994232178,6,2.0,6,7,1,405334016,EleutherAI/pythia-410m,step8,seed6,6,8
It was a desperate act.,It was a comedic act.,act,act,Different Sense,0.05443340539932251,7,2.0,6,7,1,405334016,EleutherAI/pythia-410m,step8,seed6,6,8
It was a desperate act.,It was a comedic act.,act,act,Different Sense,0.05673259496688843,8,2.0,6,7,1,405334016,EleutherAI/pythia-410m,step8,seed6,6,8
It was a desperate act.,It was a comedic act.,act,act,Different Sense,0.055706024169921875,9,2.0,6,7,1,405334016,EleutherAI/pythia-410m,step8,seed6,6,8
It was a desperate act.,It was a comedic act.,act,act,Different Sense,0.05606049299240112,10,2.0,6,7,1,405334016,EleutherAI/pythia-410m,step8,seed6,6,8
It was a desperate act.,It was a comedic act.,act,act,Different Sense,0.05498248338699341,11,2.0,6,7,1,405334016,EleutherAI/pythia-410m,step8,seed6,6,8
It was a desperate act.,It was a comedic act.,act,act,Different Sense,0.05550503730773926,12,2.0,6,7,1,405334016,EleutherAI/pythia-410m,step8,seed6,6,8
It was a desperate act.,It was a comedic act.,act,act,Different Sense,0.05615204572677612,13,2.0,6,7,1,405334016,EleutherAI/pythia-410m,step8,seed6,6,8
It was a desperate act.,It was a comedic act.,act,act,Different Sense,0.05590134859085083,14,2.0,6,7,1,405334016,EleutherAI/pythia-410m,step8,seed6,6,8
It was a desperate act.,It was a comedic act.,act,act,Different Sense,0.055056095123291016,15,2.0,6,7,1,405334016,EleutherAI/pythia-410m,step8,seed6,6,8
It was a desperate act.,It was a comedic act.,act,act,Different Sense,0.05519664287567139,16,2.0,6,7,1,405334016,EleutherAI/pythia-410m,step8,seed6,6,8
It was a desperate act.,It was a comedic act.,act,act,Different Sense,0.056046903133392334,17,2.0,6,7,1,405334016,EleutherAI/pythia-410m,step8,seed6,6,8
It was a desperate act.,It was a comedic act.,act,act,Different Sense,0.05436068773269653,18,2.0,6,7,1,405334016,EleutherAI/pythia-410m,step8,seed6,6,8
It was a desperate act.,It was a comedic act.,act,act,Different Sense,0.05348503589630127,19,2.0,6,7,1,405334016,EleutherAI/pythia-410m,step8,seed6,6,8
It was a desperate act.,It was a comedic act.,act,act,Different Sense,0.05442929267883301,20,2.0,6,7,1,405334016,EleutherAI/pythia-410m,step8,seed6,6,8
It was a desperate act.,It was a comedic act.,act,act,Different Sense,0.054978251457214355,21,2.0,6,7,1,405334016,EleutherAI/pythia-410m,step8,seed6,6,8
It was a desperate act.,It was a comedic act.,act,act,Different Sense,0.0534512996673584,22,2.0,6,7,1,405334016,EleutherAI/pythia-410m,step8,seed6,6,8
It was a desperate act.,It was a comedic act.,act,act,Different Sense,0.05116462707519531,23,2.0,6,7,1,405334016,EleutherAI/pythia-410m,step8,seed6,6,8
It was a desperate act.,It was a comedic act.,act,act,Different Sense,0.050230443477630615,24,2.0,6,7,1,405334016,EleutherAI/pythia-410m,step8,seed6,6,8
It was a humane act.,It was a magic act.,act,act,Different Sense,0.0,0,2.818181818,7,6,1,405334016,EleutherAI/pythia-410m,step8,seed6,6,8
It was a humane act.,It was a magic act.,act,act,Different Sense,0.02696889638900757,1,2.818181818,7,6,1,405334016,EleutherAI/pythia-410m,step8,seed6,6,8
It was a humane act.,It was a magic act.,act,act,Different Sense,0.042250752449035645,2,2.818181818,7,6,1,405334016,EleutherAI/pythia-410m,step8,seed6,6,8
It was a humane act.,It was a magic act.,act,act,Different Sense,0.04745650291442871,3,2.818181818,7,6,1,405334016,EleutherAI/pythia-410m,step8,seed6,6,8
It was a humane act.,It was a magic act.,act,act,Different Sense,0.04973959922790527,4,2.818181818,7,6,1,405334016,EleutherAI/pythia-410m,step8,seed6,6,8
It was a humane act.,It was a magic act.,act,act,Different Sense,0.053580641746520996,5,2.818181818,7,6,1,405334016,EleutherAI/pythia-410m,step8,seed6,6,8
It was a humane act.,It was a magic act.,act,act,Different Sense,0.05132108926773071,6,2.818181818,7,6,1,405334016,EleutherAI/pythia-410m,step8,seed6,6,8
It was a humane act.,It was a magic act.,act,act,Different Sense,0.04995238780975342,7,2.818181818,7,6,1,405334016,EleutherAI/pythia-410m,step8,seed6,6,8
It was a humane act.,It was a magic act.,act,act,Different Sense,0.049966633319854736,8,2.818181818,7,6,1,405334016,EleutherAI/pythia-410m,step8,seed6,6,8
It was a humane act.,It was a magic act.,act,act,Different Sense,0.04998141527175903,9,2.818181818,7,6,1,405334016,EleutherAI/pythia-410m,step8,seed6,6,8
It was a humane act.,It was a magic act.,act,act,Different Sense,0.05102646350860596,10,2.818181818,7,6,1,405334016,EleutherAI/pythia-410m,step8,seed6,6,8
It was a humane act.,It was a magic act.,act,act,Different Sense,0.05018824338912964,11,2.818181818,7,6,1,405334016,EleutherAI/pythia-410m,step8,seed6,6,8
It was a humane act.,It was a magic act.,act,act,Different Sense,0.0513116717338562,12,2.818181818,7,6,1,405334016,EleutherAI/pythia-410m,step8,seed6,6,8
It was a humane act.,It was a magic act.,act,act,Different Sense,0.0507204532623291,13,2.818181818,7,6,1,405334016,EleutherAI/pythia-410m,step8,seed6,6,8
It was a humane act.,It was a magic act.,act,act,Different Sense,0.04985123872756958,14,2.818181818,7,6,1,405334016,EleutherAI/pythia-410m,step8,seed6,6,8
It was a humane act.,It was a magic act.,act,act,Different Sense,0.049990177154541016,15,2.818181818,7,6,1,405334016,EleutherAI/pythia-410m,step8,seed6,6,8
It was a humane act.,It was a magic act.,act,act,Different Sense,0.05011266469955444,16,2.818181818,7,6,1,405334016,EleutherAI/pythia-410m,step8,seed6,6,8
It was a humane act.,It was a magic act.,act,act,Different Sense,0.04844695329666138,17,2.818181818,7,6,1,405334016,EleutherAI/pythia-410m,step8,seed6,6,8
It was a humane act.,It was a magic act.,act,act,Different Sense,0.04664468765258789,18,2.818181818,7,6,1,405334016,EleutherAI/pythia-410m,step8,seed6,6,8
It was a humane act.,It was a magic act.,act,act,Different Sense,0.04507571458816528,19,2.818181818,7,6,1,405334016,EleutherAI/pythia-410m,step8,seed6,6,8
It was a humane act.,It was a magic act.,act,act,Different Sense,0.044133901596069336,20,2.818181818,7,6,1,405334016,EleutherAI/pythia-410m,step8,seed6,6,8
It was a humane act.,It was a magic act.,act,act,Different Sense,0.04494643211364746,21,2.818181818,7,6,1,405334016,EleutherAI/pythia-410m,step8,seed6,6,8
It was a humane act.,It was a magic act.,act,act,Different Sense,0.04349738359451294,22,2.818181818,7,6,1,405334016,EleutherAI/pythia-410m,step8,seed6,6,8
It was a humane act.,It was a magic act.,act,act,Different Sense,0.041004300117492676,23,2.818181818,7,6,1,405334016,EleutherAI/pythia-410m,step8,seed6,6,8
It was a humane act.,It was a magic act.,act,act,Different Sense,0.041718363761901855,24,2.818181818,7,6,1,405334016,EleutherAI/pythia-410m,step8,seed6,6,8
It was a humane act.,It was a comedic act.,act,act,Different Sense,0.0,0,2.80952381,7,7,0,405334016,EleutherAI/pythia-410m,step8,seed6,6,8
It was a humane act.,It was a comedic act.,act,act,Different Sense,0.034597158432006836,1,2.80952381,7,7,0,405334016,EleutherAI/pythia-410m,step8,seed6,6,8
It was a humane act.,It was a comedic act.,act,act,Different Sense,0.049344539642333984,2,2.80952381,7,7,0,405334016,EleutherAI/pythia-410m,step8,seed6,6,8
It was a humane act.,It was a comedic act.,act,act,Different Sense,0.056209564208984375,3,2.80952381,7,7,0,405334016,EleutherAI/pythia-410m,step8,seed6,6,8
It was a humane act.,It was a comedic act.,act,act,Different Sense,0.05886256694793701,4,2.80952381,7,7,0,405334016,EleutherAI/pythia-410m,step8,seed6,6,8
It was a humane act.,It was a comedic act.,act,act,Different Sense,0.06384003162384033,5,2.80952381,7,7,0,405334016,EleutherAI/pythia-410m,step8,seed6,6,8
It was a humane act.,It was a comedic act.,act,act,Different Sense,0.05866396427154541,6,2.80952381,7,7,0,405334016,EleutherAI/pythia-410m,step8,seed6,6,8
It was a humane act.,It was a comedic act.,act,act,Different Sense,0.05594527721405029,7,2.80952381,7,7,0,405334016,EleutherAI/pythia-410m,step8,seed6,6,8
It was a humane act.,It was a comedic act.,act,act,Different Sense,0.054644227027893066,8,2.80952381,7,7,0,405334016,EleutherAI/pythia-410m,step8,seed6,6,8
It was a humane act.,It was a comedic act.,act,act,Different Sense,0.05341291427612305,9,2.80952381,7,7,0,405334016,EleutherAI/pythia-410m,step8,seed6,6,8
It was a humane act.,It was a comedic act.,act,act,Different Sense,0.05355024337768555,10,2.80952381,7,7,0,405334016,EleutherAI/pythia-410m,step8,seed6,6,8
It was a humane act.,It was a comedic act.,act,act,Different Sense,0.051602184772491455,11,2.80952381,7,7,0,405334016,EleutherAI/pythia-410m,step8,seed6,6,8
It was a humane act.,It was a comedic act.,act,act,Different Sense,0.05232018232345581,12,2.80952381,7,7,0,405334016,EleutherAI/pythia-410m,step8,seed6,6,8
It was a humane act.,It was a comedic act.,act,act,Different Sense,0.053415656089782715,13,2.80952381,7,7,0,405334016,EleutherAI/pythia-410m,step8,seed6,6,8
It was a humane act.,It was a comedic act.,act,act,Different Sense,0.05202251672744751,14,2.80952381,7,7,0,405334016,EleutherAI/pythia-410m,step8,seed6,6,8
It was a humane act.,It was a comedic act.,act,act,Different Sense,0.05032527446746826,15,2.80952381,7,7,0,405334016,EleutherAI/pythia-410m,step8,seed6,6,8
It was a humane act.,It was a comedic act.,act,act,Different Sense,0.050000548362731934,16,2.80952381,7,7,0,405334016,EleutherAI/pythia-410m,step8,seed6,6,8
It was a humane act.,It was a comedic act.,act,act,Different Sense,0.04936373233795166,17,2.80952381,7,7,0,405334016,EleutherAI/pythia-410m,step8,seed6,6,8
It was a humane act.,It was a comedic act.,act,act,Different Sense,0.047074198722839355,18,2.80952381,7,7,0,405334016,EleutherAI/pythia-410m,step8,seed6,6,8
It was a humane act.,It was a comedic act.,act,act,Different Sense,0.04539257287979126,19,2.80952381,7,7,0,405334016,EleutherAI/pythia-410m,step8,seed6,6,8
It was a humane act.,It was a comedic act.,act,act,Different Sense,0.04513847827911377,20,2.80952381,7,7,0,405334016,EleutherAI/pythia-410m,step8,seed6,6,8
It was a humane act.,It was a comedic act.,act,act,Different Sense,0.04569971561431885,21,2.80952381,7,7,0,405334016,EleutherAI/pythia-410m,step8,seed6,6,8
It was a humane act.,It was a comedic act.,act,act,Different Sense,0.04456126689910889,22,2.80952381,7,7,0,405334016,EleutherAI/pythia-410m,step8,seed6,6,8
It was a humane act.,It was a comedic act.,act,act,Different Sense,0.0430411696434021,23,2.80952381,7,7,0,405334016,EleutherAI/pythia-410m,step8,seed6,6,8
It was a humane act.,It was a comedic act.,act,act,Different Sense,0.04235726594924927,24,2.80952381,7,7,0,405334016,EleutherAI/pythia-410m,step8,seed6,6,8
It was a desperate act.,It was a humane act.,act,act,Same Sense,0.0,0,3.9,6,7,1,405334016,EleutherAI/pythia-410m,step8,seed6,6,8
It was a desperate act.,It was a humane act.,act,act,Same Sense,0.029892683029174805,1,3.9,6,7,1,405334016,EleutherAI/pythia-410m,step8,seed6,6,8
It was a desperate act.,It was a humane act.,act,act,Same Sense,0.04695171117782593,2,3.9,6,7,1,405334016,EleutherAI/pythia-410m,step8,seed6,6,8
It was a desperate act.,It was a humane act.,act,act,Same Sense,0.05196666717529297,3,3.9,6,7,1,405334016,EleutherAI/pythia-410m,step8,seed6,6,8
It was a desperate act.,It was a humane act.,act,act,Same Sense,0.052257418632507324,4,3.9,6,7,1,405334016,EleutherAI/pythia-410m,step8,seed6,6,8
It was a desperate act.,It was a humane act.,act,act,Same Sense,0.055156171321868896,5,3.9,6,7,1,405334016,EleutherAI/pythia-410m,step8,seed6,6,8
It was a desperate act.,It was a humane act.,act,act,Same Sense,0.0539630651473999,6,3.9,6,7,1,405334016,EleutherAI/pythia-410m,step8,seed6,6,8
It was a desperate act.,It was a humane act.,act,act,Same Sense,0.05297452211380005,7,3.9,6,7,1,405334016,EleutherAI/pythia-410m,step8,seed6,6,8
It was a desperate act.,It was a humane act.,act,act,Same Sense,0.053452372550964355,8,3.9,6,7,1,405334016,EleutherAI/pythia-410m,step8,seed6,6,8
It was a desperate act.,It was a humane act.,act,act,Same Sense,0.05273681879043579,9,3.9,6,7,1,405334016,EleutherAI/pythia-410m,step8,seed6,6,8
It was a desperate act.,It was a humane act.,act,act,Same Sense,0.05254721641540527,10,3.9,6,7,1,405334016,EleutherAI/pythia-410m,step8,seed6,6,8
It was a desperate act.,It was a humane act.,act,act,Same Sense,0.052068471908569336,11,3.9,6,7,1,405334016,EleutherAI/pythia-410m,step8,seed6,6,8
It was a desperate act.,It was a humane act.,act,act,Same Sense,0.05271172523498535,12,3.9,6,7,1,405334016,EleutherAI/pythia-410m,step8,seed6,6,8
It was a desperate act.,It was a humane act.,act,act,Same Sense,0.053740739822387695,13,3.9,6,7,1,405334016,EleutherAI/pythia-410m,step8,seed6,6,8
It was a desperate act.,It was a humane act.,act,act,Same Sense,0.053919196128845215,14,3.9,6,7,1,405334016,EleutherAI/pythia-410m,step8,seed6,6,8
It was a desperate act.,It was a humane act.,act,act,Same Sense,0.053247153759002686,15,3.9,6,7,1,405334016,EleutherAI/pythia-410m,step8,seed6,6,8
It was a desperate act.,It was a humane act.,act,act,Same Sense,0.05163305997848511,16,3.9,6,7,1,405334016,EleutherAI/pythia-410m,step8,seed6,6,8
It was a desperate act.,It was a humane act.,act,act,Same Sense,0.05104422569274902,17,3.9,6,7,1,405334016,EleutherAI/pythia-410m,step8,seed6,6,8
It was a desperate act.,It was a humane act.,act,act,Same Sense,0.04901081323623657,18,3.9,6,7,1,405334016,EleutherAI/pythia-410m,step8,seed6,6,8
It was a desperate act.,It was a humane act.,act,act,Same Sense,0.04881006479263306,19,3.9,6,7,1,405334016,EleutherAI/pythia-410m,step8,seed6,6,8
It was a desperate act.,It was a humane act.,act,act,Same Sense,0.04822021722793579,20,3.9,6,7,1,405334016,EleutherAI/pythia-410m,step8,seed6,6,8
It was a desperate act.,It was a humane act.,act,act,Same Sense,0.049608826637268066,21,3.9,6,7,1,405334016,EleutherAI/pythia-410m,step8,seed6,6,8
It was a desperate act.,It was a humane act.,act,act,Same Sense,0.04814547300338745,22,3.9,6,7,1,405334016,EleutherAI/pythia-410m,step8,seed6,6,8
It was a desperate act.,It was a humane act.,act,act,Same Sense,0.04578828811645508,23,3.9,6,7,1,405334016,EleutherAI/pythia-410m,step8,seed6,6,8
It was a desperate act.,It was a humane act.,act,act,Same Sense,0.0458412766456604,24,3.9,6,7,1,405334016,EleutherAI/pythia-410m,step8,seed6,6,8
It was a magic act.,It was a comedic act.,act,act,Same Sense,0.0,0,3.764705882,6,7,1,405334016,EleutherAI/pythia-410m,step8,seed6,6,8
It was a magic act.,It was a comedic act.,act,act,Same Sense,0.032083988189697266,1,3.764705882,6,7,1,405334016,EleutherAI/pythia-410m,step8,seed6,6,8
It was a magic act.,It was a comedic act.,act,act,Same Sense,0.04350590705871582,2,3.764705882,6,7,1,405334016,EleutherAI/pythia-410m,step8,seed6,6,8
It was a magic act.,It was a comedic act.,act,act,Same Sense,0.048561275005340576,3,3.764705882,6,7,1,405334016,EleutherAI/pythia-410m,step8,seed6,6,8
It was a magic act.,It was a comedic act.,act,act,Same Sense,0.0493619441986084,4,3.764705882,6,7,1,405334016,EleutherAI/pythia-410m,step8,seed6,6,8
It was a magic act.,It was a comedic act.,act,act,Same Sense,0.05251455307006836,5,3.764705882,6,7,1,405334016,EleutherAI/pythia-410m,step8,seed6,6,8
It was a magic act.,It was a comedic act.,act,act,Same Sense,0.051267921924591064,6,3.764705882,6,7,1,405334016,EleutherAI/pythia-410m,step8,seed6,6,8
It was a magic act.,It was a comedic act.,act,act,Same Sense,0.050643980503082275,7,3.764705882,6,7,1,405334016,EleutherAI/pythia-410m,step8,seed6,6,8
It was a magic act.,It was a comedic act.,act,act,Same Sense,0.05159604549407959,8,3.764705882,6,7,1,405334016,EleutherAI/pythia-410m,step8,seed6,6,8
It was a magic act.,It was a comedic act.,act,act,Same Sense,0.05005878210067749,9,3.764705882,6,7,1,405334016,EleutherAI/pythia-410m,step8,seed6,6,8
It was a magic act.,It was a comedic act.,act,act,Same Sense,0.04998815059661865,10,3.764705882,6,7,1,405334016,EleutherAI/pythia-410m,step8,seed6,6,8
It was a magic act.,It was a comedic act.,act,act,Same Sense,0.0469474196434021,11,3.764705882,6,7,1,405334016,EleutherAI/pythia-410m,step8,seed6,6,8
It was a magic act.,It was a comedic act.,act,act,Same Sense,0.047475457191467285,12,3.764705882,6,7,1,405334016,EleutherAI/pythia-410m,step8,seed6,6,8
It was a magic act.,It was a comedic act.,act,act,Same Sense,0.04730987548828125,13,3.764705882,6,7,1,405334016,EleutherAI/pythia-410m,step8,seed6,6,8
It was a magic act.,It was a comedic act.,act,act,Same Sense,0.046640753746032715,14,3.764705882,6,7,1,405334016,EleutherAI/pythia-410m,step8,seed6,6,8
It was a magic act.,It was a comedic act.,act,act,Same Sense,0.04618877172470093,15,3.764705882,6,7,1,405334016,EleutherAI/pythia-410m,step8,seed6,6,8
It was a magic act.,It was a comedic act.,act,act,Same Sense,0.04659682512283325,16,3.764705882,6,7,1,405334016,EleutherAI/pythia-410m,step8,seed6,6,8
It was a magic act.,It was a comedic act.,act,act,Same Sense,0.045557498931884766,17,3.764705882,6,7,1,405334016,EleutherAI/pythia-410m,step8,seed6,6,8
It was a magic act.,It was a comedic act.,act,act,Same Sense,0.044200360774993896,18,3.764705882,6,7,1,405334016,EleutherAI/pythia-410m,step8,seed6,6,8
It was a magic act.,It was a comedic act.,act,act,Same Sense,0.04244786500930786,19,3.764705882,6,7,1,405334016,EleutherAI/pythia-410m,step8,seed6,6,8
It was a magic act.,It was a comedic act.,act,act,Same Sense,0.04158473014831543,20,3.764705882,6,7,1,405334016,EleutherAI/pythia-410m,step8,seed6,6,8
It was a magic act.,It was a comedic act.,act,act,Same Sense,0.04242122173309326,21,3.764705882,6,7,1,405334016,EleutherAI/pythia-410m,step8,seed6,6,8
It was a magic act.,It was a comedic act.,act,act,Same Sense,0.04095655679702759,22,3.764705882,6,7,1,405334016,EleutherAI/pythia-410m,step8,seed6,6,8
It was a magic act.,It was a comedic act.,act,act,Same Sense,0.03883892297744751,23,3.764705882,6,7,1,405334016,EleutherAI/pythia-410m,step8,seed6,6,8
It was a magic act.,It was a comedic act.,act,act,Same Sense,0.037855327129364014,24,3.764705882,6,7,1,405334016,EleutherAI/pythia-410m,step8,seed6,6,8
He had a universal appeal.,He had a legal appeal.,appeal,appeal,Different Sense,0.0,0,1.571428571,6,6,0,405334016,EleutherAI/pythia-410m,step8,seed6,6,8
He had a universal appeal.,He had a legal appeal.,appeal,appeal,Different Sense,0.023047327995300293,1,1.571428571,6,6,0,405334016,EleutherAI/pythia-410m,step8,seed6,6,8
He had a universal appeal.,He had a legal appeal.,appeal,appeal,Different Sense,0.03375917673110962,2,1.571428571,6,6,0,405334016,EleutherAI/pythia-410m,step8,seed6,6,8
He had a universal appeal.,He had a legal appeal.,appeal,appeal,Different Sense,0.03810596466064453,3,1.571428571,6,6,0,405334016,EleutherAI/pythia-410m,step8,seed6,6,8
He had a universal appeal.,He had a legal appeal.,appeal,appeal,Different Sense,0.0405389666557312,4,1.571428571,6,6,0,405334016,EleutherAI/pythia-410m,step8,seed6,6,8
He had a universal appeal.,He had a legal appeal.,appeal,appeal,Different Sense,0.042080819606781006,5,1.571428571,6,6,0,405334016,EleutherAI/pythia-410m,step8,seed6,6,8
He had a universal appeal.,He had a legal appeal.,appeal,appeal,Different Sense,0.041113078594207764,6,1.571428571,6,6,0,405334016,EleutherAI/pythia-410m,step8,seed6,6,8
He had a universal appeal.,He had a legal appeal.,appeal,appeal,Different Sense,0.04021406173706055,7,1.571428571,6,6,0,405334016,EleutherAI/pythia-410m,step8,seed6,6,8
He had a universal appeal.,He had a legal appeal.,appeal,appeal,Different Sense,0.040657758712768555,8,1.571428571,6,6,0,405334016,EleutherAI/pythia-410m,step8,seed6,6,8
He had a universal appeal.,He had a legal appeal.,appeal,appeal,Different Sense,0.03950858116149902,9,1.571428571,6,6,0,405334016,EleutherAI/pythia-410m,step8,seed6,6,8
He had a universal appeal.,He had a legal appeal.,appeal,appeal,Different Sense,0.039927780628204346,10,1.571428571,6,6,0,405334016,EleutherAI/pythia-410m,step8,seed6,6,8
He had a universal appeal.,He had a legal appeal.,appeal,appeal,Different Sense,0.04031938314437866,11,1.571428571,6,6,0,405334016,EleutherAI/pythia-410m,step8,seed6,6,8
He had a universal appeal.,He had a legal appeal.,appeal,appeal,Different Sense,0.04170966148376465,12,1.571428571,6,6,0,405334016,EleutherAI/pythia-410m,step8,seed6,6,8
He had a universal appeal.,He had a legal appeal.,appeal,appeal,Different Sense,0.04170334339141846,13,1.571428571,6,6,0,405334016,EleutherAI/pythia-410m,step8,seed6,6,8
He had a universal appeal.,He had a legal appeal.,appeal,appeal,Different Sense,0.040036559104919434,14,1.571428571,6,6,0,405334016,EleutherAI/pythia-410m,step8,seed6,6,8
He had a universal appeal.,He had a legal appeal.,appeal,appeal,Different Sense,0.03807634115219116,15,1.571428571,6,6,0,405334016,EleutherAI/pythia-410m,step8,seed6,6,8
He had a universal appeal.,He had a legal appeal.,appeal,appeal,Different Sense,0.038134753704071045,16,1.571428571,6,6,0,405334016,EleutherAI/pythia-410m,step8,seed6,6,8
He had a universal appeal.,He had a legal appeal.,appeal,appeal,Different Sense,0.03726685047149658,17,1.571428571,6,6,0,405334016,EleutherAI/pythia-410m,step8,seed6,6,8
He had a universal appeal.,He had a legal appeal.,appeal,appeal,Different Sense,0.036921918392181396,18,1.571428571,6,6,0,405334016,EleutherAI/pythia-410m,step8,seed6,6,8
He had a universal appeal.,He had a legal appeal.,appeal,appeal,Different Sense,0.03587085008621216,19,1.571428571,6,6,0,405334016,EleutherAI/pythia-410m,step8,seed6,6,8
He had a universal appeal.,He had a legal appeal.,appeal,appeal,Different Sense,0.03597348928451538,20,1.571428571,6,6,0,405334016,EleutherAI/pythia-410m,step8,seed6,6,8
He had a universal appeal.,He had a legal appeal.,appeal,appeal,Different Sense,0.03585672378540039,21,1.571428571,6,6,0,405334016,EleutherAI/pythia-410m,step8,seed6,6,8
He had a universal appeal.,He had a legal appeal.,appeal,appeal,Different Sense,0.03379106521606445,22,1.571428571,6,6,0,405334016,EleutherAI/pythia-410m,step8,seed6,6,8
He had a universal appeal.,He had a legal appeal.,appeal,appeal,Different Sense,0.033098459243774414,23,1.571428571,6,6,0,405334016,EleutherAI/pythia-410m,step8,seed6,6,8
He had a universal appeal.,He had a legal appeal.,appeal,appeal,Different Sense,0.0324937105178833,24,1.571428571,6,6,0,405334016,EleutherAI/pythia-410m,step8,seed6,6,8
He had a universal appeal.,He had a pending appeal.,appeal,appeal,Different Sense,0.0,0,1.0,6,6,0,405334016,EleutherAI/pythia-410m,step8,seed6,6,8
He had a universal appeal.,He had a pending appeal.,appeal,appeal,Different Sense,0.025900185108184814,1,1.0,6,6,0,405334016,EleutherAI/pythia-410m,step8,seed6,6,8
He had a universal appeal.,He had a pending appeal.,appeal,appeal,Different Sense,0.03660959005355835,2,1.0,6,6,0,405334016,EleutherAI/pythia-410m,step8,seed6,6,8
He had a universal appeal.,He had a pending appeal.,appeal,appeal,Different Sense,0.04021412134170532,3,1.0,6,6,0,405334016,EleutherAI/pythia-410m,step8,seed6,6,8
He had a universal appeal.,He had a pending appeal.,appeal,appeal,Different Sense,0.04234766960144043,4,1.0,6,6,0,405334016,EleutherAI/pythia-410m,step8,seed6,6,8
He had a universal appeal.,He had a pending appeal.,appeal,appeal,Different Sense,0.04388827085494995,5,1.0,6,6,0,405334016,EleutherAI/pythia-410m,step8,seed6,6,8
He had a universal appeal.,He had a pending appeal.,appeal,appeal,Different Sense,0.04178059101104736,6,1.0,6,6,0,405334016,EleutherAI/pythia-410m,step8,seed6,6,8
He had a universal appeal.,He had a pending appeal.,appeal,appeal,Different Sense,0.04178673028945923,7,1.0,6,6,0,405334016,EleutherAI/pythia-410m,step8,seed6,6,8
He had a universal appeal.,He had a pending appeal.,appeal,appeal,Different Sense,0.043755292892456055,8,1.0,6,6,0,405334016,EleutherAI/pythia-410m,step8,seed6,6,8
He had a universal appeal.,He had a pending appeal.,appeal,appeal,Different Sense,0.04165929555892944,9,1.0,6,6,0,405334016,EleutherAI/pythia-410m,step8,seed6,6,8
He had a universal appeal.,He had a pending appeal.,appeal,appeal,Different Sense,0.04490607976913452,10,1.0,6,6,0,405334016,EleutherAI/pythia-410m,step8,seed6,6,8
He had a universal appeal.,He had a pending appeal.,appeal,appeal,Different Sense,0.0445561408996582,11,1.0,6,6,0,405334016,EleutherAI/pythia-410m,step8,seed6,6,8
He had a universal appeal.,He had a pending appeal.,appeal,appeal,Different Sense,0.04481321573257446,12,1.0,6,6,0,405334016,EleutherAI/pythia-410m,step8,seed6,6,8
He had a universal appeal.,He had a pending appeal.,appeal,appeal,Different Sense,0.04548990726470947,13,1.0,6,6,0,405334016,EleutherAI/pythia-410m,step8,seed6,6,8
He had a universal appeal.,He had a pending appeal.,appeal,appeal,Different Sense,0.04336303472518921,14,1.0,6,6,0,405334016,EleutherAI/pythia-410m,step8,seed6,6,8
He had a universal appeal.,He had a pending appeal.,appeal,appeal,Different Sense,0.04233968257904053,15,1.0,6,6,0,405334016,EleutherAI/pythia-410m,step8,seed6,6,8
He had a universal appeal.,He had a pending appeal.,appeal,appeal,Different Sense,0.04221147298812866,16,1.0,6,6,0,405334016,EleutherAI/pythia-410m,step8,seed6,6,8
He had a universal appeal.,He had a pending appeal.,appeal,appeal,Different Sense,0.041987061500549316,17,1.0,6,6,0,405334016,EleutherAI/pythia-410m,step8,seed6,6,8
He had a universal appeal.,He had a pending appeal.,appeal,appeal,Different Sense,0.04049617052078247,18,1.0,6,6,0,405334016,EleutherAI/pythia-410m,step8,seed6,6,8
He had a universal appeal.,He had a pending appeal.,appeal,appeal,Different Sense,0.0399017333984375,19,1.0,6,6,0,405334016,EleutherAI/pythia-410m,step8,seed6,6,8
He had a universal appeal.,He had a pending appeal.,appeal,appeal,Different Sense,0.04020059108734131,20,1.0,6,6,0,405334016,EleutherAI/pythia-410m,step8,seed6,6,8
He had a universal appeal.,He had a pending appeal.,appeal,appeal,Different Sense,0.040175437927246094,21,1.0,6,6,0,405334016,EleutherAI/pythia-410m,step8,seed6,6,8
He had a universal appeal.,He had a pending appeal.,appeal,appeal,Different Sense,0.0385478138923645,22,1.0,6,6,0,405334016,EleutherAI/pythia-410m,step8,seed6,6,8
He had a universal appeal.,He had a pending appeal.,appeal,appeal,Different Sense,0.037085771560668945,23,1.0,6,6,0,405334016,EleutherAI/pythia-410m,step8,seed6,6,8
He had a universal appeal.,He had a pending appeal.,appeal,appeal,Different Sense,0.03682595491409302,24,1.0,6,6,0,405334016,EleutherAI/pythia-410m,step8,seed6,6,8
He had an undefinable appeal.,He had a legal appeal.,appeal,appeal,Different Sense,0.0,0,1.235294118,8,6,2,405334016,EleutherAI/pythia-410m,step8,seed6,6,8
He had an undefinable appeal.,He had a legal appeal.,appeal,appeal,Different Sense,0.05306822061538696,1,1.235294118,8,6,2,405334016,EleutherAI/pythia-410m,step8,seed6,6,8
He had an undefinable appeal.,He had a legal appeal.,appeal,appeal,Different Sense,0.07045453786849976,2,1.235294118,8,6,2,405334016,EleutherAI/pythia-410m,step8,seed6,6,8
He had an undefinable appeal.,He had a legal appeal.,appeal,appeal,Different Sense,0.08279478549957275,3,1.235294118,8,6,2,405334016,EleutherAI/pythia-410m,step8,seed6,6,8
He had an undefinable appeal.,He had a legal appeal.,appeal,appeal,Different Sense,0.08971863985061646,4,1.235294118,8,6,2,405334016,EleutherAI/pythia-410m,step8,seed6,6,8
He had an undefinable appeal.,He had a legal appeal.,appeal,appeal,Different Sense,0.10028785467147827,5,1.235294118,8,6,2,405334016,EleutherAI/pythia-410m,step8,seed6,6,8
He had an undefinable appeal.,He had a legal appeal.,appeal,appeal,Different Sense,0.10178858041763306,6,1.235294118,8,6,2,405334016,EleutherAI/pythia-410m,step8,seed6,6,8
He had an undefinable appeal.,He had a legal appeal.,appeal,appeal,Different Sense,0.10014140605926514,7,1.235294118,8,6,2,405334016,EleutherAI/pythia-410m,step8,seed6,6,8
He had an undefinable appeal.,He had a legal appeal.,appeal,appeal,Different Sense,0.10348010063171387,8,1.235294118,8,6,2,405334016,EleutherAI/pythia-410m,step8,seed6,6,8
He had an undefinable appeal.,He had a legal appeal.,appeal,appeal,Different Sense,0.09827327728271484,9,1.235294118,8,6,2,405334016,EleutherAI/pythia-410m,step8,seed6,6,8
He had an undefinable appeal.,He had a legal appeal.,appeal,appeal,Different Sense,0.10332608222961426,10,1.235294118,8,6,2,405334016,EleutherAI/pythia-410m,step8,seed6,6,8
He had an undefinable appeal.,He had a legal appeal.,appeal,appeal,Different Sense,0.1007993221282959,11,1.235294118,8,6,2,405334016,EleutherAI/pythia-410m,step8,seed6,6,8
He had an undefinable appeal.,He had a legal appeal.,appeal,appeal,Different Sense,0.10287868976593018,12,1.235294118,8,6,2,405334016,EleutherAI/pythia-410m,step8,seed6,6,8
He had an undefinable appeal.,He had a legal appeal.,appeal,appeal,Different Sense,0.10386747121810913,13,1.235294118,8,6,2,405334016,EleutherAI/pythia-410m,step8,seed6,6,8
He had an undefinable appeal.,He had a legal appeal.,appeal,appeal,Different Sense,0.09986400604248047,14,1.235294118,8,6,2,405334016,EleutherAI/pythia-410m,step8,seed6,6,8
He had an undefinable appeal.,He had a legal appeal.,appeal,appeal,Different Sense,0.10183942317962646,15,1.235294118,8,6,2,405334016,EleutherAI/pythia-410m,step8,seed6,6,8
He had an undefinable appeal.,He had a legal appeal.,appeal,appeal,Different Sense,0.10240000486373901,16,1.235294118,8,6,2,405334016,EleutherAI/pythia-410m,step8,seed6,6,8
He had an undefinable appeal.,He had a legal appeal.,appeal,appeal,Different Sense,0.09944504499435425,17,1.235294118,8,6,2,405334016,EleutherAI/pythia-410m,step8,seed6,6,8
He had an undefinable appeal.,He had a legal appeal.,appeal,appeal,Different Sense,0.09691435098648071,18,1.235294118,8,6,2,405334016,EleutherAI/pythia-410m,step8,seed6,6,8
He had an undefinable appeal.,He had a legal appeal.,appeal,appeal,Different Sense,0.09525811672210693,19,1.235294118,8,6,2,405334016,EleutherAI/pythia-410m,step8,seed6,6,8
He had an undefinable appeal.,He had a legal appeal.,appeal,appeal,Different Sense,0.09360134601593018,20,1.235294118,8,6,2,405334016,EleutherAI/pythia-410m,step8,seed6,6,8
He had an undefinable appeal.,He had a legal appeal.,appeal,appeal,Different Sense,0.09411001205444336,21,1.235294118,8,6,2,405334016,EleutherAI/pythia-410m,step8,seed6,6,8
He had an undefinable appeal.,He had a legal appeal.,appeal,appeal,Different Sense,0.09017735719680786,22,1.235294118,8,6,2,405334016,EleutherAI/pythia-410m,step8,seed6,6,8
He had an undefinable appeal.,He had a legal appeal.,appeal,appeal,Different Sense,0.08558589220046997,23,1.235294118,8,6,2,405334016,EleutherAI/pythia-410m,step8,seed6,6,8
He had an undefinable appeal.,He had a legal appeal.,appeal,appeal,Different Sense,0.08527147769927979,24,1.235294118,8,6,2,405334016,EleutherAI/pythia-410m,step8,seed6,6,8
He had an undefinable appeal.,He had a pending appeal.,appeal,appeal,Different Sense,0.0,0,0.714285714,8,6,2,405334016,EleutherAI/pythia-410m,step8,seed6,6,8
He had an undefinable appeal.,He had a pending appeal.,appeal,appeal,Different Sense,0.057292819023132324,1,0.714285714,8,6,2,405334016,EleutherAI/pythia-410m,step8,seed6,6,8
He had an undefinable appeal.,He had a pending appeal.,appeal,appeal,Different Sense,0.0735929012298584,2,0.714285714,8,6,2,405334016,EleutherAI/pythia-410m,step8,seed6,6,8
He had an undefinable appeal.,He had a pending appeal.,appeal,appeal,Different Sense,0.08341056108474731,3,0.714285714,8,6,2,405334016,EleutherAI/pythia-410m,step8,seed6,6,8
He had an undefinable appeal.,He had a pending appeal.,appeal,appeal,Different Sense,0.0860564112663269,4,0.714285714,8,6,2,405334016,EleutherAI/pythia-410m,step8,seed6,6,8
He had an undefinable appeal.,He had a pending appeal.,appeal,appeal,Different Sense,0.09444230794906616,5,0.714285714,8,6,2,405334016,EleutherAI/pythia-410m,step8,seed6,6,8
He had an undefinable appeal.,He had a pending appeal.,appeal,appeal,Different Sense,0.10017919540405273,6,0.714285714,8,6,2,405334016,EleutherAI/pythia-410m,step8,seed6,6,8
He had an undefinable appeal.,He had a pending appeal.,appeal,appeal,Different Sense,0.09932821989059448,7,0.714285714,8,6,2,405334016,EleutherAI/pythia-410m,step8,seed6,6,8
He had an undefinable appeal.,He had a pending appeal.,appeal,appeal,Different Sense,0.1029822826385498,8,0.714285714,8,6,2,405334016,EleutherAI/pythia-410m,step8,seed6,6,8
He had an undefinable appeal.,He had a pending appeal.,appeal,appeal,Different Sense,0.09732192754745483,9,0.714285714,8,6,2,405334016,EleutherAI/pythia-410m,step8,seed6,6,8
He had an undefinable appeal.,He had a pending appeal.,appeal,appeal,Different Sense,0.10206979513168335,10,0.714285714,8,6,2,405334016,EleutherAI/pythia-410m,step8,seed6,6,8
He had an undefinable appeal.,He had a pending appeal.,appeal,appeal,Different Sense,0.09969401359558105,11,0.714285714,8,6,2,405334016,EleutherAI/pythia-410m,step8,seed6,6,8
He had an undefinable appeal.,He had a pending appeal.,appeal,appeal,Different Sense,0.1004454493522644,12,0.714285714,8,6,2,405334016,EleutherAI/pythia-410m,step8,seed6,6,8
He had an undefinable appeal.,He had a pending appeal.,appeal,appeal,Different Sense,0.10114836692810059,13,0.714285714,8,6,2,405334016,EleutherAI/pythia-410m,step8,seed6,6,8
He had an undefinable appeal.,He had a pending appeal.,appeal,appeal,Different Sense,0.09835118055343628,14,0.714285714,8,6,2,405334016,EleutherAI/pythia-410m,step8,seed6,6,8
He had an undefinable appeal.,He had a pending appeal.,appeal,appeal,Different Sense,0.0971759557723999,15,0.714285714,8,6,2,405334016,EleutherAI/pythia-410m,step8,seed6,6,8
He had an undefinable appeal.,He had a pending appeal.,appeal,appeal,Different Sense,0.09770476818084717,16,0.714285714,8,6,2,405334016,EleutherAI/pythia-410m,step8,seed6,6,8
He had an undefinable appeal.,He had a pending appeal.,appeal,appeal,Different Sense,0.09545016288757324,17,0.714285714,8,6,2,405334016,EleutherAI/pythia-410m,step8,seed6,6,8
He had an undefinable appeal.,He had a pending appeal.,appeal,appeal,Different Sense,0.09497213363647461,18,0.714285714,8,6,2,405334016,EleutherAI/pythia-410m,step8,seed6,6,8
He had an undefinable appeal.,He had a pending appeal.,appeal,appeal,Different Sense,0.0930260419845581,19,0.714285714,8,6,2,405334016,EleutherAI/pythia-410m,step8,seed6,6,8
He had an undefinable appeal.,He had a pending appeal.,appeal,appeal,Different Sense,0.09104925394058228,20,0.714285714,8,6,2,405334016,EleutherAI/pythia-410m,step8,seed6,6,8
He had an undefinable appeal.,He had a pending appeal.,appeal,appeal,Different Sense,0.09210324287414551,21,0.714285714,8,6,2,405334016,EleutherAI/pythia-410m,step8,seed6,6,8
He had an undefinable appeal.,He had a pending appeal.,appeal,appeal,Different Sense,0.08798754215240479,22,0.714285714,8,6,2,405334016,EleutherAI/pythia-410m,step8,seed6,6,8
He had an undefinable appeal.,He had a pending appeal.,appeal,appeal,Different Sense,0.08400052785873413,23,0.714285714,8,6,2,405334016,EleutherAI/pythia-410m,step8,seed6,6,8
He had an undefinable appeal.,He had a pending appeal.,appeal,appeal,Different Sense,0.08353722095489502,24,0.714285714,8,6,2,405334016,EleutherAI/pythia-410m,step8,seed6,6,8
He had a universal appeal.,He had an undefinable appeal.,appeal,appeal,Same Sense,0.0,0,3.7,6,8,2,405334016,EleutherAI/pythia-410m,step8,seed6,6,8
He had a universal appeal.,He had an undefinable appeal.,appeal,appeal,Same Sense,0.060089290142059326,1,3.7,6,8,2,405334016,EleutherAI/pythia-410m,step8,seed6,6,8
He had a universal appeal.,He had an undefinable appeal.,appeal,appeal,Same Sense,0.07884567975997925,2,3.7,6,8,2,405334016,EleutherAI/pythia-410m,step8,seed6,6,8
He had a universal appeal.,He had an undefinable appeal.,appeal,appeal,Same Sense,0.09437155723571777,3,3.7,6,8,2,405334016,EleutherAI/pythia-410m,step8,seed6,6,8
He had a universal appeal.,He had an undefinable appeal.,appeal,appeal,Same Sense,0.09726852178573608,4,3.7,6,8,2,405334016,EleutherAI/pythia-410m,step8,seed6,6,8
He had a universal appeal.,He had an undefinable appeal.,appeal,appeal,Same Sense,0.10565000772476196,5,3.7,6,8,2,405334016,EleutherAI/pythia-410m,step8,seed6,6,8
He had a universal appeal.,He had an undefinable appeal.,appeal,appeal,Same Sense,0.10913187265396118,6,3.7,6,8,2,405334016,EleutherAI/pythia-410m,step8,seed6,6,8
He had a universal appeal.,He had an undefinable appeal.,appeal,appeal,Same Sense,0.10988724231719971,7,3.7,6,8,2,405334016,EleutherAI/pythia-410m,step8,seed6,6,8
He had a universal appeal.,He had an undefinable appeal.,appeal,appeal,Same Sense,0.1135258674621582,8,3.7,6,8,2,405334016,EleutherAI/pythia-410m,step8,seed6,6,8
He had a universal appeal.,He had an undefinable appeal.,appeal,appeal,Same Sense,0.108318030834198,9,3.7,6,8,2,405334016,EleutherAI/pythia-410m,step8,seed6,6,8
He had a universal appeal.,He had an undefinable appeal.,appeal,appeal,Same Sense,0.11501449346542358,10,3.7,6,8,2,405334016,EleutherAI/pythia-410m,step8,seed6,6,8
He had a universal appeal.,He had an undefinable appeal.,appeal,appeal,Same Sense,0.11173057556152344,11,3.7,6,8,2,405334016,EleutherAI/pythia-410m,step8,seed6,6,8
He had a universal appeal.,He had an undefinable appeal.,appeal,appeal,Same Sense,0.11395138502120972,12,3.7,6,8,2,405334016,EleutherAI/pythia-410m,step8,seed6,6,8
He had a universal appeal.,He had an undefinable appeal.,appeal,appeal,Same Sense,0.11641430854797363,13,3.7,6,8,2,405334016,EleutherAI/pythia-410m,step8,seed6,6,8
He had a universal appeal.,He had an undefinable appeal.,appeal,appeal,Same Sense,0.11212664842605591,14,3.7,6,8,2,405334016,EleutherAI/pythia-410m,step8,seed6,6,8
He had a universal appeal.,He had an undefinable appeal.,appeal,appeal,Same Sense,0.11269378662109375,15,3.7,6,8,2,405334016,EleutherAI/pythia-410m,step8,seed6,6,8
He had a universal appeal.,He had an undefinable appeal.,appeal,appeal,Same Sense,0.11109656095504761,16,3.7,6,8,2,405334016,EleutherAI/pythia-410m,step8,seed6,6,8
He had a universal appeal.,He had an undefinable appeal.,appeal,appeal,Same Sense,0.11174440383911133,17,3.7,6,8,2,405334016,EleutherAI/pythia-410m,step8,seed6,6,8
He had a universal appeal.,He had an undefinable appeal.,appeal,appeal,Same Sense,0.1101386547088623,18,3.7,6,8,2,405334016,EleutherAI/pythia-410m,step8,seed6,6,8
He had a universal appeal.,He had an undefinable appeal.,appeal,appeal,Same Sense,0.10701924562454224,19,3.7,6,8,2,405334016,EleutherAI/pythia-410m,step8,seed6,6,8
He had a universal appeal.,He had an undefinable appeal.,appeal,appeal,Same Sense,0.10554158687591553,20,3.7,6,8,2,405334016,EleutherAI/pythia-410m,step8,seed6,6,8
He had a universal appeal.,He had an undefinable appeal.,appeal,appeal,Same Sense,0.10558491945266724,21,3.7,6,8,2,405334016,EleutherAI/pythia-410m,step8,seed6,6,8
He had a universal appeal.,He had an undefinable appeal.,appeal,appeal,Same Sense,0.10026329755783081,22,3.7,6,8,2,405334016,EleutherAI/pythia-410m,step8,seed6,6,8
He had a universal appeal.,He had an undefinable appeal.,appeal,appeal,Same Sense,0.0961068868637085,23,3.7,6,8,2,405334016,EleutherAI/pythia-410m,step8,seed6,6,8
He had a universal appeal.,He had an undefinable appeal.,appeal,appeal,Same Sense,0.09413915872573853,24,3.7,6,8,2,405334016,EleutherAI/pythia-410m,step8,seed6,6,8
He had a legal appeal.,He had a pending appeal.,appeal,appeal,Same Sense,0.0,0,3.272727273,6,6,0,405334016,EleutherAI/pythia-410m,step8,seed6,6,8
He had a legal appeal.,He had a pending appeal.,appeal,appeal,Same Sense,0.023080885410308838,1,3.272727273,6,6,0,405334016,EleutherAI/pythia-410m,step8,seed6,6,8
He had a legal appeal.,He had a pending appeal.,appeal,appeal,Same Sense,0.030349791049957275,2,3.272727273,6,6,0,405334016,EleutherAI/pythia-410m,step8,seed6,6,8
He had a legal appeal.,He had a pending appeal.,appeal,appeal,Same Sense,0.03463393449783325,3,3.272727273,6,6,0,405334016,EleutherAI/pythia-410m,step8,seed6,6,8
He had a legal appeal.,He had a pending appeal.,appeal,appeal,Same Sense,0.03617680072784424,4,3.272727273,6,6,0,405334016,EleutherAI/pythia-410m,step8,seed6,6,8
He had a legal appeal.,He had a pending appeal.,appeal,appeal,Same Sense,0.0389484167098999,5,3.272727273,6,6,0,405334016,EleutherAI/pythia-410m,step8,seed6,6,8
He had a legal appeal.,He had a pending appeal.,appeal,appeal,Same Sense,0.03729766607284546,6,3.272727273,6,6,0,405334016,EleutherAI/pythia-410m,step8,seed6,6,8
He had a legal appeal.,He had a pending appeal.,appeal,appeal,Same Sense,0.03753840923309326,7,3.272727273,6,6,0,405334016,EleutherAI/pythia-410m,step8,seed6,6,8
He had a legal appeal.,He had a pending appeal.,appeal,appeal,Same Sense,0.03813248872756958,8,3.272727273,6,6,0,405334016,EleutherAI/pythia-410m,step8,seed6,6,8
He had a legal appeal.,He had a pending appeal.,appeal,appeal,Same Sense,0.03712606430053711,9,3.272727273,6,6,0,405334016,EleutherAI/pythia-410m,step8,seed6,6,8
He had a legal appeal.,He had a pending appeal.,appeal,appeal,Same Sense,0.0382114052772522,10,3.272727273,6,6,0,405334016,EleutherAI/pythia-410m,step8,seed6,6,8
He had a legal appeal.,He had a pending appeal.,appeal,appeal,Same Sense,0.037480831146240234,11,3.272727273,6,6,0,405334016,EleutherAI/pythia-410m,step8,seed6,6,8
He had a legal appeal.,He had a pending appeal.,appeal,appeal,Same Sense,0.038162410259246826,12,3.272727273,6,6,0,405334016,EleutherAI/pythia-410m,step8,seed6,6,8
He had a legal appeal.,He had a pending appeal.,appeal,appeal,Same Sense,0.03955960273742676,13,3.272727273,6,6,0,405334016,EleutherAI/pythia-410m,step8,seed6,6,8
He had a legal appeal.,He had a pending appeal.,appeal,appeal,Same Sense,0.037372052669525146,14,3.272727273,6,6,0,405334016,EleutherAI/pythia-410m,step8,seed6,6,8
He had a legal appeal.,He had a pending appeal.,appeal,appeal,Same Sense,0.036522865295410156,15,3.272727273,6,6,0,405334016,EleutherAI/pythia-410m,step8,seed6,6,8
He had a legal appeal.,He had a pending appeal.,appeal,appeal,Same Sense,0.03653329610824585,16,3.272727273,6,6,0,405334016,EleutherAI/pythia-410m,step8,seed6,6,8
He had a legal appeal.,He had a pending appeal.,appeal,appeal,Same Sense,0.03570544719696045,17,3.272727273,6,6,0,405334016,EleutherAI/pythia-410m,step8,seed6,6,8
He had a legal appeal.,He had a pending appeal.,appeal,appeal,Same Sense,0.035354554653167725,18,3.272727273,6,6,0,405334016,EleutherAI/pythia-410m,step8,seed6,6,8
He had a legal appeal.,He had a pending appeal.,appeal,appeal,Same Sense,0.034699976444244385,19,3.272727273,6,6,0,405334016,EleutherAI/pythia-410m,step8,seed6,6,8
He had a legal appeal.,He had a pending appeal.,appeal,appeal,Same Sense,0.03480255603790283,20,3.272727273,6,6,0,405334016,EleutherAI/pythia-410m,step8,seed6,6,8
He had a legal appeal.,He had a pending appeal.,appeal,appeal,Same Sense,0.03516793251037598,21,3.272727273,6,6,0,405334016,EleutherAI/pythia-410m,step8,seed6,6,8
He had a legal appeal.,He had a pending appeal.,appeal,appeal,Same Sense,0.03406602144241333,22,3.272727273,6,6,0,405334016,EleutherAI/pythia-410m,step8,seed6,6,8
He had a legal appeal.,He had a pending appeal.,appeal,appeal,Same Sense,0.03277331590652466,23,3.272727273,6,6,0,405334016,EleutherAI/pythia-410m,step8,seed6,6,8
He had a legal appeal.,He had a pending appeal.,appeal,appeal,Same Sense,0.03257030248641968,24,3.272727273,6,6,0,405334016,EleutherAI/pythia-410m,step8,seed6,6,8
It was a tense atmosphere.,It was a gaseous atmosphere.,atmosphere,atmosphere,Different Sense,0.0,0,1.214285714,6,6,0,405334016,EleutherAI/pythia-410m,step8,seed6,6,8
It was a tense atmosphere.,It was a gaseous atmosphere.,atmosphere,atmosphere,Different Sense,0.02393418550491333,1,1.214285714,6,6,0,405334016,EleutherAI/pythia-410m,step8,seed6,6,8
It was a tense atmosphere.,It was a gaseous atmosphere.,atmosphere,atmosphere,Different Sense,0.03191959857940674,2,1.214285714,6,6,0,405334016,EleutherAI/pythia-410m,step8,seed6,6,8
It was a tense atmosphere.,It was a gaseous atmosphere.,atmosphere,atmosphere,Different Sense,0.032987236976623535,3,1.214285714,6,6,0,405334016,EleutherAI/pythia-410m,step8,seed6,6,8
It was a tense atmosphere.,It was a gaseous atmosphere.,atmosphere,atmosphere,Different Sense,0.036568522453308105,4,1.214285714,6,6,0,405334016,EleutherAI/pythia-410m,step8,seed6,6,8
It was a tense atmosphere.,It was a gaseous atmosphere.,atmosphere,atmosphere,Different Sense,0.03553265333175659,5,1.214285714,6,6,0,405334016,EleutherAI/pythia-410m,step8,seed6,6,8
It was a tense atmosphere.,It was a gaseous atmosphere.,atmosphere,atmosphere,Different Sense,0.03575247526168823,6,1.214285714,6,6,0,405334016,EleutherAI/pythia-410m,step8,seed6,6,8
It was a tense atmosphere.,It was a gaseous atmosphere.,atmosphere,atmosphere,Different Sense,0.037872910499572754,7,1.214285714,6,6,0,405334016,EleutherAI/pythia-410m,step8,seed6,6,8
It was a tense atmosphere.,It was a gaseous atmosphere.,atmosphere,atmosphere,Different Sense,0.03657263517379761,8,1.214285714,6,6,0,405334016,EleutherAI/pythia-410m,step8,seed6,6,8
It was a tense atmosphere.,It was a gaseous atmosphere.,atmosphere,atmosphere,Different Sense,0.037480950355529785,9,1.214285714,6,6,0,405334016,EleutherAI/pythia-410m,step8,seed6,6,8
It was a tense atmosphere.,It was a gaseous atmosphere.,atmosphere,atmosphere,Different Sense,0.03751564025878906,10,1.214285714,6,6,0,405334016,EleutherAI/pythia-410m,step8,seed6,6,8
It was a tense atmosphere.,It was a gaseous atmosphere.,atmosphere,atmosphere,Different Sense,0.0369335412979126,11,1.214285714,6,6,0,405334016,EleutherAI/pythia-410m,step8,seed6,6,8
It was a tense atmosphere.,It was a gaseous atmosphere.,atmosphere,atmosphere,Different Sense,0.037976622581481934,12,1.214285714,6,6,0,405334016,EleutherAI/pythia-410m,step8,seed6,6,8
It was a tense atmosphere.,It was a gaseous atmosphere.,atmosphere,atmosphere,Different Sense,0.03692501783370972,13,1.214285714,6,6,0,405334016,EleutherAI/pythia-410m,step8,seed6,6,8
It was a tense atmosphere.,It was a gaseous atmosphere.,atmosphere,atmosphere,Different Sense,0.03709232807159424,14,1.214285714,6,6,0,405334016,EleutherAI/pythia-410m,step8,seed6,6,8
It was a tense atmosphere.,It was a gaseous atmosphere.,atmosphere,atmosphere,Different Sense,0.03720301389694214,15,1.214285714,6,6,0,405334016,EleutherAI/pythia-410m,step8,seed6,6,8
It was a tense atmosphere.,It was a gaseous atmosphere.,atmosphere,atmosphere,Different Sense,0.03635609149932861,16,1.214285714,6,6,0,405334016,EleutherAI/pythia-410m,step8,seed6,6,8
It was a tense atmosphere.,It was a gaseous atmosphere.,atmosphere,atmosphere,Different Sense,0.036683857440948486,17,1.214285714,6,6,0,405334016,EleutherAI/pythia-410m,step8,seed6,6,8
It was a tense atmosphere.,It was a gaseous atmosphere.,atmosphere,atmosphere,Different Sense,0.03520536422729492,18,1.214285714,6,6,0,405334016,EleutherAI/pythia-410m,step8,seed6,6,8
It was a tense atmosphere.,It was a gaseous atmosphere.,atmosphere,atmosphere,Different Sense,0.03457289934158325,19,1.214285714,6,6,0,405334016,EleutherAI/pythia-410m,step8,seed6,6,8
It was a tense atmosphere.,It was a gaseous atmosphere.,atmosphere,atmosphere,Different Sense,0.03424072265625,20,1.214285714,6,6,0,405334016,EleutherAI/pythia-410m,step8,seed6,6,8
It was a tense atmosphere.,It was a gaseous atmosphere.,atmosphere,atmosphere,Different Sense,0.03470313549041748,21,1.214285714,6,6,0,405334016,EleutherAI/pythia-410m,step8,seed6,6,8
It was a tense atmosphere.,It was a gaseous atmosphere.,atmosphere,atmosphere,Different Sense,0.03413349390029907,22,1.214285714,6,6,0,405334016,EleutherAI/pythia-410m,step8,seed6,6,8
It was a tense atmosphere.,It was a gaseous atmosphere.,atmosphere,atmosphere,Different Sense,0.03292346000671387,23,1.214285714,6,6,0,405334016,EleutherAI/pythia-410m,step8,seed6,6,8
It was a tense atmosphere.,It was a gaseous atmosphere.,atmosphere,atmosphere,Different Sense,0.03188455104827881,24,1.214285714,6,6,0,405334016,EleutherAI/pythia-410m,step8,seed6,6,8
It was a tense atmosphere.,It was a polluted atmosphere.,atmosphere,atmosphere,Different Sense,0.0,0,1.846153846,6,7,1,405334016,EleutherAI/pythia-410m,step8,seed6,6,8
It was a tense atmosphere.,It was a polluted atmosphere.,atmosphere,atmosphere,Different Sense,0.03147101402282715,1,1.846153846,6,7,1,405334016,EleutherAI/pythia-410m,step8,seed6,6,8
It was a tense atmosphere.,It was a polluted atmosphere.,atmosphere,atmosphere,Different Sense,0.041953325271606445,2,1.846153846,6,7,1,405334016,EleutherAI/pythia-410m,step8,seed6,6,8
It was a tense atmosphere.,It was a polluted atmosphere.,atmosphere,atmosphere,Different Sense,0.04465079307556152,3,1.846153846,6,7,1,405334016,EleutherAI/pythia-410m,step8,seed6,6,8
It was a tense atmosphere.,It was a polluted atmosphere.,atmosphere,atmosphere,Different Sense,0.04615288972854614,4,1.846153846,6,7,1,405334016,EleutherAI/pythia-410m,step8,seed6,6,8
It was a tense atmosphere.,It was a polluted atmosphere.,atmosphere,atmosphere,Different Sense,0.046210408210754395,5,1.846153846,6,7,1,405334016,EleutherAI/pythia-410m,step8,seed6,6,8
It was a tense atmosphere.,It was a polluted atmosphere.,atmosphere,atmosphere,Different Sense,0.046821773052215576,6,1.846153846,6,7,1,405334016,EleutherAI/pythia-410m,step8,seed6,6,8
It was a tense atmosphere.,It was a polluted atmosphere.,atmosphere,atmosphere,Different Sense,0.0488092303276062,7,1.846153846,6,7,1,405334016,EleutherAI/pythia-410m,step8,seed6,6,8
It was a tense atmosphere.,It was a polluted atmosphere.,atmosphere,atmosphere,Different Sense,0.046718478202819824,8,1.846153846,6,7,1,405334016,EleutherAI/pythia-410m,step8,seed6,6,8
It was a tense atmosphere.,It was a polluted atmosphere.,atmosphere,atmosphere,Different Sense,0.04722529649734497,9,1.846153846,6,7,1,405334016,EleutherAI/pythia-410m,step8,seed6,6,8
It was a tense atmosphere.,It was a polluted atmosphere.,atmosphere,atmosphere,Different Sense,0.04781621694564819,10,1.846153846,6,7,1,405334016,EleutherAI/pythia-410m,step8,seed6,6,8
It was a tense atmosphere.,It was a polluted atmosphere.,atmosphere,atmosphere,Different Sense,0.04606485366821289,11,1.846153846,6,7,1,405334016,EleutherAI/pythia-410m,step8,seed6,6,8
It was a tense atmosphere.,It was a polluted atmosphere.,atmosphere,atmosphere,Different Sense,0.046575188636779785,12,1.846153846,6,7,1,405334016,EleutherAI/pythia-410m,step8,seed6,6,8
It was a tense atmosphere.,It was a polluted atmosphere.,atmosphere,atmosphere,Different Sense,0.04690068960189819,13,1.846153846,6,7,1,405334016,EleutherAI/pythia-410m,step8,seed6,6,8
It was a tense atmosphere.,It was a polluted atmosphere.,atmosphere,atmosphere,Different Sense,0.04689168930053711,14,1.846153846,6,7,1,405334016,EleutherAI/pythia-410m,step8,seed6,6,8
It was a tense atmosphere.,It was a polluted atmosphere.,atmosphere,atmosphere,Different Sense,0.047598838806152344,15,1.846153846,6,7,1,405334016,EleutherAI/pythia-410m,step8,seed6,6,8
It was a tense atmosphere.,It was a polluted atmosphere.,atmosphere,atmosphere,Different Sense,0.04621577262878418,16,1.846153846,6,7,1,405334016,EleutherAI/pythia-410m,step8,seed6,6,8
It was a tense atmosphere.,It was a polluted atmosphere.,atmosphere,atmosphere,Different Sense,0.04677271842956543,17,1.846153846,6,7,1,405334016,EleutherAI/pythia-410m,step8,seed6,6,8
It was a tense atmosphere.,It was a polluted atmosphere.,atmosphere,atmosphere,Different Sense,0.04622948169708252,18,1.846153846,6,7,1,405334016,EleutherAI/pythia-410m,step8,seed6,6,8
It was a tense atmosphere.,It was a polluted atmosphere.,atmosphere,atmosphere,Different Sense,0.04581403732299805,19,1.846153846,6,7,1,405334016,EleutherAI/pythia-410m,step8,seed6,6,8
It was a tense atmosphere.,It was a polluted atmosphere.,atmosphere,atmosphere,Different Sense,0.04507279396057129,20,1.846153846,6,7,1,405334016,EleutherAI/pythia-410m,step8,seed6,6,8
It was a tense atmosphere.,It was a polluted atmosphere.,atmosphere,atmosphere,Different Sense,0.04504364728927612,21,1.846153846,6,7,1,405334016,EleutherAI/pythia-410m,step8,seed6,6,8
It was a tense atmosphere.,It was a polluted atmosphere.,atmosphere,atmosphere,Different Sense,0.044789254665374756,22,1.846153846,6,7,1,405334016,EleutherAI/pythia-410m,step8,seed6,6,8
It was a tense atmosphere.,It was a polluted atmosphere.,atmosphere,atmosphere,Different Sense,0.04421186447143555,23,1.846153846,6,7,1,405334016,EleutherAI/pythia-410m,step8,seed6,6,8
It was a tense atmosphere.,It was a polluted atmosphere.,atmosphere,atmosphere,Different Sense,0.043044984340667725,24,1.846153846,6,7,1,405334016,EleutherAI/pythia-410m,step8,seed6,6,8
It was a hostile atmosphere.,It was a gaseous atmosphere.,atmosphere,atmosphere,Different Sense,0.0,0,1.538461538,6,6,0,405334016,EleutherAI/pythia-410m,step8,seed6,6,8
It was a hostile atmosphere.,It was a gaseous atmosphere.,atmosphere,atmosphere,Different Sense,0.02021324634552002,1,1.538461538,6,6,0,405334016,EleutherAI/pythia-410m,step8,seed6,6,8
It was a hostile atmosphere.,It was a gaseous atmosphere.,atmosphere,atmosphere,Different Sense,0.02880042791366577,2,1.538461538,6,6,0,405334016,EleutherAI/pythia-410m,step8,seed6,6,8
It was a hostile atmosphere.,It was a gaseous atmosphere.,atmosphere,atmosphere,Different Sense,0.030799031257629395,3,1.538461538,6,6,0,405334016,EleutherAI/pythia-410m,step8,seed6,6,8
It was a hostile atmosphere.,It was a gaseous atmosphere.,atmosphere,atmosphere,Different Sense,0.03172081708908081,4,1.538461538,6,6,0,405334016,EleutherAI/pythia-410m,step8,seed6,6,8
It was a hostile atmosphere.,It was a gaseous atmosphere.,atmosphere,atmosphere,Different Sense,0.032795488834381104,5,1.538461538,6,6,0,405334016,EleutherAI/pythia-410m,step8,seed6,6,8
It was a hostile atmosphere.,It was a gaseous atmosphere.,atmosphere,atmosphere,Different Sense,0.03404492139816284,6,1.538461538,6,6,0,405334016,EleutherAI/pythia-410m,step8,seed6,6,8
It was a hostile atmosphere.,It was a gaseous atmosphere.,atmosphere,atmosphere,Different Sense,0.03372788429260254,7,1.538461538,6,6,0,405334016,EleutherAI/pythia-410m,step8,seed6,6,8
It was a hostile atmosphere.,It was a gaseous atmosphere.,atmosphere,atmosphere,Different Sense,0.03349006175994873,8,1.538461538,6,6,0,405334016,EleutherAI/pythia-410m,step8,seed6,6,8
It was a hostile atmosphere.,It was a gaseous atmosphere.,atmosphere,atmosphere,Different Sense,0.03494745492935181,9,1.538461538,6,6,0,405334016,EleutherAI/pythia-410m,step8,seed6,6,8
It was a hostile atmosphere.,It was a gaseous atmosphere.,atmosphere,atmosphere,Different Sense,0.03500181436538696,10,1.538461538,6,6,0,405334016,EleutherAI/pythia-410m,step8,seed6,6,8
It was a hostile atmosphere.,It was a gaseous atmosphere.,atmosphere,atmosphere,Different Sense,0.035581231117248535,11,1.538461538,6,6,0,405334016,EleutherAI/pythia-410m,step8,seed6,6,8
It was a hostile atmosphere.,It was a gaseous atmosphere.,atmosphere,atmosphere,Different Sense,0.03748732805252075,12,1.538461538,6,6,0,405334016,EleutherAI/pythia-410m,step8,seed6,6,8
It was a hostile atmosphere.,It was a gaseous atmosphere.,atmosphere,atmosphere,Different Sense,0.03776448965072632,13,1.538461538,6,6,0,405334016,EleutherAI/pythia-410m,step8,seed6,6,8
It was a hostile atmosphere.,It was a gaseous atmosphere.,atmosphere,atmosphere,Different Sense,0.03841608762741089,14,1.538461538,6,6,0,405334016,EleutherAI/pythia-410m,step8,seed6,6,8
It was a hostile atmosphere.,It was a gaseous atmosphere.,atmosphere,atmosphere,Different Sense,0.038715481758117676,15,1.538461538,6,6,0,405334016,EleutherAI/pythia-410m,step8,seed6,6,8
It was a hostile atmosphere.,It was a gaseous atmosphere.,atmosphere,atmosphere,Different Sense,0.03713858127593994,16,1.538461538,6,6,0,405334016,EleutherAI/pythia-410m,step8,seed6,6,8
It was a hostile atmosphere.,It was a gaseous atmosphere.,atmosphere,atmosphere,Different Sense,0.03717249631881714,17,1.538461538,6,6,0,405334016,EleutherAI/pythia-410m,step8,seed6,6,8
It was a hostile atmosphere.,It was a gaseous atmosphere.,atmosphere,atmosphere,Different Sense,0.03728741407394409,18,1.538461538,6,6,0,405334016,EleutherAI/pythia-410m,step8,seed6,6,8
It was a hostile atmosphere.,It was a gaseous atmosphere.,atmosphere,atmosphere,Different Sense,0.03691905736923218,19,1.538461538,6,6,0,405334016,EleutherAI/pythia-410m,step8,seed6,6,8
It was a hostile atmosphere.,It was a gaseous atmosphere.,atmosphere,atmosphere,Different Sense,0.03567224740982056,20,1.538461538,6,6,0,405334016,EleutherAI/pythia-410m,step8,seed6,6,8
It was a hostile atmosphere.,It was a gaseous atmosphere.,atmosphere,atmosphere,Different Sense,0.03678488731384277,21,1.538461538,6,6,0,405334016,EleutherAI/pythia-410m,step8,seed6,6,8
It was a hostile atmosphere.,It was a gaseous atmosphere.,atmosphere,atmosphere,Different Sense,0.03585571050643921,22,1.538461538,6,6,0,405334016,EleutherAI/pythia-410m,step8,seed6,6,8
It was a hostile atmosphere.,It was a gaseous atmosphere.,atmosphere,atmosphere,Different Sense,0.034258246421813965,23,1.538461538,6,6,0,405334016,EleutherAI/pythia-410m,step8,seed6,6,8
It was a hostile atmosphere.,It was a gaseous atmosphere.,atmosphere,atmosphere,Different Sense,0.03389763832092285,24,1.538461538,6,6,0,405334016,EleutherAI/pythia-410m,step8,seed6,6,8
It was a hostile atmosphere.,It was a polluted atmosphere.,atmosphere,atmosphere,Different Sense,0.0,0,2.181818182,6,7,1,405334016,EleutherAI/pythia-410m,step8,seed6,6,8
It was a hostile atmosphere.,It was a polluted atmosphere.,atmosphere,atmosphere,Different Sense,0.029497802257537842,1,2.181818182,6,7,1,405334016,EleutherAI/pythia-410m,step8,seed6,6,8
It was a hostile atmosphere.,It was a polluted atmosphere.,atmosphere,atmosphere,Different Sense,0.03892236948013306,2,2.181818182,6,7,1,405334016,EleutherAI/pythia-410m,step8,seed6,6,8
It was a hostile atmosphere.,It was a polluted atmosphere.,atmosphere,atmosphere,Different Sense,0.038826942443847656,3,2.181818182,6,7,1,405334016,EleutherAI/pythia-410m,step8,seed6,6,8
It was a hostile atmosphere.,It was a polluted atmosphere.,atmosphere,atmosphere,Different Sense,0.040029942989349365,4,2.181818182,6,7,1,405334016,EleutherAI/pythia-410m,step8,seed6,6,8
It was a hostile atmosphere.,It was a polluted atmosphere.,atmosphere,atmosphere,Different Sense,0.03997987508773804,5,2.181818182,6,7,1,405334016,EleutherAI/pythia-410m,step8,seed6,6,8
It was a hostile atmosphere.,It was a polluted atmosphere.,atmosphere,atmosphere,Different Sense,0.040826499462127686,6,2.181818182,6,7,1,405334016,EleutherAI/pythia-410m,step8,seed6,6,8
It was a hostile atmosphere.,It was a polluted atmosphere.,atmosphere,atmosphere,Different Sense,0.043006956577301025,7,2.181818182,6,7,1,405334016,EleutherAI/pythia-410m,step8,seed6,6,8
It was a hostile atmosphere.,It was a polluted atmosphere.,atmosphere,atmosphere,Different Sense,0.04157710075378418,8,2.181818182,6,7,1,405334016,EleutherAI/pythia-410m,step8,seed6,6,8
It was a hostile atmosphere.,It was a polluted atmosphere.,atmosphere,atmosphere,Different Sense,0.04158902168273926,9,2.181818182,6,7,1,405334016,EleutherAI/pythia-410m,step8,seed6,6,8
It was a hostile atmosphere.,It was a polluted atmosphere.,atmosphere,atmosphere,Different Sense,0.04249143600463867,10,2.181818182,6,7,1,405334016,EleutherAI/pythia-410m,step8,seed6,6,8
It was a hostile atmosphere.,It was a polluted atmosphere.,atmosphere,atmosphere,Different Sense,0.04115641117095947,11,2.181818182,6,7,1,405334016,EleutherAI/pythia-410m,step8,seed6,6,8
It was a hostile atmosphere.,It was a polluted atmosphere.,atmosphere,atmosphere,Different Sense,0.04226595163345337,12,2.181818182,6,7,1,405334016,EleutherAI/pythia-410m,step8,seed6,6,8
It was a hostile atmosphere.,It was a polluted atmosphere.,atmosphere,atmosphere,Different Sense,0.04235738515853882,13,2.181818182,6,7,1,405334016,EleutherAI/pythia-410m,step8,seed6,6,8
It was a hostile atmosphere.,It was a polluted atmosphere.,atmosphere,atmosphere,Different Sense,0.04373711347579956,14,2.181818182,6,7,1,405334016,EleutherAI/pythia-410m,step8,seed6,6,8
It was a hostile atmosphere.,It was a polluted atmosphere.,atmosphere,atmosphere,Different Sense,0.04275023937225342,15,2.181818182,6,7,1,405334016,EleutherAI/pythia-410m,step8,seed6,6,8
It was a hostile atmosphere.,It was a polluted atmosphere.,atmosphere,atmosphere,Different Sense,0.04124033451080322,16,2.181818182,6,7,1,405334016,EleutherAI/pythia-410m,step8,seed6,6,8
It was a hostile atmosphere.,It was a polluted atmosphere.,atmosphere,atmosphere,Different Sense,0.041046738624572754,17,2.181818182,6,7,1,405334016,EleutherAI/pythia-410m,step8,seed6,6,8
It was a hostile atmosphere.,It was a polluted atmosphere.,atmosphere,atmosphere,Different Sense,0.04113215208053589,18,2.181818182,6,7,1,405334016,EleutherAI/pythia-410m,step8,seed6,6,8
It was a hostile atmosphere.,It was a polluted atmosphere.,atmosphere,atmosphere,Different Sense,0.0410427451133728,19,2.181818182,6,7,1,405334016,EleutherAI/pythia-410m,step8,seed6,6,8
It was a hostile atmosphere.,It was a polluted atmosphere.,atmosphere,atmosphere,Different Sense,0.03984332084655762,20,2.181818182,6,7,1,405334016,EleutherAI/pythia-410m,step8,seed6,6,8
It was a hostile atmosphere.,It was a polluted atmosphere.,atmosphere,atmosphere,Different Sense,0.040249526500701904,21,2.181818182,6,7,1,405334016,EleutherAI/pythia-410m,step8,seed6,6,8
It was a hostile atmosphere.,It was a polluted atmosphere.,atmosphere,atmosphere,Different Sense,0.039839982986450195,22,2.181818182,6,7,1,405334016,EleutherAI/pythia-410m,step8,seed6,6,8
It was a hostile atmosphere.,It was a polluted atmosphere.,atmosphere,atmosphere,Different Sense,0.03845435380935669,23,2.181818182,6,7,1,405334016,EleutherAI/pythia-410m,step8,seed6,6,8
It was a hostile atmosphere.,It was a polluted atmosphere.,atmosphere,atmosphere,Different Sense,0.038197100162506104,24,2.181818182,6,7,1,405334016,EleutherAI/pythia-410m,step8,seed6,6,8
It was a tense atmosphere.,It was a hostile atmosphere.,atmosphere,atmosphere,Same Sense,0.0,0,4.0,6,6,0,405334016,EleutherAI/pythia-410m,step8,seed6,6,8
It was a tense atmosphere.,It was a hostile atmosphere.,atmosphere,atmosphere,Same Sense,0.02427196502685547,1,4.0,6,6,0,405334016,EleutherAI/pythia-410m,step8,seed6,6,8
It was a tense atmosphere.,It was a hostile atmosphere.,atmosphere,atmosphere,Same Sense,0.029838919639587402,2,4.0,6,6,0,405334016,EleutherAI/pythia-410m,step8,seed6,6,8
It was a tense atmosphere.,It was a hostile atmosphere.,atmosphere,atmosphere,Same Sense,0.030851364135742188,3,4.0,6,6,0,405334016,EleutherAI/pythia-410m,step8,seed6,6,8
It was a tense atmosphere.,It was a hostile atmosphere.,atmosphere,atmosphere,Same Sense,0.034193217754364014,4,4.0,6,6,0,405334016,EleutherAI/pythia-410m,step8,seed6,6,8
It was a tense atmosphere.,It was a hostile atmosphere.,atmosphere,atmosphere,Same Sense,0.03442108631134033,5,4.0,6,6,0,405334016,EleutherAI/pythia-410m,step8,seed6,6,8
It was a tense atmosphere.,It was a hostile atmosphere.,atmosphere,atmosphere,Same Sense,0.03438478708267212,6,4.0,6,6,0,405334016,EleutherAI/pythia-410m,step8,seed6,6,8
It was a tense atmosphere.,It was a hostile atmosphere.,atmosphere,atmosphere,Same Sense,0.0365983247756958,7,4.0,6,6,0,405334016,EleutherAI/pythia-410m,step8,seed6,6,8
It was a tense atmosphere.,It was a hostile atmosphere.,atmosphere,atmosphere,Same Sense,0.034835100173950195,8,4.0,6,6,0,405334016,EleutherAI/pythia-410m,step8,seed6,6,8
It was a tense atmosphere.,It was a hostile atmosphere.,atmosphere,atmosphere,Same Sense,0.03491467237472534,9,4.0,6,6,0,405334016,EleutherAI/pythia-410m,step8,seed6,6,8
It was a tense atmosphere.,It was a hostile atmosphere.,atmosphere,atmosphere,Same Sense,0.03630858659744263,10,4.0,6,6,0,405334016,EleutherAI/pythia-410m,step8,seed6,6,8
It was a tense atmosphere.,It was a hostile atmosphere.,atmosphere,atmosphere,Same Sense,0.03665250539779663,11,4.0,6,6,0,405334016,EleutherAI/pythia-410m,step8,seed6,6,8
It was a tense atmosphere.,It was a hostile atmosphere.,atmosphere,atmosphere,Same Sense,0.03826063871383667,12,4.0,6,6,0,405334016,EleutherAI/pythia-410m,step8,seed6,6,8
It was a tense atmosphere.,It was a hostile atmosphere.,atmosphere,atmosphere,Same Sense,0.0393863320350647,13,4.0,6,6,0,405334016,EleutherAI/pythia-410m,step8,seed6,6,8
It was a tense atmosphere.,It was a hostile atmosphere.,atmosphere,atmosphere,Same Sense,0.04083603620529175,14,4.0,6,6,0,405334016,EleutherAI/pythia-410m,step8,seed6,6,8
It was a tense atmosphere.,It was a hostile atmosphere.,atmosphere,atmosphere,Same Sense,0.04050576686859131,15,4.0,6,6,0,405334016,EleutherAI/pythia-410m,step8,seed6,6,8
It was a tense atmosphere.,It was a hostile atmosphere.,atmosphere,atmosphere,Same Sense,0.039833128452301025,16,4.0,6,6,0,405334016,EleutherAI/pythia-410m,step8,seed6,6,8
It was a tense atmosphere.,It was a hostile atmosphere.,atmosphere,atmosphere,Same Sense,0.04055720567703247,17,4.0,6,6,0,405334016,EleutherAI/pythia-410m,step8,seed6,6,8
It was a tense atmosphere.,It was a hostile atmosphere.,atmosphere,atmosphere,Same Sense,0.039929091930389404,18,4.0,6,6,0,405334016,EleutherAI/pythia-410m,step8,seed6,6,8
It was a tense atmosphere.,It was a hostile atmosphere.,atmosphere,atmosphere,Same Sense,0.039194703102111816,19,4.0,6,6,0,405334016,EleutherAI/pythia-410m,step8,seed6,6,8
It was a tense atmosphere.,It was a hostile atmosphere.,atmosphere,atmosphere,Same Sense,0.03903853893280029,20,4.0,6,6,0,405334016,EleutherAI/pythia-410m,step8,seed6,6,8
It was a tense atmosphere.,It was a hostile atmosphere.,atmosphere,atmosphere,Same Sense,0.03905421495437622,21,4.0,6,6,0,405334016,EleutherAI/pythia-410m,step8,seed6,6,8
It was a tense atmosphere.,It was a hostile atmosphere.,atmosphere,atmosphere,Same Sense,0.03806352615356445,22,4.0,6,6,0,405334016,EleutherAI/pythia-410m,step8,seed6,6,8
It was a tense atmosphere.,It was a hostile atmosphere.,atmosphere,atmosphere,Same Sense,0.03682732582092285,23,4.0,6,6,0,405334016,EleutherAI/pythia-410m,step8,seed6,6,8
It was a tense atmosphere.,It was a hostile atmosphere.,atmosphere,atmosphere,Same Sense,0.036598384380340576,24,4.0,6,6,0,405334016,EleutherAI/pythia-410m,step8,seed6,6,8
It was a gaseous atmosphere.,It was a polluted atmosphere.,atmosphere,atmosphere,Same Sense,0.0,0,3.466666667,6,7,1,405334016,EleutherAI/pythia-410m,step8,seed6,6,8
It was a gaseous atmosphere.,It was a polluted atmosphere.,atmosphere,atmosphere,Same Sense,0.027231931686401367,1,3.466666667,6,7,1,405334016,EleutherAI/pythia-410m,step8,seed6,6,8
It was a gaseous atmosphere.,It was a polluted atmosphere.,atmosphere,atmosphere,Same Sense,0.038028061389923096,2,3.466666667,6,7,1,405334016,EleutherAI/pythia-410m,step8,seed6,6,8
It was a gaseous atmosphere.,It was a polluted atmosphere.,atmosphere,atmosphere,Same Sense,0.04216134548187256,3,3.466666667,6,7,1,405334016,EleutherAI/pythia-410m,step8,seed6,6,8
It was a gaseous atmosphere.,It was a polluted atmosphere.,atmosphere,atmosphere,Same Sense,0.04490971565246582,4,3.466666667,6,7,1,405334016,EleutherAI/pythia-410m,step8,seed6,6,8
It was a gaseous atmosphere.,It was a polluted atmosphere.,atmosphere,atmosphere,Same Sense,0.04320204257965088,5,3.466666667,6,7,1,405334016,EleutherAI/pythia-410m,step8,seed6,6,8
It was a gaseous atmosphere.,It was a polluted atmosphere.,atmosphere,atmosphere,Same Sense,0.044031381607055664,6,3.466666667,6,7,1,405334016,EleutherAI/pythia-410m,step8,seed6,6,8
It was a gaseous atmosphere.,It was a polluted atmosphere.,atmosphere,atmosphere,Same Sense,0.04658025503158569,7,3.466666667,6,7,1,405334016,EleutherAI/pythia-410m,step8,seed6,6,8
It was a gaseous atmosphere.,It was a polluted atmosphere.,atmosphere,atmosphere,Same Sense,0.04593503475189209,8,3.466666667,6,7,1,405334016,EleutherAI/pythia-410m,step8,seed6,6,8
It was a gaseous atmosphere.,It was a polluted atmosphere.,atmosphere,atmosphere,Same Sense,0.04624056816101074,9,3.466666667,6,7,1,405334016,EleutherAI/pythia-410m,step8,seed6,6,8
It was a gaseous atmosphere.,It was a polluted atmosphere.,atmosphere,atmosphere,Same Sense,0.04612553119659424,10,3.466666667,6,7,1,405334016,EleutherAI/pythia-410m,step8,seed6,6,8
It was a gaseous atmosphere.,It was a polluted atmosphere.,atmosphere,atmosphere,Same Sense,0.04464113712310791,11,3.466666667,6,7,1,405334016,EleutherAI/pythia-410m,step8,seed6,6,8
It was a gaseous atmosphere.,It was a polluted atmosphere.,atmosphere,atmosphere,Same Sense,0.04542511701583862,12,3.466666667,6,7,1,405334016,EleutherAI/pythia-410m,step8,seed6,6,8
It was a gaseous atmosphere.,It was a polluted atmosphere.,atmosphere,atmosphere,Same Sense,0.04524105787277222,13,3.466666667,6,7,1,405334016,EleutherAI/pythia-410m,step8,seed6,6,8
It was a gaseous atmosphere.,It was a polluted atmosphere.,atmosphere,atmosphere,Same Sense,0.04595226049423218,14,3.466666667,6,7,1,405334016,EleutherAI/pythia-410m,step8,seed6,6,8
It was a gaseous atmosphere.,It was a polluted atmosphere.,atmosphere,atmosphere,Same Sense,0.04439312219619751,15,3.466666667,6,7,1,405334016,EleutherAI/pythia-410m,step8,seed6,6,8
It was a gaseous atmosphere.,It was a polluted atmosphere.,atmosphere,atmosphere,Same Sense,0.043014347553253174,16,3.466666667,6,7,1,405334016,EleutherAI/pythia-410m,step8,seed6,6,8
It was a gaseous atmosphere.,It was a polluted atmosphere.,atmosphere,atmosphere,Same Sense,0.04327648878097534,17,3.466666667,6,7,1,405334016,EleutherAI/pythia-410m,step8,seed6,6,8
It was a gaseous atmosphere.,It was a polluted atmosphere.,atmosphere,atmosphere,Same Sense,0.042743980884552,18,3.466666667,6,7,1,405334016,EleutherAI/pythia-410m,step8,seed6,6,8
It was a gaseous atmosphere.,It was a polluted atmosphere.,atmosphere,atmosphere,Same Sense,0.041916489601135254,19,3.466666667,6,7,1,405334016,EleutherAI/pythia-410m,step8,seed6,6,8
It was a gaseous atmosphere.,It was a polluted atmosphere.,atmosphere,atmosphere,Same Sense,0.04088485240936279,20,3.466666667,6,7,1,405334016,EleutherAI/pythia-410m,step8,seed6,6,8
It was a gaseous atmosphere.,It was a polluted atmosphere.,atmosphere,atmosphere,Same Sense,0.04200369119644165,21,3.466666667,6,7,1,405334016,EleutherAI/pythia-410m,step8,seed6,6,8
It was a gaseous atmosphere.,It was a polluted atmosphere.,atmosphere,atmosphere,Same Sense,0.04129493236541748,22,3.466666667,6,7,1,405334016,EleutherAI/pythia-410m,step8,seed6,6,8
It was a gaseous atmosphere.,It was a polluted atmosphere.,atmosphere,atmosphere,Same Sense,0.039703965187072754,23,3.466666667,6,7,1,405334016,EleutherAI/pythia-410m,step8,seed6,6,8
It was a gaseous atmosphere.,It was a polluted atmosphere.,atmosphere,atmosphere,Same Sense,0.03875851631164551,24,3.466666667,6,7,1,405334016,EleutherAI/pythia-410m,step8,seed6,6,8
It was a gold band.,It was a jazz band.,band,band,Different Sense,0.0,0,0.2,6,6,0,405334016,EleutherAI/pythia-410m,step8,seed6,6,8
It was a gold band.,It was a jazz band.,band,band,Different Sense,0.022274434566497803,1,0.2,6,6,0,405334016,EleutherAI/pythia-410m,step8,seed6,6,8
It was a gold band.,It was a jazz band.,band,band,Different Sense,0.029962360858917236,2,0.2,6,6,0,405334016,EleutherAI/pythia-410m,step8,seed6,6,8
It was a gold band.,It was a jazz band.,band,band,Different Sense,0.03188920021057129,3,0.2,6,6,0,405334016,EleutherAI/pythia-410m,step8,seed6,6,8
It was a gold band.,It was a jazz band.,band,band,Different Sense,0.034057676792144775,4,0.2,6,6,0,405334016,EleutherAI/pythia-410m,step8,seed6,6,8
It was a gold band.,It was a jazz band.,band,band,Different Sense,0.03505682945251465,5,0.2,6,6,0,405334016,EleutherAI/pythia-410m,step8,seed6,6,8
It was a gold band.,It was a jazz band.,band,band,Different Sense,0.03458172082901001,6,0.2,6,6,0,405334016,EleutherAI/pythia-410m,step8,seed6,6,8
It was a gold band.,It was a jazz band.,band,band,Different Sense,0.03556424379348755,7,0.2,6,6,0,405334016,EleutherAI/pythia-410m,step8,seed6,6,8
It was a gold band.,It was a jazz band.,band,band,Different Sense,0.03524988889694214,8,0.2,6,6,0,405334016,EleutherAI/pythia-410m,step8,seed6,6,8
It was a gold band.,It was a jazz band.,band,band,Different Sense,0.03486448526382446,9,0.2,6,6,0,405334016,EleutherAI/pythia-410m,step8,seed6,6,8
It was a gold band.,It was a jazz band.,band,band,Different Sense,0.03604269027709961,10,0.2,6,6,0,405334016,EleutherAI/pythia-410m,step8,seed6,6,8
It was a gold band.,It was a jazz band.,band,band,Different Sense,0.034474730491638184,11,0.2,6,6,0,405334016,EleutherAI/pythia-410m,step8,seed6,6,8
It was a gold band.,It was a jazz band.,band,band,Different Sense,0.03294485807418823,12,0.2,6,6,0,405334016,EleutherAI/pythia-410m,step8,seed6,6,8
It was a gold band.,It was a jazz band.,band,band,Different Sense,0.03190410137176514,13,0.2,6,6,0,405334016,EleutherAI/pythia-410m,step8,seed6,6,8
It was a gold band.,It was a jazz band.,band,band,Different Sense,0.031799495220184326,14,0.2,6,6,0,405334016,EleutherAI/pythia-410m,step8,seed6,6,8
It was a gold band.,It was a jazz band.,band,band,Different Sense,0.031756460666656494,15,0.2,6,6,0,405334016,EleutherAI/pythia-410m,step8,seed6,6,8
It was a gold band.,It was a jazz band.,band,band,Different Sense,0.030942022800445557,16,0.2,6,6,0,405334016,EleutherAI/pythia-410m,step8,seed6,6,8
It was a gold band.,It was a jazz band.,band,band,Different Sense,0.03031259775161743,17,0.2,6,6,0,405334016,EleutherAI/pythia-410m,step8,seed6,6,8
It was a gold band.,It was a jazz band.,band,band,Different Sense,0.029836714267730713,18,0.2,6,6,0,405334016,EleutherAI/pythia-410m,step8,seed6,6,8
It was a gold band.,It was a jazz band.,band,band,Different Sense,0.029333949089050293,19,0.2,6,6,0,405334016,EleutherAI/pythia-410m,step8,seed6,6,8
It was a gold band.,It was a jazz band.,band,band,Different Sense,0.029329657554626465,20,0.2,6,6,0,405334016,EleutherAI/pythia-410m,step8,seed6,6,8
It was a gold band.,It was a jazz band.,band,band,Different Sense,0.029978275299072266,21,0.2,6,6,0,405334016,EleutherAI/pythia-410m,step8,seed6,6,8
It was a gold band.,It was a jazz band.,band,band,Different Sense,0.028958797454833984,22,0.2,6,6,0,405334016,EleutherAI/pythia-410m,step8,seed6,6,8
It was a gold band.,It was a jazz band.,band,band,Different Sense,0.02905726432800293,23,0.2,6,6,0,405334016,EleutherAI/pythia-410m,step8,seed6,6,8
It was a gold band.,It was a jazz band.,band,band,Different Sense,0.029198884963989258,24,0.2,6,6,0,405334016,EleutherAI/pythia-410m,step8,seed6,6,8
It was a gold band.,It was a country band.,band,band,Different Sense,0.0,0,0.384615385,6,6,0,405334016,EleutherAI/pythia-410m,step8,seed6,6,8
It was a gold band.,It was a country band.,band,band,Different Sense,0.018605172634124756,1,0.384615385,6,6,0,405334016,EleutherAI/pythia-410m,step8,seed6,6,8
It was a gold band.,It was a country band.,band,band,Different Sense,0.02821296453475952,2,0.384615385,6,6,0,405334016,EleutherAI/pythia-410m,step8,seed6,6,8
It was a gold band.,It was a country band.,band,band,Different Sense,0.02953183650970459,3,0.384615385,6,6,0,405334016,EleutherAI/pythia-410m,step8,seed6,6,8
It was a gold band.,It was a country band.,band,band,Different Sense,0.03189724683761597,4,0.384615385,6,6,0,405334016,EleutherAI/pythia-410m,step8,seed6,6,8
It was a gold band.,It was a country band.,band,band,Different Sense,0.03370237350463867,5,0.384615385,6,6,0,405334016,EleutherAI/pythia-410m,step8,seed6,6,8
It was a gold band.,It was a country band.,band,band,Different Sense,0.03427886962890625,6,0.384615385,6,6,0,405334016,EleutherAI/pythia-410m,step8,seed6,6,8
It was a gold band.,It was a country band.,band,band,Different Sense,0.03428727388381958,7,0.384615385,6,6,0,405334016,EleutherAI/pythia-410m,step8,seed6,6,8
It was a gold band.,It was a country band.,band,band,Different Sense,0.03303074836730957,8,0.384615385,6,6,0,405334016,EleutherAI/pythia-410m,step8,seed6,6,8
It was a gold band.,It was a country band.,band,band,Different Sense,0.03246837854385376,9,0.384615385,6,6,0,405334016,EleutherAI/pythia-410m,step8,seed6,6,8
It was a gold band.,It was a country band.,band,band,Different Sense,0.03425103425979614,10,0.384615385,6,6,0,405334016,EleutherAI/pythia-410m,step8,seed6,6,8
It was a gold band.,It was a country band.,band,band,Different Sense,0.033665597438812256,11,0.384615385,6,6,0,405334016,EleutherAI/pythia-410m,step8,seed6,6,8
It was a gold band.,It was a country band.,band,band,Different Sense,0.033222198486328125,12,0.384615385,6,6,0,405334016,EleutherAI/pythia-410m,step8,seed6,6,8
It was a gold band.,It was a country band.,band,band,Different Sense,0.03315550088882446,13,0.384615385,6,6,0,405334016,EleutherAI/pythia-410m,step8,seed6,6,8
It was a gold band.,It was a country band.,band,band,Different Sense,0.03353476524353027,14,0.384615385,6,6,0,405334016,EleutherAI/pythia-410m,step8,seed6,6,8
It was a gold band.,It was a country band.,band,band,Different Sense,0.033073365688323975,15,0.384615385,6,6,0,405334016,EleutherAI/pythia-410m,step8,seed6,6,8
It was a gold band.,It was a country band.,band,band,Different Sense,0.03255873918533325,16,0.384615385,6,6,0,405334016,EleutherAI/pythia-410m,step8,seed6,6,8
It was a gold band.,It was a country band.,band,band,Different Sense,0.03142893314361572,17,0.384615385,6,6,0,405334016,EleutherAI/pythia-410m,step8,seed6,6,8
It was a gold band.,It was a country band.,band,band,Different Sense,0.030523598194122314,18,0.384615385,6,6,0,405334016,EleutherAI/pythia-410m,step8,seed6,6,8
It was a gold band.,It was a country band.,band,band,Different Sense,0.03010118007659912,19,0.384615385,6,6,0,405334016,EleutherAI/pythia-410m,step8,seed6,6,8
It was a gold band.,It was a country band.,band,band,Different Sense,0.02970677614212036,20,0.384615385,6,6,0,405334016,EleutherAI/pythia-410m,step8,seed6,6,8
It was a gold band.,It was a country band.,band,band,Different Sense,0.029730916023254395,21,0.384615385,6,6,0,405334016,EleutherAI/pythia-410m,step8,seed6,6,8
It was a gold band.,It was a country band.,band,band,Different Sense,0.028894901275634766,22,0.384615385,6,6,0,405334016,EleutherAI/pythia-410m,step8,seed6,6,8
It was a gold band.,It was a country band.,band,band,Different Sense,0.029133319854736328,23,0.384615385,6,6,0,405334016,EleutherAI/pythia-410m,step8,seed6,6,8
It was a gold band.,It was a country band.,band,band,Different Sense,0.0292203426361084,24,0.384615385,6,6,0,405334016,EleutherAI/pythia-410m,step8,seed6,6,8
It was a rubber band.,It was a jazz band.,band,band,Different Sense,0.0,0,0.333333333,6,6,0,405334016,EleutherAI/pythia-410m,step8,seed6,6,8
It was a rubber band.,It was a jazz band.,band,band,Different Sense,0.024693191051483154,1,0.333333333,6,6,0,405334016,EleutherAI/pythia-410m,step8,seed6,6,8
It was a rubber band.,It was a jazz band.,band,band,Different Sense,0.030877292156219482,2,0.333333333,6,6,0,405334016,EleutherAI/pythia-410m,step8,seed6,6,8
It was a rubber band.,It was a jazz band.,band,band,Different Sense,0.032947540283203125,3,0.333333333,6,6,0,405334016,EleutherAI/pythia-410m,step8,seed6,6,8
It was a rubber band.,It was a jazz band.,band,band,Different Sense,0.035677969455718994,4,0.333333333,6,6,0,405334016,EleutherAI/pythia-410m,step8,seed6,6,8
It was a rubber band.,It was a jazz band.,band,band,Different Sense,0.03523892164230347,5,0.333333333,6,6,0,405334016,EleutherAI/pythia-410m,step8,seed6,6,8
It was a rubber band.,It was a jazz band.,band,band,Different Sense,0.03608328104019165,6,0.333333333,6,6,0,405334016,EleutherAI/pythia-410m,step8,seed6,6,8
It was a rubber band.,It was a jazz band.,band,band,Different Sense,0.0349617600440979,7,0.333333333,6,6,0,405334016,EleutherAI/pythia-410m,step8,seed6,6,8
It was a rubber band.,It was a jazz band.,band,band,Different Sense,0.033341169357299805,8,0.333333333,6,6,0,405334016,EleutherAI/pythia-410m,step8,seed6,6,8
It was a rubber band.,It was a jazz band.,band,band,Different Sense,0.0345226526260376,9,0.333333333,6,6,0,405334016,EleutherAI/pythia-410m,step8,seed6,6,8
It was a rubber band.,It was a jazz band.,band,band,Different Sense,0.034471213817596436,10,0.333333333,6,6,0,405334016,EleutherAI/pythia-410m,step8,seed6,6,8
It was a rubber band.,It was a jazz band.,band,band,Different Sense,0.03299880027770996,11,0.333333333,6,6,0,405334016,EleutherAI/pythia-410m,step8,seed6,6,8
It was a rubber band.,It was a jazz band.,band,band,Different Sense,0.03242373466491699,12,0.333333333,6,6,0,405334016,EleutherAI/pythia-410m,step8,seed6,6,8
It was a rubber band.,It was a jazz band.,band,band,Different Sense,0.031422436237335205,13,0.333333333,6,6,0,405334016,EleutherAI/pythia-410m,step8,seed6,6,8
It was a rubber band.,It was a jazz band.,band,band,Different Sense,0.03090822696685791,14,0.333333333,6,6,0,405334016,EleutherAI/pythia-410m,step8,seed6,6,8
It was a rubber band.,It was a jazz band.,band,band,Different Sense,0.030430257320404053,15,0.333333333,6,6,0,405334016,EleutherAI/pythia-410m,step8,seed6,6,8
It was a rubber band.,It was a jazz band.,band,band,Different Sense,0.029865145683288574,16,0.333333333,6,6,0,405334016,EleutherAI/pythia-410m,step8,seed6,6,8
It was a rubber band.,It was a jazz band.,band,band,Different Sense,0.02963709831237793,17,0.333333333,6,6,0,405334016,EleutherAI/pythia-410m,step8,seed6,6,8
It was a rubber band.,It was a jazz band.,band,band,Different Sense,0.028603971004486084,18,0.333333333,6,6,0,405334016,EleutherAI/pythia-410m,step8,seed6,6,8
It was a rubber band.,It was a jazz band.,band,band,Different Sense,0.028122007846832275,19,0.333333333,6,6,0,405334016,EleutherAI/pythia-410m,step8,seed6,6,8
It was a rubber band.,It was a jazz band.,band,band,Different Sense,0.02830517292022705,20,0.333333333,6,6,0,405334016,EleutherAI/pythia-410m,step8,seed6,6,8
It was a rubber band.,It was a jazz band.,band,band,Different Sense,0.028420627117156982,21,0.333333333,6,6,0,405334016,EleutherAI/pythia-410m,step8,seed6,6,8
It was a rubber band.,It was a jazz band.,band,band,Different Sense,0.027128636837005615,22,0.333333333,6,6,0,405334016,EleutherAI/pythia-410m,step8,seed6,6,8
It was a rubber band.,It was a jazz band.,band,band,Different Sense,0.02690356969833374,23,0.333333333,6,6,0,405334016,EleutherAI/pythia-410m,step8,seed6,6,8
It was a rubber band.,It was a jazz band.,band,band,Different Sense,0.02713918685913086,24,0.333333333,6,6,0,405334016,EleutherAI/pythia-410m,step8,seed6,6,8
It was a rubber band.,It was a country band.,band,band,Different Sense,0.0,0,0.1,6,6,0,405334016,EleutherAI/pythia-410m,step8,seed6,6,8
It was a rubber band.,It was a country band.,band,band,Different Sense,0.019870281219482422,1,0.1,6,6,0,405334016,EleutherAI/pythia-410m,step8,seed6,6,8
It was a rubber band.,It was a country band.,band,band,Different Sense,0.0277898907661438,2,0.1,6,6,0,405334016,EleutherAI/pythia-410m,step8,seed6,6,8
It was a rubber band.,It was a country band.,band,band,Different Sense,0.029527246952056885,3,0.1,6,6,0,405334016,EleutherAI/pythia-410m,step8,seed6,6,8
It was a rubber band.,It was a country band.,band,band,Different Sense,0.031805574893951416,4,0.1,6,6,0,405334016,EleutherAI/pythia-410m,step8,seed6,6,8
It was a rubber band.,It was a country band.,band,band,Different Sense,0.031517863273620605,5,0.1,6,6,0,405334016,EleutherAI/pythia-410m,step8,seed6,6,8
It was a rubber band.,It was a country band.,band,band,Different Sense,0.03251016139984131,6,0.1,6,6,0,405334016,EleutherAI/pythia-410m,step8,seed6,6,8
It was a rubber band.,It was a country band.,band,band,Different Sense,0.031064391136169434,7,0.1,6,6,0,405334016,EleutherAI/pythia-410m,step8,seed6,6,8
It was a rubber band.,It was a country band.,band,band,Different Sense,0.029637038707733154,8,0.1,6,6,0,405334016,EleutherAI/pythia-410m,step8,seed6,6,8
It was a rubber band.,It was a country band.,band,band,Different Sense,0.02969992160797119,9,0.1,6,6,0,405334016,EleutherAI/pythia-410m,step8,seed6,6,8
It was a rubber band.,It was a country band.,band,band,Different Sense,0.03079777956008911,10,0.1,6,6,0,405334016,EleutherAI/pythia-410m,step8,seed6,6,8
It was a rubber band.,It was a country band.,band,band,Different Sense,0.029437720775604248,11,0.1,6,6,0,405334016,EleutherAI/pythia-410m,step8,seed6,6,8
It was a rubber band.,It was a country band.,band,band,Different Sense,0.02941000461578369,12,0.1,6,6,0,405334016,EleutherAI/pythia-410m,step8,seed6,6,8
It was a rubber band.,It was a country band.,band,band,Different Sense,0.029068171977996826,13,0.1,6,6,0,405334016,EleutherAI/pythia-410m,step8,seed6,6,8
It was a rubber band.,It was a country band.,band,band,Different Sense,0.028509855270385742,14,0.1,6,6,0,405334016,EleutherAI/pythia-410m,step8,seed6,6,8
It was a rubber band.,It was a country band.,band,band,Different Sense,0.027352213859558105,15,0.1,6,6,0,405334016,EleutherAI/pythia-410m,step8,seed6,6,8
It was a rubber band.,It was a country band.,band,band,Different Sense,0.026903986930847168,16,0.1,6,6,0,405334016,EleutherAI/pythia-410m,step8,seed6,6,8
It was a rubber band.,It was a country band.,band,band,Different Sense,0.026150822639465332,17,0.1,6,6,0,405334016,EleutherAI/pythia-410m,step8,seed6,6,8
It was a rubber band.,It was a country band.,band,band,Different Sense,0.025279462337493896,18,0.1,6,6,0,405334016,EleutherAI/pythia-410m,step8,seed6,6,8
It was a rubber band.,It was a country band.,band,band,Different Sense,0.025429069995880127,19,0.1,6,6,0,405334016,EleutherAI/pythia-410m,step8,seed6,6,8
It was a rubber band.,It was a country band.,band,band,Different Sense,0.02535945177078247,20,0.1,6,6,0,405334016,EleutherAI/pythia-410m,step8,seed6,6,8
It was a rubber band.,It was a country band.,band,band,Different Sense,0.024946212768554688,21,0.1,6,6,0,405334016,EleutherAI/pythia-410m,step8,seed6,6,8
It was a rubber band.,It was a country band.,band,band,Different Sense,0.02415180206298828,22,0.1,6,6,0,405334016,EleutherAI/pythia-410m,step8,seed6,6,8
It was a rubber band.,It was a country band.,band,band,Different Sense,0.02390223741531372,23,0.1,6,6,0,405334016,EleutherAI/pythia-410m,step8,seed6,6,8
It was a rubber band.,It was a country band.,band,band,Different Sense,0.023578107357025146,24,0.1,6,6,0,405334016,EleutherAI/pythia-410m,step8,seed6,6,8
It was a gold band.,It was a rubber band.,band,band,Same Sense,0.0,0,2.526315789,6,6,0,405334016,EleutherAI/pythia-410m,step8,seed6,6,8
It was a gold band.,It was a rubber band.,band,band,Same Sense,0.021071255207061768,1,2.526315789,6,6,0,405334016,EleutherAI/pythia-410m,step8,seed6,6,8
It was a gold band.,It was a rubber band.,band,band,Same Sense,0.03467977046966553,2,2.526315789,6,6,0,405334016,EleutherAI/pythia-410m,step8,seed6,6,8
It was a gold band.,It was a rubber band.,band,band,Same Sense,0.03548663854598999,3,2.526315789,6,6,0,405334016,EleutherAI/pythia-410m,step8,seed6,6,8
It was a gold band.,It was a rubber band.,band,band,Same Sense,0.038792431354522705,4,2.526315789,6,6,0,405334016,EleutherAI/pythia-410m,step8,seed6,6,8
It was a gold band.,It was a rubber band.,band,band,Same Sense,0.03883713483810425,5,2.526315789,6,6,0,405334016,EleutherAI/pythia-410m,step8,seed6,6,8
It was a gold band.,It was a rubber band.,band,band,Same Sense,0.03699684143066406,6,2.526315789,6,6,0,405334016,EleutherAI/pythia-410m,step8,seed6,6,8
It was a gold band.,It was a rubber band.,band,band,Same Sense,0.037002503871917725,7,2.526315789,6,6,0,405334016,EleutherAI/pythia-410m,step8,seed6,6,8
It was a gold band.,It was a rubber band.,band,band,Same Sense,0.03539210557937622,8,2.526315789,6,6,0,405334016,EleutherAI/pythia-410m,step8,seed6,6,8
It was a gold band.,It was a rubber band.,band,band,Same Sense,0.0361904501914978,9,2.526315789,6,6,0,405334016,EleutherAI/pythia-410m,step8,seed6,6,8
It was a gold band.,It was a rubber band.,band,band,Same Sense,0.03690195083618164,10,2.526315789,6,6,0,405334016,EleutherAI/pythia-410m,step8,seed6,6,8
It was a gold band.,It was a rubber band.,band,band,Same Sense,0.03518956899642944,11,2.526315789,6,6,0,405334016,EleutherAI/pythia-410m,step8,seed6,6,8
It was a gold band.,It was a rubber band.,band,band,Same Sense,0.03503197431564331,12,2.526315789,6,6,0,405334016,EleutherAI/pythia-410m,step8,seed6,6,8
It was a gold band.,It was a rubber band.,band,band,Same Sense,0.03427606821060181,13,2.526315789,6,6,0,405334016,EleutherAI/pythia-410m,step8,seed6,6,8
It was a gold band.,It was a rubber band.,band,band,Same Sense,0.033625125885009766,14,2.526315789,6,6,0,405334016,EleutherAI/pythia-410m,step8,seed6,6,8
It was a gold band.,It was a rubber band.,band,band,Same Sense,0.03326570987701416,15,2.526315789,6,6,0,405334016,EleutherAI/pythia-410m,step8,seed6,6,8
It was a gold band.,It was a rubber band.,band,band,Same Sense,0.03160274028778076,16,2.526315789,6,6,0,405334016,EleutherAI/pythia-410m,step8,seed6,6,8
It was a gold band.,It was a rubber band.,band,band,Same Sense,0.031436145305633545,17,2.526315789,6,6,0,405334016,EleutherAI/pythia-410m,step8,seed6,6,8
It was a gold band.,It was a rubber band.,band,band,Same Sense,0.030769765377044678,18,2.526315789,6,6,0,405334016,EleutherAI/pythia-410m,step8,seed6,6,8
It was a gold band.,It was a rubber band.,band,band,Same Sense,0.030242919921875,19,2.526315789,6,6,0,405334016,EleutherAI/pythia-410m,step8,seed6,6,8
It was a gold band.,It was a rubber band.,band,band,Same Sense,0.03047502040863037,20,2.526315789,6,6,0,405334016,EleutherAI/pythia-410m,step8,seed6,6,8
It was a gold band.,It was a rubber band.,band,band,Same Sense,0.030367612838745117,21,2.526315789,6,6,0,405334016,EleutherAI/pythia-410m,step8,seed6,6,8
It was a gold band.,It was a rubber band.,band,band,Same Sense,0.02929830551147461,22,2.526315789,6,6,0,405334016,EleutherAI/pythia-410m,step8,seed6,6,8
It was a gold band.,It was a rubber band.,band,band,Same Sense,0.02918165922164917,23,2.526315789,6,6,0,405334016,EleutherAI/pythia-410m,step8,seed6,6,8
It was a gold band.,It was a rubber band.,band,band,Same Sense,0.02912116050720215,24,2.526315789,6,6,0,405334016,EleutherAI/pythia-410m,step8,seed6,6,8
It was a jazz band.,It was a country band.,band,band,Same Sense,0.0,0,4.0,6,6,0,405334016,EleutherAI/pythia-410m,step8,seed6,6,8
It was a jazz band.,It was a country band.,band,band,Same Sense,0.02024465799331665,1,4.0,6,6,0,405334016,EleutherAI/pythia-410m,step8,seed6,6,8
It was a jazz band.,It was a country band.,band,band,Same Sense,0.025919854640960693,2,4.0,6,6,0,405334016,EleutherAI/pythia-410m,step8,seed6,6,8
It was a jazz band.,It was a country band.,band,band,Same Sense,0.028318822383880615,3,4.0,6,6,0,405334016,EleutherAI/pythia-410m,step8,seed6,6,8
It was a jazz band.,It was a country band.,band,band,Same Sense,0.030765950679779053,4,4.0,6,6,0,405334016,EleutherAI/pythia-410m,step8,seed6,6,8
It was a jazz band.,It was a country band.,band,band,Same Sense,0.03044205904006958,5,4.0,6,6,0,405334016,EleutherAI/pythia-410m,step8,seed6,6,8
It was a jazz band.,It was a country band.,band,band,Same Sense,0.03214818239212036,6,4.0,6,6,0,405334016,EleutherAI/pythia-410m,step8,seed6,6,8
It was a jazz band.,It was a country band.,band,band,Same Sense,0.03273099660873413,7,4.0,6,6,0,405334016,EleutherAI/pythia-410m,step8,seed6,6,8
It was a jazz band.,It was a country band.,band,band,Same Sense,0.03137236833572388,8,4.0,6,6,0,405334016,EleutherAI/pythia-410m,step8,seed6,6,8
It was a jazz band.,It was a country band.,band,band,Same Sense,0.030929625034332275,9,4.0,6,6,0,405334016,EleutherAI/pythia-410m,step8,seed6,6,8
It was a jazz band.,It was a country band.,band,band,Same Sense,0.031534552574157715,10,4.0,6,6,0,405334016,EleutherAI/pythia-410m,step8,seed6,6,8
It was a jazz band.,It was a country band.,band,band,Same Sense,0.030487000942230225,11,4.0,6,6,0,405334016,EleutherAI/pythia-410m,step8,seed6,6,8
It was a jazz band.,It was a country band.,band,band,Same Sense,0.02957099676132202,12,4.0,6,6,0,405334016,EleutherAI/pythia-410m,step8,seed6,6,8
It was a jazz band.,It was a country band.,band,band,Same Sense,0.02958214282989502,13,4.0,6,6,0,405334016,EleutherAI/pythia-410m,step8,seed6,6,8
It was a jazz band.,It was a country band.,band,band,Same Sense,0.0293387770652771,14,4.0,6,6,0,405334016,EleutherAI/pythia-410m,step8,seed6,6,8
It was a jazz band.,It was a country band.,band,band,Same Sense,0.028740286827087402,15,4.0,6,6,0,405334016,EleutherAI/pythia-410m,step8,seed6,6,8
It was a jazz band.,It was a country band.,band,band,Same Sense,0.0281217098236084,16,4.0,6,6,0,405334016,EleutherAI/pythia-410m,step8,seed6,6,8
It was a jazz band.,It was a country band.,band,band,Same Sense,0.02740776538848877,17,4.0,6,6,0,405334016,EleutherAI/pythia-410m,step8,seed6,6,8
It was a jazz band.,It was a country band.,band,band,Same Sense,0.026785612106323242,18,4.0,6,6,0,405334016,EleutherAI/pythia-410m,step8,seed6,6,8
It was a jazz band.,It was a country band.,band,band,Same Sense,0.026503920555114746,19,4.0,6,6,0,405334016,EleutherAI/pythia-410m,step8,seed6,6,8
It was a jazz band.,It was a country band.,band,band,Same Sense,0.02637624740600586,20,4.0,6,6,0,405334016,EleutherAI/pythia-410m,step8,seed6,6,8
It was a jazz band.,It was a country band.,band,band,Same Sense,0.026350021362304688,21,4.0,6,6,0,405334016,EleutherAI/pythia-410m,step8,seed6,6,8
It was a jazz band.,It was a country band.,band,band,Same Sense,0.025628507137298584,22,4.0,6,6,0,405334016,EleutherAI/pythia-410m,step8,seed6,6,8
It was a jazz band.,It was a country band.,band,band,Same Sense,0.02519094944000244,23,4.0,6,6,0,405334016,EleutherAI/pythia-410m,step8,seed6,6,8
It was a jazz band.,It was a country band.,band,band,Same Sense,0.024995088577270508,24,4.0,6,6,0,405334016,EleutherAI/pythia-410m,step8,seed6,6,8
There was a police barrier.,There was a language barrier.,barrier,barrier,Different Sense,0.0,0,1.333333333,6,6,0,405334016,EleutherAI/pythia-410m,step8,seed6,6,8
There was a police barrier.,There was a language barrier.,barrier,barrier,Different Sense,0.022801101207733154,1,1.333333333,6,6,0,405334016,EleutherAI/pythia-410m,step8,seed6,6,8
There was a police barrier.,There was a language barrier.,barrier,barrier,Different Sense,0.03049302101135254,2,1.333333333,6,6,0,405334016,EleutherAI/pythia-410m,step8,seed6,6,8
There was a police barrier.,There was a language barrier.,barrier,barrier,Different Sense,0.03457826375961304,3,1.333333333,6,6,0,405334016,EleutherAI/pythia-410m,step8,seed6,6,8
There was a police barrier.,There was a language barrier.,barrier,barrier,Different Sense,0.03655672073364258,4,1.333333333,6,6,0,405334016,EleutherAI/pythia-410m,step8,seed6,6,8
There was a police barrier.,There was a language barrier.,barrier,barrier,Different Sense,0.03811448812484741,5,1.333333333,6,6,0,405334016,EleutherAI/pythia-410m,step8,seed6,6,8
There was a police barrier.,There was a language barrier.,barrier,barrier,Different Sense,0.03740882873535156,6,1.333333333,6,6,0,405334016,EleutherAI/pythia-410m,step8,seed6,6,8
There was a police barrier.,There was a language barrier.,barrier,barrier,Different Sense,0.03849685192108154,7,1.333333333,6,6,0,405334016,EleutherAI/pythia-410m,step8,seed6,6,8
There was a police barrier.,There was a language barrier.,barrier,barrier,Different Sense,0.037326931953430176,8,1.333333333,6,6,0,405334016,EleutherAI/pythia-410m,step8,seed6,6,8
There was a police barrier.,There was a language barrier.,barrier,barrier,Different Sense,0.03723639249801636,9,1.333333333,6,6,0,405334016,EleutherAI/pythia-410m,step8,seed6,6,8
There was a police barrier.,There was a language barrier.,barrier,barrier,Different Sense,0.03700602054595947,10,1.333333333,6,6,0,405334016,EleutherAI/pythia-410m,step8,seed6,6,8
There was a police barrier.,There was a language barrier.,barrier,barrier,Different Sense,0.03552526235580444,11,1.333333333,6,6,0,405334016,EleutherAI/pythia-410m,step8,seed6,6,8
There was a police barrier.,There was a language barrier.,barrier,barrier,Different Sense,0.035835444927215576,12,1.333333333,6,6,0,405334016,EleutherAI/pythia-410m,step8,seed6,6,8
There was a police barrier.,There was a language barrier.,barrier,barrier,Different Sense,0.036224365234375,13,1.333333333,6,6,0,405334016,EleutherAI/pythia-410m,step8,seed6,6,8
There was a police barrier.,There was a language barrier.,barrier,barrier,Different Sense,0.035388827323913574,14,1.333333333,6,6,0,405334016,EleutherAI/pythia-410m,step8,seed6,6,8
There was a police barrier.,There was a language barrier.,barrier,barrier,Different Sense,0.03562724590301514,15,1.333333333,6,6,0,405334016,EleutherAI/pythia-410m,step8,seed6,6,8
There was a police barrier.,There was a language barrier.,barrier,barrier,Different Sense,0.03535890579223633,16,1.333333333,6,6,0,405334016,EleutherAI/pythia-410m,step8,seed6,6,8
There was a police barrier.,There was a language barrier.,barrier,barrier,Different Sense,0.03485673666000366,17,1.333333333,6,6,0,405334016,EleutherAI/pythia-410m,step8,seed6,6,8
There was a police barrier.,There was a language barrier.,barrier,barrier,Different Sense,0.03451138734817505,18,1.333333333,6,6,0,405334016,EleutherAI/pythia-410m,step8,seed6,6,8
There was a police barrier.,There was a language barrier.,barrier,barrier,Different Sense,0.03412771224975586,19,1.333333333,6,6,0,405334016,EleutherAI/pythia-410m,step8,seed6,6,8
There was a police barrier.,There was a language barrier.,barrier,barrier,Different Sense,0.03453642129898071,20,1.333333333,6,6,0,405334016,EleutherAI/pythia-410m,step8,seed6,6,8
There was a police barrier.,There was a language barrier.,barrier,barrier,Different Sense,0.0343019962310791,21,1.333333333,6,6,0,405334016,EleutherAI/pythia-410m,step8,seed6,6,8
There was a police barrier.,There was a language barrier.,barrier,barrier,Different Sense,0.03278374671936035,22,1.333333333,6,6,0,405334016,EleutherAI/pythia-410m,step8,seed6,6,8
There was a police barrier.,There was a language barrier.,barrier,barrier,Different Sense,0.03211677074432373,23,1.333333333,6,6,0,405334016,EleutherAI/pythia-410m,step8,seed6,6,8
There was a police barrier.,There was a language barrier.,barrier,barrier,Different Sense,0.03239321708679199,24,1.333333333,6,6,0,405334016,EleutherAI/pythia-410m,step8,seed6,6,8
There was a police barrier.,There was a religious barrier.,barrier,barrier,Different Sense,0.0,0,1.266666667,6,6,0,405334016,EleutherAI/pythia-410m,step8,seed6,6,8
There was a police barrier.,There was a religious barrier.,barrier,barrier,Different Sense,0.026849329471588135,1,1.266666667,6,6,0,405334016,EleutherAI/pythia-410m,step8,seed6,6,8
There was a police barrier.,There was a religious barrier.,barrier,barrier,Different Sense,0.032359302043914795,2,1.266666667,6,6,0,405334016,EleutherAI/pythia-410m,step8,seed6,6,8
There was a police barrier.,There was a religious barrier.,barrier,barrier,Different Sense,0.035273969173431396,3,1.266666667,6,6,0,405334016,EleutherAI/pythia-410m,step8,seed6,6,8
There was a police barrier.,There was a religious barrier.,barrier,barrier,Different Sense,0.039290785789489746,4,1.266666667,6,6,0,405334016,EleutherAI/pythia-410m,step8,seed6,6,8
There was a police barrier.,There was a religious barrier.,barrier,barrier,Different Sense,0.03916865587234497,5,1.266666667,6,6,0,405334016,EleutherAI/pythia-410m,step8,seed6,6,8
There was a police barrier.,There was a religious barrier.,barrier,barrier,Different Sense,0.039002835750579834,6,1.266666667,6,6,0,405334016,EleutherAI/pythia-410m,step8,seed6,6,8
There was a police barrier.,There was a religious barrier.,barrier,barrier,Different Sense,0.03905689716339111,7,1.266666667,6,6,0,405334016,EleutherAI/pythia-410m,step8,seed6,6,8
There was a police barrier.,There was a religious barrier.,barrier,barrier,Different Sense,0.03949332237243652,8,1.266666667,6,6,0,405334016,EleutherAI/pythia-410m,step8,seed6,6,8
There was a police barrier.,There was a religious barrier.,barrier,barrier,Different Sense,0.041156232357025146,9,1.266666667,6,6,0,405334016,EleutherAI/pythia-410m,step8,seed6,6,8
There was a police barrier.,There was a religious barrier.,barrier,barrier,Different Sense,0.0419657826423645,10,1.266666667,6,6,0,405334016,EleutherAI/pythia-410m,step8,seed6,6,8
There was a police barrier.,There was a religious barrier.,barrier,barrier,Different Sense,0.04023933410644531,11,1.266666667,6,6,0,405334016,EleutherAI/pythia-410m,step8,seed6,6,8
There was a police barrier.,There was a religious barrier.,barrier,barrier,Different Sense,0.03921157121658325,12,1.266666667,6,6,0,405334016,EleutherAI/pythia-410m,step8,seed6,6,8
There was a police barrier.,There was a religious barrier.,barrier,barrier,Different Sense,0.03914761543273926,13,1.266666667,6,6,0,405334016,EleutherAI/pythia-410m,step8,seed6,6,8
There was a police barrier.,There was a religious barrier.,barrier,barrier,Different Sense,0.03844249248504639,14,1.266666667,6,6,0,405334016,EleutherAI/pythia-410m,step8,seed6,6,8
There was a police barrier.,There was a religious barrier.,barrier,barrier,Different Sense,0.038191795349121094,15,1.266666667,6,6,0,405334016,EleutherAI/pythia-410m,step8,seed6,6,8
There was a police barrier.,There was a religious barrier.,barrier,barrier,Different Sense,0.037853240966796875,16,1.266666667,6,6,0,405334016,EleutherAI/pythia-410m,step8,seed6,6,8
There was a police barrier.,There was a religious barrier.,barrier,barrier,Different Sense,0.037513792514801025,17,1.266666667,6,6,0,405334016,EleutherAI/pythia-410m,step8,seed6,6,8
There was a police barrier.,There was a religious barrier.,barrier,barrier,Different Sense,0.03787529468536377,18,1.266666667,6,6,0,405334016,EleutherAI/pythia-410m,step8,seed6,6,8
There was a police barrier.,There was a religious barrier.,barrier,barrier,Different Sense,0.037518203258514404,19,1.266666667,6,6,0,405334016,EleutherAI/pythia-410m,step8,seed6,6,8
There was a police barrier.,There was a religious barrier.,barrier,barrier,Different Sense,0.03776282072067261,20,1.266666667,6,6,0,405334016,EleutherAI/pythia-410m,step8,seed6,6,8
There was a police barrier.,There was a religious barrier.,barrier,barrier,Different Sense,0.037584662437438965,21,1.266666667,6,6,0,405334016,EleutherAI/pythia-410m,step8,seed6,6,8
There was a police barrier.,There was a religious barrier.,barrier,barrier,Different Sense,0.03664445877075195,22,1.266666667,6,6,0,405334016,EleutherAI/pythia-410m,step8,seed6,6,8
There was a police barrier.,There was a religious barrier.,barrier,barrier,Different Sense,0.0358731746673584,23,1.266666667,6,6,0,405334016,EleutherAI/pythia-410m,step8,seed6,6,8
There was a police barrier.,There was a religious barrier.,barrier,barrier,Different Sense,0.03657102584838867,24,1.266666667,6,6,0,405334016,EleutherAI/pythia-410m,step8,seed6,6,8
There was a concrete barrier.,There was a language barrier.,barrier,barrier,Different Sense,0.0,0,1.692307692,6,6,0,405334016,EleutherAI/pythia-410m,step8,seed6,6,8
There was a concrete barrier.,There was a language barrier.,barrier,barrier,Different Sense,0.028416872024536133,1,1.692307692,6,6,0,405334016,EleutherAI/pythia-410m,step8,seed6,6,8
There was a concrete barrier.,There was a language barrier.,barrier,barrier,Different Sense,0.041136980056762695,2,1.692307692,6,6,0,405334016,EleutherAI/pythia-410m,step8,seed6,6,8
There was a concrete barrier.,There was a language barrier.,barrier,barrier,Different Sense,0.04571956396102905,3,1.692307692,6,6,0,405334016,EleutherAI/pythia-410m,step8,seed6,6,8
There was a concrete barrier.,There was a language barrier.,barrier,barrier,Different Sense,0.050284743309020996,4,1.692307692,6,6,0,405334016,EleutherAI/pythia-410m,step8,seed6,6,8
There was a concrete barrier.,There was a language barrier.,barrier,barrier,Different Sense,0.05060708522796631,5,1.692307692,6,6,0,405334016,EleutherAI/pythia-410m,step8,seed6,6,8
There was a concrete barrier.,There was a language barrier.,barrier,barrier,Different Sense,0.04971814155578613,6,1.692307692,6,6,0,405334016,EleutherAI/pythia-410m,step8,seed6,6,8
There was a concrete barrier.,There was a language barrier.,barrier,barrier,Different Sense,0.050330162048339844,7,1.692307692,6,6,0,405334016,EleutherAI/pythia-410m,step8,seed6,6,8
There was a concrete barrier.,There was a language barrier.,barrier,barrier,Different Sense,0.04992794990539551,8,1.692307692,6,6,0,405334016,EleutherAI/pythia-410m,step8,seed6,6,8
There was a concrete barrier.,There was a language barrier.,barrier,barrier,Different Sense,0.05021023750305176,9,1.692307692,6,6,0,405334016,EleutherAI/pythia-410m,step8,seed6,6,8
There was a concrete barrier.,There was a language barrier.,barrier,barrier,Different Sense,0.04964226484298706,10,1.692307692,6,6,0,405334016,EleutherAI/pythia-410m,step8,seed6,6,8
There was a concrete barrier.,There was a language barrier.,barrier,barrier,Different Sense,0.0479503870010376,11,1.692307692,6,6,0,405334016,EleutherAI/pythia-410m,step8,seed6,6,8
There was a concrete barrier.,There was a language barrier.,barrier,barrier,Different Sense,0.047876179218292236,12,1.692307692,6,6,0,405334016,EleutherAI/pythia-410m,step8,seed6,6,8
There was a concrete barrier.,There was a language barrier.,barrier,barrier,Different Sense,0.04638171195983887,13,1.692307692,6,6,0,405334016,EleutherAI/pythia-410m,step8,seed6,6,8
There was a concrete barrier.,There was a language barrier.,barrier,barrier,Different Sense,0.04646033048629761,14,1.692307692,6,6,0,405334016,EleutherAI/pythia-410m,step8,seed6,6,8
There was a concrete barrier.,There was a language barrier.,barrier,barrier,Different Sense,0.04565274715423584,15,1.692307692,6,6,0,405334016,EleutherAI/pythia-410m,step8,seed6,6,8
There was a concrete barrier.,There was a language barrier.,barrier,barrier,Different Sense,0.04488539695739746,16,1.692307692,6,6,0,405334016,EleutherAI/pythia-410m,step8,seed6,6,8
There was a concrete barrier.,There was a language barrier.,barrier,barrier,Different Sense,0.044568002223968506,17,1.692307692,6,6,0,405334016,EleutherAI/pythia-410m,step8,seed6,6,8
There was a concrete barrier.,There was a language barrier.,barrier,barrier,Different Sense,0.044209957122802734,18,1.692307692,6,6,0,405334016,EleutherAI/pythia-410m,step8,seed6,6,8
There was a concrete barrier.,There was a language barrier.,barrier,barrier,Different Sense,0.04333430528640747,19,1.692307692,6,6,0,405334016,EleutherAI/pythia-410m,step8,seed6,6,8
There was a concrete barrier.,There was a language barrier.,barrier,barrier,Different Sense,0.04224294424057007,20,1.692307692,6,6,0,405334016,EleutherAI/pythia-410m,step8,seed6,6,8
There was a concrete barrier.,There was a language barrier.,barrier,barrier,Different Sense,0.04292565584182739,21,1.692307692,6,6,0,405334016,EleutherAI/pythia-410m,step8,seed6,6,8
There was a concrete barrier.,There was a language barrier.,barrier,barrier,Different Sense,0.04189068078994751,22,1.692307692,6,6,0,405334016,EleutherAI/pythia-410m,step8,seed6,6,8
There was a concrete barrier.,There was a language barrier.,barrier,barrier,Different Sense,0.041869282722473145,23,1.692307692,6,6,0,405334016,EleutherAI/pythia-410m,step8,seed6,6,8
There was a concrete barrier.,There was a language barrier.,barrier,barrier,Different Sense,0.04223865270614624,24,1.692307692,6,6,0,405334016,EleutherAI/pythia-410m,step8,seed6,6,8
There was a concrete barrier.,There was a religious barrier.,barrier,barrier,Different Sense,0.0,0,1.727272727,6,6,0,405334016,EleutherAI/pythia-410m,step8,seed6,6,8
There was a concrete barrier.,There was a religious barrier.,barrier,barrier,Different Sense,0.030631303787231445,1,1.727272727,6,6,0,405334016,EleutherAI/pythia-410m,step8,seed6,6,8
There was a concrete barrier.,There was a religious barrier.,barrier,barrier,Different Sense,0.040322959423065186,2,1.727272727,6,6,0,405334016,EleutherAI/pythia-410m,step8,seed6,6,8
There was a concrete barrier.,There was a religious barrier.,barrier,barrier,Different Sense,0.04289335012435913,3,1.727272727,6,6,0,405334016,EleutherAI/pythia-410m,step8,seed6,6,8
There was a concrete barrier.,There was a religious barrier.,barrier,barrier,Different Sense,0.04736971855163574,4,1.727272727,6,6,0,405334016,EleutherAI/pythia-410m,step8,seed6,6,8
There was a concrete barrier.,There was a religious barrier.,barrier,barrier,Different Sense,0.04560762643814087,5,1.727272727,6,6,0,405334016,EleutherAI/pythia-410m,step8,seed6,6,8
There was a concrete barrier.,There was a religious barrier.,barrier,barrier,Different Sense,0.04473066329956055,6,1.727272727,6,6,0,405334016,EleutherAI/pythia-410m,step8,seed6,6,8
There was a concrete barrier.,There was a religious barrier.,barrier,barrier,Different Sense,0.04326069355010986,7,1.727272727,6,6,0,405334016,EleutherAI/pythia-410m,step8,seed6,6,8
There was a concrete barrier.,There was a religious barrier.,barrier,barrier,Different Sense,0.04357796907424927,8,1.727272727,6,6,0,405334016,EleutherAI/pythia-410m,step8,seed6,6,8
There was a concrete barrier.,There was a religious barrier.,barrier,barrier,Different Sense,0.04591834545135498,9,1.727272727,6,6,0,405334016,EleutherAI/pythia-410m,step8,seed6,6,8
There was a concrete barrier.,There was a religious barrier.,barrier,barrier,Different Sense,0.04526466131210327,10,1.727272727,6,6,0,405334016,EleutherAI/pythia-410m,step8,seed6,6,8
There was a concrete barrier.,There was a religious barrier.,barrier,barrier,Different Sense,0.044955313205718994,11,1.727272727,6,6,0,405334016,EleutherAI/pythia-410m,step8,seed6,6,8
There was a concrete barrier.,There was a religious barrier.,barrier,barrier,Different Sense,0.04493284225463867,12,1.727272727,6,6,0,405334016,EleutherAI/pythia-410m,step8,seed6,6,8
There was a concrete barrier.,There was a religious barrier.,barrier,barrier,Different Sense,0.04453277587890625,13,1.727272727,6,6,0,405334016,EleutherAI/pythia-410m,step8,seed6,6,8
There was a concrete barrier.,There was a religious barrier.,barrier,barrier,Different Sense,0.04341369867324829,14,1.727272727,6,6,0,405334016,EleutherAI/pythia-410m,step8,seed6,6,8
There was a concrete barrier.,There was a religious barrier.,barrier,barrier,Different Sense,0.04302036762237549,15,1.727272727,6,6,0,405334016,EleutherAI/pythia-410m,step8,seed6,6,8
There was a concrete barrier.,There was a religious barrier.,barrier,barrier,Different Sense,0.04238927364349365,16,1.727272727,6,6,0,405334016,EleutherAI/pythia-410m,step8,seed6,6,8
There was a concrete barrier.,There was a religious barrier.,barrier,barrier,Different Sense,0.04116320610046387,17,1.727272727,6,6,0,405334016,EleutherAI/pythia-410m,step8,seed6,6,8
There was a concrete barrier.,There was a religious barrier.,barrier,barrier,Different Sense,0.04141467809677124,18,1.727272727,6,6,0,405334016,EleutherAI/pythia-410m,step8,seed6,6,8
There was a concrete barrier.,There was a religious barrier.,barrier,barrier,Different Sense,0.04165691137313843,19,1.727272727,6,6,0,405334016,EleutherAI/pythia-410m,step8,seed6,6,8
There was a concrete barrier.,There was a religious barrier.,barrier,barrier,Different Sense,0.04161292314529419,20,1.727272727,6,6,0,405334016,EleutherAI/pythia-410m,step8,seed6,6,8
There was a concrete barrier.,There was a religious barrier.,barrier,barrier,Different Sense,0.042059123516082764,21,1.727272727,6,6,0,405334016,EleutherAI/pythia-410m,step8,seed6,6,8
There was a concrete barrier.,There was a religious barrier.,barrier,barrier,Different Sense,0.04097956418991089,22,1.727272727,6,6,0,405334016,EleutherAI/pythia-410m,step8,seed6,6,8
There was a concrete barrier.,There was a religious barrier.,barrier,barrier,Different Sense,0.040546417236328125,23,1.727272727,6,6,0,405334016,EleutherAI/pythia-410m,step8,seed6,6,8
There was a concrete barrier.,There was a religious barrier.,barrier,barrier,Different Sense,0.040851593017578125,24,1.727272727,6,6,0,405334016,EleutherAI/pythia-410m,step8,seed6,6,8
There was a police barrier.,There was a concrete barrier.,barrier,barrier,Same Sense,0.0,0,2.923076923,6,6,0,405334016,EleutherAI/pythia-410m,step8,seed6,6,8
There was a police barrier.,There was a concrete barrier.,barrier,barrier,Same Sense,0.0286257266998291,1,2.923076923,6,6,0,405334016,EleutherAI/pythia-410m,step8,seed6,6,8
There was a police barrier.,There was a concrete barrier.,barrier,barrier,Same Sense,0.041026294231414795,2,2.923076923,6,6,0,405334016,EleutherAI/pythia-410m,step8,seed6,6,8
There was a police barrier.,There was a concrete barrier.,barrier,barrier,Same Sense,0.0441514253616333,3,2.923076923,6,6,0,405334016,EleutherAI/pythia-410m,step8,seed6,6,8
There was a police barrier.,There was a concrete barrier.,barrier,barrier,Same Sense,0.04733860492706299,4,2.923076923,6,6,0,405334016,EleutherAI/pythia-410m,step8,seed6,6,8
There was a police barrier.,There was a concrete barrier.,barrier,barrier,Same Sense,0.04640471935272217,5,2.923076923,6,6,0,405334016,EleutherAI/pythia-410m,step8,seed6,6,8
There was a police barrier.,There was a concrete barrier.,barrier,barrier,Same Sense,0.04596889019012451,6,2.923076923,6,6,0,405334016,EleutherAI/pythia-410m,step8,seed6,6,8
There was a police barrier.,There was a concrete barrier.,barrier,barrier,Same Sense,0.04357349872589111,7,2.923076923,6,6,0,405334016,EleutherAI/pythia-410m,step8,seed6,6,8
There was a police barrier.,There was a concrete barrier.,barrier,barrier,Same Sense,0.04628103971481323,8,2.923076923,6,6,0,405334016,EleutherAI/pythia-410m,step8,seed6,6,8
There was a police barrier.,There was a concrete barrier.,barrier,barrier,Same Sense,0.046947181224823,9,2.923076923,6,6,0,405334016,EleutherAI/pythia-410m,step8,seed6,6,8
There was a police barrier.,There was a concrete barrier.,barrier,barrier,Same Sense,0.04680997133255005,10,2.923076923,6,6,0,405334016,EleutherAI/pythia-410m,step8,seed6,6,8
There was a police barrier.,There was a concrete barrier.,barrier,barrier,Same Sense,0.046504199504852295,11,2.923076923,6,6,0,405334016,EleutherAI/pythia-410m,step8,seed6,6,8
There was a police barrier.,There was a concrete barrier.,barrier,barrier,Same Sense,0.047073185443878174,12,2.923076923,6,6,0,405334016,EleutherAI/pythia-410m,step8,seed6,6,8
There was a police barrier.,There was a concrete barrier.,barrier,barrier,Same Sense,0.04619699716567993,13,2.923076923,6,6,0,405334016,EleutherAI/pythia-410m,step8,seed6,6,8
There was a police barrier.,There was a concrete barrier.,barrier,barrier,Same Sense,0.04558134078979492,14,2.923076923,6,6,0,405334016,EleutherAI/pythia-410m,step8,seed6,6,8
There was a police barrier.,There was a concrete barrier.,barrier,barrier,Same Sense,0.04493212699890137,15,2.923076923,6,6,0,405334016,EleutherAI/pythia-410m,step8,seed6,6,8
There was a police barrier.,There was a concrete barrier.,barrier,barrier,Same Sense,0.044658660888671875,16,2.923076923,6,6,0,405334016,EleutherAI/pythia-410m,step8,seed6,6,8
There was a police barrier.,There was a concrete barrier.,barrier,barrier,Same Sense,0.04433327913284302,17,2.923076923,6,6,0,405334016,EleutherAI/pythia-410m,step8,seed6,6,8
There was a police barrier.,There was a concrete barrier.,barrier,barrier,Same Sense,0.04444795846939087,18,2.923076923,6,6,0,405334016,EleutherAI/pythia-410m,step8,seed6,6,8
There was a police barrier.,There was a concrete barrier.,barrier,barrier,Same Sense,0.0436323881149292,19,2.923076923,6,6,0,405334016,EleutherAI/pythia-410m,step8,seed6,6,8
There was a police barrier.,There was a concrete barrier.,barrier,barrier,Same Sense,0.043510377407073975,20,2.923076923,6,6,0,405334016,EleutherAI/pythia-410m,step8,seed6,6,8
There was a police barrier.,There was a concrete barrier.,barrier,barrier,Same Sense,0.04375380277633667,21,2.923076923,6,6,0,405334016,EleutherAI/pythia-410m,step8,seed6,6,8
There was a police barrier.,There was a concrete barrier.,barrier,barrier,Same Sense,0.04285913705825806,22,2.923076923,6,6,0,405334016,EleutherAI/pythia-410m,step8,seed6,6,8
There was a police barrier.,There was a concrete barrier.,barrier,barrier,Same Sense,0.04237782955169678,23,2.923076923,6,6,0,405334016,EleutherAI/pythia-410m,step8,seed6,6,8
There was a police barrier.,There was a concrete barrier.,barrier,barrier,Same Sense,0.043035805225372314,24,2.923076923,6,6,0,405334016,EleutherAI/pythia-410m,step8,seed6,6,8
There was a language barrier.,There was a religious barrier.,barrier,barrier,Same Sense,0.0,0,3.538461538,6,6,0,405334016,EleutherAI/pythia-410m,step8,seed6,6,8
There was a language barrier.,There was a religious barrier.,barrier,barrier,Same Sense,0.023653864860534668,1,3.538461538,6,6,0,405334016,EleutherAI/pythia-410m,step8,seed6,6,8
There was a language barrier.,There was a religious barrier.,barrier,barrier,Same Sense,0.0315852165222168,2,3.538461538,6,6,0,405334016,EleutherAI/pythia-410m,step8,seed6,6,8
There was a language barrier.,There was a religious barrier.,barrier,barrier,Same Sense,0.03649932146072388,3,3.538461538,6,6,0,405334016,EleutherAI/pythia-410m,step8,seed6,6,8
There was a language barrier.,There was a religious barrier.,barrier,barrier,Same Sense,0.04181402921676636,4,3.538461538,6,6,0,405334016,EleutherAI/pythia-410m,step8,seed6,6,8
There was a language barrier.,There was a religious barrier.,barrier,barrier,Same Sense,0.04046529531478882,5,3.538461538,6,6,0,405334016,EleutherAI/pythia-410m,step8,seed6,6,8
There was a language barrier.,There was a religious barrier.,barrier,barrier,Same Sense,0.04140639305114746,6,3.538461538,6,6,0,405334016,EleutherAI/pythia-410m,step8,seed6,6,8
There was a language barrier.,There was a religious barrier.,barrier,barrier,Same Sense,0.04130756855010986,7,3.538461538,6,6,0,405334016,EleutherAI/pythia-410m,step8,seed6,6,8
There was a language barrier.,There was a religious barrier.,barrier,barrier,Same Sense,0.04063618183135986,8,3.538461538,6,6,0,405334016,EleutherAI/pythia-410m,step8,seed6,6,8
There was a language barrier.,There was a religious barrier.,barrier,barrier,Same Sense,0.04112511873245239,9,3.538461538,6,6,0,405334016,EleutherAI/pythia-410m,step8,seed6,6,8
There was a language barrier.,There was a religious barrier.,barrier,barrier,Same Sense,0.04127377271652222,10,3.538461538,6,6,0,405334016,EleutherAI/pythia-410m,step8,seed6,6,8
There was a language barrier.,There was a religious barrier.,barrier,barrier,Same Sense,0.03867596387863159,11,3.538461538,6,6,0,405334016,EleutherAI/pythia-410m,step8,seed6,6,8
There was a language barrier.,There was a religious barrier.,barrier,barrier,Same Sense,0.03788483142852783,12,3.538461538,6,6,0,405334016,EleutherAI/pythia-410m,step8,seed6,6,8
There was a language barrier.,There was a religious barrier.,barrier,barrier,Same Sense,0.03793144226074219,13,3.538461538,6,6,0,405334016,EleutherAI/pythia-410m,step8,seed6,6,8
There was a language barrier.,There was a religious barrier.,barrier,barrier,Same Sense,0.037516891956329346,14,3.538461538,6,6,0,405334016,EleutherAI/pythia-410m,step8,seed6,6,8
There was a language barrier.,There was a religious barrier.,barrier,barrier,Same Sense,0.036512911319732666,15,3.538461538,6,6,0,405334016,EleutherAI/pythia-410m,step8,seed6,6,8
There was a language barrier.,There was a religious barrier.,barrier,barrier,Same Sense,0.035430073738098145,16,3.538461538,6,6,0,405334016,EleutherAI/pythia-410m,step8,seed6,6,8
There was a language barrier.,There was a religious barrier.,barrier,barrier,Same Sense,0.03537791967391968,17,3.538461538,6,6,0,405334016,EleutherAI/pythia-410m,step8,seed6,6,8
There was a language barrier.,There was a religious barrier.,barrier,barrier,Same Sense,0.0354195237159729,18,3.538461538,6,6,0,405334016,EleutherAI/pythia-410m,step8,seed6,6,8
There was a language barrier.,There was a religious barrier.,barrier,barrier,Same Sense,0.03495556116104126,19,3.538461538,6,6,0,405334016,EleutherAI/pythia-410m,step8,seed6,6,8
There was a language barrier.,There was a religious barrier.,barrier,barrier,Same Sense,0.034958064556121826,20,3.538461538,6,6,0,405334016,EleutherAI/pythia-410m,step8,seed6,6,8
There was a language barrier.,There was a religious barrier.,barrier,barrier,Same Sense,0.03503549098968506,21,3.538461538,6,6,0,405334016,EleutherAI/pythia-410m,step8,seed6,6,8
There was a language barrier.,There was a religious barrier.,barrier,barrier,Same Sense,0.034178853034973145,22,3.538461538,6,6,0,405334016,EleutherAI/pythia-410m,step8,seed6,6,8
There was a language barrier.,There was a religious barrier.,barrier,barrier,Same Sense,0.03384804725646973,23,3.538461538,6,6,0,405334016,EleutherAI/pythia-410m,step8,seed6,6,8
There was a language barrier.,There was a religious barrier.,barrier,barrier,Same Sense,0.03369784355163574,24,3.538461538,6,6,0,405334016,EleutherAI/pythia-410m,step8,seed6,6,8
He saw a furry bat.,He saw a wooden bat.,bat,bat,Different Sense,0.0,0,0.0,7,6,1,405334016,EleutherAI/pythia-410m,step8,seed6,6,8
He saw a furry bat.,He saw a wooden bat.,bat,bat,Different Sense,0.03229457139968872,1,0.0,7,6,1,405334016,EleutherAI/pythia-410m,step8,seed6,6,8
He saw a furry bat.,He saw a wooden bat.,bat,bat,Different Sense,0.044947683811187744,2,0.0,7,6,1,405334016,EleutherAI/pythia-410m,step8,seed6,6,8
He saw a furry bat.,He saw a wooden bat.,bat,bat,Different Sense,0.05191129446029663,3,0.0,7,6,1,405334016,EleutherAI/pythia-410m,step8,seed6,6,8
He saw a furry bat.,He saw a wooden bat.,bat,bat,Different Sense,0.05373281240463257,4,0.0,7,6,1,405334016,EleutherAI/pythia-410m,step8,seed6,6,8
He saw a furry bat.,He saw a wooden bat.,bat,bat,Different Sense,0.05514514446258545,5,0.0,7,6,1,405334016,EleutherAI/pythia-410m,step8,seed6,6,8
He saw a furry bat.,He saw a wooden bat.,bat,bat,Different Sense,0.05187433958053589,6,0.0,7,6,1,405334016,EleutherAI/pythia-410m,step8,seed6,6,8
He saw a furry bat.,He saw a wooden bat.,bat,bat,Different Sense,0.053530871868133545,7,0.0,7,6,1,405334016,EleutherAI/pythia-410m,step8,seed6,6,8
He saw a furry bat.,He saw a wooden bat.,bat,bat,Different Sense,0.05408346652984619,8,0.0,7,6,1,405334016,EleutherAI/pythia-410m,step8,seed6,6,8
He saw a furry bat.,He saw a wooden bat.,bat,bat,Different Sense,0.05449795722961426,9,0.0,7,6,1,405334016,EleutherAI/pythia-410m,step8,seed6,6,8
He saw a furry bat.,He saw a wooden bat.,bat,bat,Different Sense,0.053734004497528076,10,0.0,7,6,1,405334016,EleutherAI/pythia-410m,step8,seed6,6,8
He saw a furry bat.,He saw a wooden bat.,bat,bat,Different Sense,0.052728474140167236,11,0.0,7,6,1,405334016,EleutherAI/pythia-410m,step8,seed6,6,8
He saw a furry bat.,He saw a wooden bat.,bat,bat,Different Sense,0.053412020206451416,12,0.0,7,6,1,405334016,EleutherAI/pythia-410m,step8,seed6,6,8
He saw a furry bat.,He saw a wooden bat.,bat,bat,Different Sense,0.05370289087295532,13,0.0,7,6,1,405334016,EleutherAI/pythia-410m,step8,seed6,6,8
He saw a furry bat.,He saw a wooden bat.,bat,bat,Different Sense,0.05115729570388794,14,0.0,7,6,1,405334016,EleutherAI/pythia-410m,step8,seed6,6,8
He saw a furry bat.,He saw a wooden bat.,bat,bat,Different Sense,0.049707770347595215,15,0.0,7,6,1,405334016,EleutherAI/pythia-410m,step8,seed6,6,8
He saw a furry bat.,He saw a wooden bat.,bat,bat,Different Sense,0.050038039684295654,16,0.0,7,6,1,405334016,EleutherAI/pythia-410m,step8,seed6,6,8
He saw a furry bat.,He saw a wooden bat.,bat,bat,Different Sense,0.05061441659927368,17,0.0,7,6,1,405334016,EleutherAI/pythia-410m,step8,seed6,6,8
He saw a furry bat.,He saw a wooden bat.,bat,bat,Different Sense,0.05255788564682007,18,0.0,7,6,1,405334016,EleutherAI/pythia-410m,step8,seed6,6,8
He saw a furry bat.,He saw a wooden bat.,bat,bat,Different Sense,0.0496751070022583,19,0.0,7,6,1,405334016,EleutherAI/pythia-410m,step8,seed6,6,8
He saw a furry bat.,He saw a wooden bat.,bat,bat,Different Sense,0.04855775833129883,20,0.0,7,6,1,405334016,EleutherAI/pythia-410m,step8,seed6,6,8
He saw a furry bat.,He saw a wooden bat.,bat,bat,Different Sense,0.04823392629623413,21,0.0,7,6,1,405334016,EleutherAI/pythia-410m,step8,seed6,6,8
He saw a furry bat.,He saw a wooden bat.,bat,bat,Different Sense,0.047337234020233154,22,0.0,7,6,1,405334016,EleutherAI/pythia-410m,step8,seed6,6,8
He saw a furry bat.,He saw a wooden bat.,bat,bat,Different Sense,0.04551589488983154,23,0.0,7,6,1,405334016,EleutherAI/pythia-410m,step8,seed6,6,8
He saw a furry bat.,He saw a wooden bat.,bat,bat,Different Sense,0.04630720615386963,24,0.0,7,6,1,405334016,EleutherAI/pythia-410m,step8,seed6,6,8
He saw a furry bat.,He saw a baseball bat.,bat,bat,Different Sense,0.0,0,0.5,7,6,1,405334016,EleutherAI/pythia-410m,step8,seed6,6,8
He saw a furry bat.,He saw a baseball bat.,bat,bat,Different Sense,0.026711583137512207,1,0.5,7,6,1,405334016,EleutherAI/pythia-410m,step8,seed6,6,8
He saw a furry bat.,He saw a baseball bat.,bat,bat,Different Sense,0.035345375537872314,2,0.5,7,6,1,405334016,EleutherAI/pythia-410m,step8,seed6,6,8
He saw a furry bat.,He saw a baseball bat.,bat,bat,Different Sense,0.04210472106933594,3,0.5,7,6,1,405334016,EleutherAI/pythia-410m,step8,seed6,6,8
He saw a furry bat.,He saw a baseball bat.,bat,bat,Different Sense,0.0432053804397583,4,0.5,7,6,1,405334016,EleutherAI/pythia-410m,step8,seed6,6,8
He saw a furry bat.,He saw a baseball bat.,bat,bat,Different Sense,0.043696701526641846,5,0.5,7,6,1,405334016,EleutherAI/pythia-410m,step8,seed6,6,8
He saw a furry bat.,He saw a baseball bat.,bat,bat,Different Sense,0.04364544153213501,6,0.5,7,6,1,405334016,EleutherAI/pythia-410m,step8,seed6,6,8
He saw a furry bat.,He saw a baseball bat.,bat,bat,Different Sense,0.04414170980453491,7,0.5,7,6,1,405334016,EleutherAI/pythia-410m,step8,seed6,6,8
He saw a furry bat.,He saw a baseball bat.,bat,bat,Different Sense,0.04611080884933472,8,0.5,7,6,1,405334016,EleutherAI/pythia-410m,step8,seed6,6,8
He saw a furry bat.,He saw a baseball bat.,bat,bat,Different Sense,0.04604625701904297,9,0.5,7,6,1,405334016,EleutherAI/pythia-410m,step8,seed6,6,8
He saw a furry bat.,He saw a baseball bat.,bat,bat,Different Sense,0.04536408185958862,10,0.5,7,6,1,405334016,EleutherAI/pythia-410m,step8,seed6,6,8
He saw a furry bat.,He saw a baseball bat.,bat,bat,Different Sense,0.04622459411621094,11,0.5,7,6,1,405334016,EleutherAI/pythia-410m,step8,seed6,6,8
He saw a furry bat.,He saw a baseball bat.,bat,bat,Different Sense,0.047067224979400635,12,0.5,7,6,1,405334016,EleutherAI/pythia-410m,step8,seed6,6,8
He saw a furry bat.,He saw a baseball bat.,bat,bat,Different Sense,0.04783034324645996,13,0.5,7,6,1,405334016,EleutherAI/pythia-410m,step8,seed6,6,8
He saw a furry bat.,He saw a baseball bat.,bat,bat,Different Sense,0.045792579650878906,14,0.5,7,6,1,405334016,EleutherAI/pythia-410m,step8,seed6,6,8
He saw a furry bat.,He saw a baseball bat.,bat,bat,Different Sense,0.045327961444854736,15,0.5,7,6,1,405334016,EleutherAI/pythia-410m,step8,seed6,6,8
He saw a furry bat.,He saw a baseball bat.,bat,bat,Different Sense,0.045637667179107666,16,0.5,7,6,1,405334016,EleutherAI/pythia-410m,step8,seed6,6,8
He saw a furry bat.,He saw a baseball bat.,bat,bat,Different Sense,0.046229541301727295,17,0.5,7,6,1,405334016,EleutherAI/pythia-410m,step8,seed6,6,8
He saw a furry bat.,He saw a baseball bat.,bat,bat,Different Sense,0.04700517654418945,18,0.5,7,6,1,405334016,EleutherAI/pythia-410m,step8,seed6,6,8
He saw a furry bat.,He saw a baseball bat.,bat,bat,Different Sense,0.044265568256378174,19,0.5,7,6,1,405334016,EleutherAI/pythia-410m,step8,seed6,6,8
He saw a furry bat.,He saw a baseball bat.,bat,bat,Different Sense,0.04388707876205444,20,0.5,7,6,1,405334016,EleutherAI/pythia-410m,step8,seed6,6,8
He saw a furry bat.,He saw a baseball bat.,bat,bat,Different Sense,0.04388004541397095,21,0.5,7,6,1,405334016,EleutherAI/pythia-410m,step8,seed6,6,8
He saw a furry bat.,He saw a baseball bat.,bat,bat,Different Sense,0.04263019561767578,22,0.5,7,6,1,405334016,EleutherAI/pythia-410m,step8,seed6,6,8
He saw a furry bat.,He saw a baseball bat.,bat,bat,Different Sense,0.04155927896499634,23,0.5,7,6,1,405334016,EleutherAI/pythia-410m,step8,seed6,6,8
He saw a furry bat.,He saw a baseball bat.,bat,bat,Different Sense,0.04152572154998779,24,0.5,7,6,1,405334016,EleutherAI/pythia-410m,step8,seed6,6,8
He saw a fruit bat.,He saw a wooden bat.,bat,bat,Different Sense,0.0,0,0.2,6,6,0,405334016,EleutherAI/pythia-410m,step8,seed6,6,8
He saw a fruit bat.,He saw a wooden bat.,bat,bat,Different Sense,0.027656972408294678,1,0.2,6,6,0,405334016,EleutherAI/pythia-410m,step8,seed6,6,8
He saw a fruit bat.,He saw a wooden bat.,bat,bat,Different Sense,0.0394514799118042,2,0.2,6,6,0,405334016,EleutherAI/pythia-410m,step8,seed6,6,8
He saw a fruit bat.,He saw a wooden bat.,bat,bat,Different Sense,0.04645472764968872,3,0.2,6,6,0,405334016,EleutherAI/pythia-410m,step8,seed6,6,8
He saw a fruit bat.,He saw a wooden bat.,bat,bat,Different Sense,0.04630160331726074,4,0.2,6,6,0,405334016,EleutherAI/pythia-410m,step8,seed6,6,8
He saw a fruit bat.,He saw a wooden bat.,bat,bat,Different Sense,0.04682713747024536,5,0.2,6,6,0,405334016,EleutherAI/pythia-410m,step8,seed6,6,8
He saw a fruit bat.,He saw a wooden bat.,bat,bat,Different Sense,0.04439413547515869,6,0.2,6,6,0,405334016,EleutherAI/pythia-410m,step8,seed6,6,8
He saw a fruit bat.,He saw a wooden bat.,bat,bat,Different Sense,0.04687654972076416,7,0.2,6,6,0,405334016,EleutherAI/pythia-410m,step8,seed6,6,8
He saw a fruit bat.,He saw a wooden bat.,bat,bat,Different Sense,0.04826915264129639,8,0.2,6,6,0,405334016,EleutherAI/pythia-410m,step8,seed6,6,8
He saw a fruit bat.,He saw a wooden bat.,bat,bat,Different Sense,0.048180341720581055,9,0.2,6,6,0,405334016,EleutherAI/pythia-410m,step8,seed6,6,8
He saw a fruit bat.,He saw a wooden bat.,bat,bat,Different Sense,0.04636627435684204,10,0.2,6,6,0,405334016,EleutherAI/pythia-410m,step8,seed6,6,8
He saw a fruit bat.,He saw a wooden bat.,bat,bat,Different Sense,0.04605656862258911,11,0.2,6,6,0,405334016,EleutherAI/pythia-410m,step8,seed6,6,8
He saw a fruit bat.,He saw a wooden bat.,bat,bat,Different Sense,0.04534274339675903,12,0.2,6,6,0,405334016,EleutherAI/pythia-410m,step8,seed6,6,8
He saw a fruit bat.,He saw a wooden bat.,bat,bat,Different Sense,0.046252667903900146,13,0.2,6,6,0,405334016,EleutherAI/pythia-410m,step8,seed6,6,8
He saw a fruit bat.,He saw a wooden bat.,bat,bat,Different Sense,0.04429662227630615,14,0.2,6,6,0,405334016,EleutherAI/pythia-410m,step8,seed6,6,8
He saw a fruit bat.,He saw a wooden bat.,bat,bat,Different Sense,0.04327523708343506,15,0.2,6,6,0,405334016,EleutherAI/pythia-410m,step8,seed6,6,8
He saw a fruit bat.,He saw a wooden bat.,bat,bat,Different Sense,0.0424267053604126,16,0.2,6,6,0,405334016,EleutherAI/pythia-410m,step8,seed6,6,8
He saw a fruit bat.,He saw a wooden bat.,bat,bat,Different Sense,0.04152590036392212,17,0.2,6,6,0,405334016,EleutherAI/pythia-410m,step8,seed6,6,8
He saw a fruit bat.,He saw a wooden bat.,bat,bat,Different Sense,0.04253268241882324,18,0.2,6,6,0,405334016,EleutherAI/pythia-410m,step8,seed6,6,8
He saw a fruit bat.,He saw a wooden bat.,bat,bat,Different Sense,0.04187190532684326,19,0.2,6,6,0,405334016,EleutherAI/pythia-410m,step8,seed6,6,8
He saw a fruit bat.,He saw a wooden bat.,bat,bat,Different Sense,0.04057055711746216,20,0.2,6,6,0,405334016,EleutherAI/pythia-410m,step8,seed6,6,8
He saw a fruit bat.,He saw a wooden bat.,bat,bat,Different Sense,0.04049277305603027,21,0.2,6,6,0,405334016,EleutherAI/pythia-410m,step8,seed6,6,8
He saw a fruit bat.,He saw a wooden bat.,bat,bat,Different Sense,0.039607226848602295,22,0.2,6,6,0,405334016,EleutherAI/pythia-410m,step8,seed6,6,8
He saw a fruit bat.,He saw a wooden bat.,bat,bat,Different Sense,0.03870958089828491,23,0.2,6,6,0,405334016,EleutherAI/pythia-410m,step8,seed6,6,8
He saw a fruit bat.,He saw a wooden bat.,bat,bat,Different Sense,0.039059460163116455,24,0.2,6,6,0,405334016,EleutherAI/pythia-410m,step8,seed6,6,8
He saw a fruit bat.,He saw a baseball bat.,bat,bat,Different Sense,0.0,0,0.083333333,6,6,0,405334016,EleutherAI/pythia-410m,step8,seed6,6,8
He saw a fruit bat.,He saw a baseball bat.,bat,bat,Different Sense,0.027589380741119385,1,0.083333333,6,6,0,405334016,EleutherAI/pythia-410m,step8,seed6,6,8
He saw a fruit bat.,He saw a baseball bat.,bat,bat,Different Sense,0.038423240184783936,2,0.083333333,6,6,0,405334016,EleutherAI/pythia-410m,step8,seed6,6,8
He saw a fruit bat.,He saw a baseball bat.,bat,bat,Different Sense,0.0430261492729187,3,0.083333333,6,6,0,405334016,EleutherAI/pythia-410m,step8,seed6,6,8
He saw a fruit bat.,He saw a baseball bat.,bat,bat,Different Sense,0.044654011726379395,4,0.083333333,6,6,0,405334016,EleutherAI/pythia-410m,step8,seed6,6,8
He saw a fruit bat.,He saw a baseball bat.,bat,bat,Different Sense,0.045835673809051514,5,0.083333333,6,6,0,405334016,EleutherAI/pythia-410m,step8,seed6,6,8
He saw a fruit bat.,He saw a baseball bat.,bat,bat,Different Sense,0.04470360279083252,6,0.083333333,6,6,0,405334016,EleutherAI/pythia-410m,step8,seed6,6,8
He saw a fruit bat.,He saw a baseball bat.,bat,bat,Different Sense,0.04496645927429199,7,0.083333333,6,6,0,405334016,EleutherAI/pythia-410m,step8,seed6,6,8
He saw a fruit bat.,He saw a baseball bat.,bat,bat,Different Sense,0.04658597707748413,8,0.083333333,6,6,0,405334016,EleutherAI/pythia-410m,step8,seed6,6,8
He saw a fruit bat.,He saw a baseball bat.,bat,bat,Different Sense,0.0459865927696228,9,0.083333333,6,6,0,405334016,EleutherAI/pythia-410m,step8,seed6,6,8
He saw a fruit bat.,He saw a baseball bat.,bat,bat,Different Sense,0.04409390687942505,10,0.083333333,6,6,0,405334016,EleutherAI/pythia-410m,step8,seed6,6,8
He saw a fruit bat.,He saw a baseball bat.,bat,bat,Different Sense,0.04288375377655029,11,0.083333333,6,6,0,405334016,EleutherAI/pythia-410m,step8,seed6,6,8
He saw a fruit bat.,He saw a baseball bat.,bat,bat,Different Sense,0.04338216781616211,12,0.083333333,6,6,0,405334016,EleutherAI/pythia-410m,step8,seed6,6,8
He saw a fruit bat.,He saw a baseball bat.,bat,bat,Different Sense,0.0445023775100708,13,0.083333333,6,6,0,405334016,EleutherAI/pythia-410m,step8,seed6,6,8
He saw a fruit bat.,He saw a baseball bat.,bat,bat,Different Sense,0.04288691282272339,14,0.083333333,6,6,0,405334016,EleutherAI/pythia-410m,step8,seed6,6,8
He saw a fruit bat.,He saw a baseball bat.,bat,bat,Different Sense,0.04279935359954834,15,0.083333333,6,6,0,405334016,EleutherAI/pythia-410m,step8,seed6,6,8
He saw a fruit bat.,He saw a baseball bat.,bat,bat,Different Sense,0.04160177707672119,16,0.083333333,6,6,0,405334016,EleutherAI/pythia-410m,step8,seed6,6,8
He saw a fruit bat.,He saw a baseball bat.,bat,bat,Different Sense,0.04198414087295532,17,0.083333333,6,6,0,405334016,EleutherAI/pythia-410m,step8,seed6,6,8
He saw a fruit bat.,He saw a baseball bat.,bat,bat,Different Sense,0.0423814058303833,18,0.083333333,6,6,0,405334016,EleutherAI/pythia-410m,step8,seed6,6,8
He saw a fruit bat.,He saw a baseball bat.,bat,bat,Different Sense,0.041309654712677,19,0.083333333,6,6,0,405334016,EleutherAI/pythia-410m,step8,seed6,6,8
He saw a fruit bat.,He saw a baseball bat.,bat,bat,Different Sense,0.03975045680999756,20,0.083333333,6,6,0,405334016,EleutherAI/pythia-410m,step8,seed6,6,8
He saw a fruit bat.,He saw a baseball bat.,bat,bat,Different Sense,0.038799405097961426,21,0.083333333,6,6,0,405334016,EleutherAI/pythia-410m,step8,seed6,6,8
He saw a fruit bat.,He saw a baseball bat.,bat,bat,Different Sense,0.038627028465270996,22,0.083333333,6,6,0,405334016,EleutherAI/pythia-410m,step8,seed6,6,8
He saw a fruit bat.,He saw a baseball bat.,bat,bat,Different Sense,0.037619173526763916,23,0.083333333,6,6,0,405334016,EleutherAI/pythia-410m,step8,seed6,6,8
He saw a fruit bat.,He saw a baseball bat.,bat,bat,Different Sense,0.037773728370666504,24,0.083333333,6,6,0,405334016,EleutherAI/pythia-410m,step8,seed6,6,8
He saw a furry bat.,He saw a fruit bat.,bat,bat,Same Sense,0.0,0,3.55,7,6,1,405334016,EleutherAI/pythia-410m,step8,seed6,6,8
He saw a furry bat.,He saw a fruit bat.,bat,bat,Same Sense,0.02832043170928955,1,3.55,7,6,1,405334016,EleutherAI/pythia-410m,step8,seed6,6,8
He saw a furry bat.,He saw a fruit bat.,bat,bat,Same Sense,0.04265862703323364,2,3.55,7,6,1,405334016,EleutherAI/pythia-410m,step8,seed6,6,8
He saw a furry bat.,He saw a fruit bat.,bat,bat,Same Sense,0.049887239933013916,3,3.55,7,6,1,405334016,EleutherAI/pythia-410m,step8,seed6,6,8
He saw a furry bat.,He saw a fruit bat.,bat,bat,Same Sense,0.05197697877883911,4,3.55,7,6,1,405334016,EleutherAI/pythia-410m,step8,seed6,6,8
He saw a furry bat.,He saw a fruit bat.,bat,bat,Same Sense,0.05435323715209961,5,3.55,7,6,1,405334016,EleutherAI/pythia-410m,step8,seed6,6,8
He saw a furry bat.,He saw a fruit bat.,bat,bat,Same Sense,0.05288589000701904,6,3.55,7,6,1,405334016,EleutherAI/pythia-410m,step8,seed6,6,8
He saw a furry bat.,He saw a fruit bat.,bat,bat,Same Sense,0.051455676555633545,7,3.55,7,6,1,405334016,EleutherAI/pythia-410m,step8,seed6,6,8
He saw a furry bat.,He saw a fruit bat.,bat,bat,Same Sense,0.053255319595336914,8,3.55,7,6,1,405334016,EleutherAI/pythia-410m,step8,seed6,6,8
He saw a furry bat.,He saw a fruit bat.,bat,bat,Same Sense,0.05226641893386841,9,3.55,7,6,1,405334016,EleutherAI/pythia-410m,step8,seed6,6,8
He saw a furry bat.,He saw a fruit bat.,bat,bat,Same Sense,0.05201411247253418,10,3.55,7,6,1,405334016,EleutherAI/pythia-410m,step8,seed6,6,8
He saw a furry bat.,He saw a fruit bat.,bat,bat,Same Sense,0.05213505029678345,11,3.55,7,6,1,405334016,EleutherAI/pythia-410m,step8,seed6,6,8
He saw a furry bat.,He saw a fruit bat.,bat,bat,Same Sense,0.052200496196746826,12,3.55,7,6,1,405334016,EleutherAI/pythia-410m,step8,seed6,6,8
He saw a furry bat.,He saw a fruit bat.,bat,bat,Same Sense,0.05282372236251831,13,3.55,7,6,1,405334016,EleutherAI/pythia-410m,step8,seed6,6,8
He saw a furry bat.,He saw a fruit bat.,bat,bat,Same Sense,0.0509340763092041,14,3.55,7,6,1,405334016,EleutherAI/pythia-410m,step8,seed6,6,8
He saw a furry bat.,He saw a fruit bat.,bat,bat,Same Sense,0.049813926219940186,15,3.55,7,6,1,405334016,EleutherAI/pythia-410m,step8,seed6,6,8
He saw a furry bat.,He saw a fruit bat.,bat,bat,Same Sense,0.04772299528121948,16,3.55,7,6,1,405334016,EleutherAI/pythia-410m,step8,seed6,6,8
He saw a furry bat.,He saw a fruit bat.,bat,bat,Same Sense,0.04738569259643555,17,3.55,7,6,1,405334016,EleutherAI/pythia-410m,step8,seed6,6,8
He saw a furry bat.,He saw a fruit bat.,bat,bat,Same Sense,0.04786735773086548,18,3.55,7,6,1,405334016,EleutherAI/pythia-410m,step8,seed6,6,8
He saw a furry bat.,He saw a fruit bat.,bat,bat,Same Sense,0.04566866159439087,19,3.55,7,6,1,405334016,EleutherAI/pythia-410m,step8,seed6,6,8
He saw a furry bat.,He saw a fruit bat.,bat,bat,Same Sense,0.04449218511581421,20,3.55,7,6,1,405334016,EleutherAI/pythia-410m,step8,seed6,6,8
He saw a furry bat.,He saw a fruit bat.,bat,bat,Same Sense,0.04456329345703125,21,3.55,7,6,1,405334016,EleutherAI/pythia-410m,step8,seed6,6,8
He saw a furry bat.,He saw a fruit bat.,bat,bat,Same Sense,0.042881131172180176,22,3.55,7,6,1,405334016,EleutherAI/pythia-410m,step8,seed6,6,8
He saw a furry bat.,He saw a fruit bat.,bat,bat,Same Sense,0.041512906551361084,23,3.55,7,6,1,405334016,EleutherAI/pythia-410m,step8,seed6,6,8
He saw a furry bat.,He saw a fruit bat.,bat,bat,Same Sense,0.04121756553649902,24,3.55,7,6,1,405334016,EleutherAI/pythia-410m,step8,seed6,6,8
He saw a wooden bat.,He saw a baseball bat.,bat,bat,Same Sense,0.0,0,3.545454545,6,6,0,405334016,EleutherAI/pythia-410m,step8,seed6,6,8
He saw a wooden bat.,He saw a baseball bat.,bat,bat,Same Sense,0.02633756399154663,1,3.545454545,6,6,0,405334016,EleutherAI/pythia-410m,step8,seed6,6,8
He saw a wooden bat.,He saw a baseball bat.,bat,bat,Same Sense,0.03433823585510254,2,3.545454545,6,6,0,405334016,EleutherAI/pythia-410m,step8,seed6,6,8
He saw a wooden bat.,He saw a baseball bat.,bat,bat,Same Sense,0.04038667678833008,3,3.545454545,6,6,0,405334016,EleutherAI/pythia-410m,step8,seed6,6,8
He saw a wooden bat.,He saw a baseball bat.,bat,bat,Same Sense,0.0407831072807312,4,3.545454545,6,6,0,405334016,EleutherAI/pythia-410m,step8,seed6,6,8
He saw a wooden bat.,He saw a baseball bat.,bat,bat,Same Sense,0.0437435507774353,5,3.545454545,6,6,0,405334016,EleutherAI/pythia-410m,step8,seed6,6,8
He saw a wooden bat.,He saw a baseball bat.,bat,bat,Same Sense,0.04318171739578247,6,3.545454545,6,6,0,405334016,EleutherAI/pythia-410m,step8,seed6,6,8
He saw a wooden bat.,He saw a baseball bat.,bat,bat,Same Sense,0.04289960861206055,7,3.545454545,6,6,0,405334016,EleutherAI/pythia-410m,step8,seed6,6,8
He saw a wooden bat.,He saw a baseball bat.,bat,bat,Same Sense,0.04359489679336548,8,3.545454545,6,6,0,405334016,EleutherAI/pythia-410m,step8,seed6,6,8
He saw a wooden bat.,He saw a baseball bat.,bat,bat,Same Sense,0.04376840591430664,9,3.545454545,6,6,0,405334016,EleutherAI/pythia-410m,step8,seed6,6,8
He saw a wooden bat.,He saw a baseball bat.,bat,bat,Same Sense,0.04249536991119385,10,3.545454545,6,6,0,405334016,EleutherAI/pythia-410m,step8,seed6,6,8
He saw a wooden bat.,He saw a baseball bat.,bat,bat,Same Sense,0.0418429970741272,11,3.545454545,6,6,0,405334016,EleutherAI/pythia-410m,step8,seed6,6,8
He saw a wooden bat.,He saw a baseball bat.,bat,bat,Same Sense,0.04266279935836792,12,3.545454545,6,6,0,405334016,EleutherAI/pythia-410m,step8,seed6,6,8
He saw a wooden bat.,He saw a baseball bat.,bat,bat,Same Sense,0.04315638542175293,13,3.545454545,6,6,0,405334016,EleutherAI/pythia-410m,step8,seed6,6,8
He saw a wooden bat.,He saw a baseball bat.,bat,bat,Same Sense,0.04073047637939453,14,3.545454545,6,6,0,405334016,EleutherAI/pythia-410m,step8,seed6,6,8
He saw a wooden bat.,He saw a baseball bat.,bat,bat,Same Sense,0.03982645273208618,15,3.545454545,6,6,0,405334016,EleutherAI/pythia-410m,step8,seed6,6,8
He saw a wooden bat.,He saw a baseball bat.,bat,bat,Same Sense,0.040232717990875244,16,3.545454545,6,6,0,405334016,EleutherAI/pythia-410m,step8,seed6,6,8
He saw a wooden bat.,He saw a baseball bat.,bat,bat,Same Sense,0.039750754833221436,17,3.545454545,6,6,0,405334016,EleutherAI/pythia-410m,step8,seed6,6,8
He saw a wooden bat.,He saw a baseball bat.,bat,bat,Same Sense,0.04083651304244995,18,3.545454545,6,6,0,405334016,EleutherAI/pythia-410m,step8,seed6,6,8
He saw a wooden bat.,He saw a baseball bat.,bat,bat,Same Sense,0.039477765560150146,19,3.545454545,6,6,0,405334016,EleutherAI/pythia-410m,step8,seed6,6,8
He saw a wooden bat.,He saw a baseball bat.,bat,bat,Same Sense,0.038600265979766846,20,3.545454545,6,6,0,405334016,EleutherAI/pythia-410m,step8,seed6,6,8
He saw a wooden bat.,He saw a baseball bat.,bat,bat,Same Sense,0.03848642110824585,21,3.545454545,6,6,0,405334016,EleutherAI/pythia-410m,step8,seed6,6,8
He saw a wooden bat.,He saw a baseball bat.,bat,bat,Same Sense,0.03715580701828003,22,3.545454545,6,6,0,405334016,EleutherAI/pythia-410m,step8,seed6,6,8
He saw a wooden bat.,He saw a baseball bat.,bat,bat,Same Sense,0.035608887672424316,23,3.545454545,6,6,0,405334016,EleutherAI/pythia-410m,step8,seed6,6,8
He saw a wooden bat.,He saw a baseball bat.,bat,bat,Same Sense,0.035994887351989746,24,3.545454545,6,6,0,405334016,EleutherAI/pythia-410m,step8,seed6,6,8
He saw the laser beam.,He saw the wood beam.,beam,beam,Different Sense,0.0,0,1.142857143,6,6,0,405334016,EleutherAI/pythia-410m,step8,seed6,6,8
He saw the laser beam.,He saw the wood beam.,beam,beam,Different Sense,0.022800803184509277,1,1.142857143,6,6,0,405334016,EleutherAI/pythia-410m,step8,seed6,6,8
He saw the laser beam.,He saw the wood beam.,beam,beam,Different Sense,0.03466516733169556,2,1.142857143,6,6,0,405334016,EleutherAI/pythia-410m,step8,seed6,6,8
He saw the laser beam.,He saw the wood beam.,beam,beam,Different Sense,0.03805261850357056,3,1.142857143,6,6,0,405334016,EleutherAI/pythia-410m,step8,seed6,6,8
He saw the laser beam.,He saw the wood beam.,beam,beam,Different Sense,0.038534700870513916,4,1.142857143,6,6,0,405334016,EleutherAI/pythia-410m,step8,seed6,6,8
He saw the laser beam.,He saw the wood beam.,beam,beam,Different Sense,0.03877764940261841,5,1.142857143,6,6,0,405334016,EleutherAI/pythia-410m,step8,seed6,6,8
He saw the laser beam.,He saw the wood beam.,beam,beam,Different Sense,0.04100388288497925,6,1.142857143,6,6,0,405334016,EleutherAI/pythia-410m,step8,seed6,6,8
He saw the laser beam.,He saw the wood beam.,beam,beam,Different Sense,0.041357219219207764,7,1.142857143,6,6,0,405334016,EleutherAI/pythia-410m,step8,seed6,6,8
He saw the laser beam.,He saw the wood beam.,beam,beam,Different Sense,0.040882110595703125,8,1.142857143,6,6,0,405334016,EleutherAI/pythia-410m,step8,seed6,6,8
He saw the laser beam.,He saw the wood beam.,beam,beam,Different Sense,0.04087179899215698,9,1.142857143,6,6,0,405334016,EleutherAI/pythia-410m,step8,seed6,6,8
He saw the laser beam.,He saw the wood beam.,beam,beam,Different Sense,0.04196572303771973,10,1.142857143,6,6,0,405334016,EleutherAI/pythia-410m,step8,seed6,6,8
He saw the laser beam.,He saw the wood beam.,beam,beam,Different Sense,0.04131597280502319,11,1.142857143,6,6,0,405334016,EleutherAI/pythia-410m,step8,seed6,6,8
He saw the laser beam.,He saw the wood beam.,beam,beam,Different Sense,0.040981173515319824,12,1.142857143,6,6,0,405334016,EleutherAI/pythia-410m,step8,seed6,6,8
He saw the laser beam.,He saw the wood beam.,beam,beam,Different Sense,0.0412675142288208,13,1.142857143,6,6,0,405334016,EleutherAI/pythia-410m,step8,seed6,6,8
He saw the laser beam.,He saw the wood beam.,beam,beam,Different Sense,0.03893822431564331,14,1.142857143,6,6,0,405334016,EleutherAI/pythia-410m,step8,seed6,6,8
He saw the laser beam.,He saw the wood beam.,beam,beam,Different Sense,0.03930234909057617,15,1.142857143,6,6,0,405334016,EleutherAI/pythia-410m,step8,seed6,6,8
He saw the laser beam.,He saw the wood beam.,beam,beam,Different Sense,0.039588332176208496,16,1.142857143,6,6,0,405334016,EleutherAI/pythia-410m,step8,seed6,6,8
He saw the laser beam.,He saw the wood beam.,beam,beam,Different Sense,0.04044443368911743,17,1.142857143,6,6,0,405334016,EleutherAI/pythia-410m,step8,seed6,6,8
He saw the laser beam.,He saw the wood beam.,beam,beam,Different Sense,0.04117584228515625,18,1.142857143,6,6,0,405334016,EleutherAI/pythia-410m,step8,seed6,6,8
He saw the laser beam.,He saw the wood beam.,beam,beam,Different Sense,0.03958553075790405,19,1.142857143,6,6,0,405334016,EleutherAI/pythia-410m,step8,seed6,6,8
He saw the laser beam.,He saw the wood beam.,beam,beam,Different Sense,0.03893524408340454,20,1.142857143,6,6,0,405334016,EleutherAI/pythia-410m,step8,seed6,6,8
He saw the laser beam.,He saw the wood beam.,beam,beam,Different Sense,0.03843814134597778,21,1.142857143,6,6,0,405334016,EleutherAI/pythia-410m,step8,seed6,6,8
He saw the laser beam.,He saw the wood beam.,beam,beam,Different Sense,0.03771001100540161,22,1.142857143,6,6,0,405334016,EleutherAI/pythia-410m,step8,seed6,6,8
He saw the laser beam.,He saw the wood beam.,beam,beam,Different Sense,0.03592127561569214,23,1.142857143,6,6,0,405334016,EleutherAI/pythia-410m,step8,seed6,6,8
He saw the laser beam.,He saw the wood beam.,beam,beam,Different Sense,0.03590202331542969,24,1.142857143,6,6,0,405334016,EleutherAI/pythia-410m,step8,seed6,6,8
He saw the laser beam.,He saw the balance beam.,beam,beam,Different Sense,0.0,0,0.833333333,6,6,0,405334016,EleutherAI/pythia-410m,step8,seed6,6,8
He saw the laser beam.,He saw the balance beam.,beam,beam,Different Sense,0.02085590362548828,1,0.833333333,6,6,0,405334016,EleutherAI/pythia-410m,step8,seed6,6,8
He saw the laser beam.,He saw the balance beam.,beam,beam,Different Sense,0.032933712005615234,2,0.833333333,6,6,0,405334016,EleutherAI/pythia-410m,step8,seed6,6,8
He saw the laser beam.,He saw the balance beam.,beam,beam,Different Sense,0.039582669734954834,3,0.833333333,6,6,0,405334016,EleutherAI/pythia-410m,step8,seed6,6,8
He saw the laser beam.,He saw the balance beam.,beam,beam,Different Sense,0.04001319408416748,4,0.833333333,6,6,0,405334016,EleutherAI/pythia-410m,step8,seed6,6,8
He saw the laser beam.,He saw the balance beam.,beam,beam,Different Sense,0.040669798851013184,5,0.833333333,6,6,0,405334016,EleutherAI/pythia-410m,step8,seed6,6,8
He saw the laser beam.,He saw the balance beam.,beam,beam,Different Sense,0.042193830013275146,6,0.833333333,6,6,0,405334016,EleutherAI/pythia-410m,step8,seed6,6,8
He saw the laser beam.,He saw the balance beam.,beam,beam,Different Sense,0.042525410652160645,7,0.833333333,6,6,0,405334016,EleutherAI/pythia-410m,step8,seed6,6,8
He saw the laser beam.,He saw the balance beam.,beam,beam,Different Sense,0.042562127113342285,8,0.833333333,6,6,0,405334016,EleutherAI/pythia-410m,step8,seed6,6,8
He saw the laser beam.,He saw the balance beam.,beam,beam,Different Sense,0.041900694370269775,9,0.833333333,6,6,0,405334016,EleutherAI/pythia-410m,step8,seed6,6,8
He saw the laser beam.,He saw the balance beam.,beam,beam,Different Sense,0.04509246349334717,10,0.833333333,6,6,0,405334016,EleutherAI/pythia-410m,step8,seed6,6,8
He saw the laser beam.,He saw the balance beam.,beam,beam,Different Sense,0.044985055923461914,11,0.833333333,6,6,0,405334016,EleutherAI/pythia-410m,step8,seed6,6,8
He saw the laser beam.,He saw the balance beam.,beam,beam,Different Sense,0.04459667205810547,12,0.833333333,6,6,0,405334016,EleutherAI/pythia-410m,step8,seed6,6,8
He saw the laser beam.,He saw the balance beam.,beam,beam,Different Sense,0.04356205463409424,13,0.833333333,6,6,0,405334016,EleutherAI/pythia-410m,step8,seed6,6,8
He saw the laser beam.,He saw the balance beam.,beam,beam,Different Sense,0.042380571365356445,14,0.833333333,6,6,0,405334016,EleutherAI/pythia-410m,step8,seed6,6,8
He saw the laser beam.,He saw the balance beam.,beam,beam,Different Sense,0.042006731033325195,15,0.833333333,6,6,0,405334016,EleutherAI/pythia-410m,step8,seed6,6,8
He saw the laser beam.,He saw the balance beam.,beam,beam,Different Sense,0.041583895683288574,16,0.833333333,6,6,0,405334016,EleutherAI/pythia-410m,step8,seed6,6,8
He saw the laser beam.,He saw the balance beam.,beam,beam,Different Sense,0.042236268520355225,17,0.833333333,6,6,0,405334016,EleutherAI/pythia-410m,step8,seed6,6,8
He saw the laser beam.,He saw the balance beam.,beam,beam,Different Sense,0.04294520616531372,18,0.833333333,6,6,0,405334016,EleutherAI/pythia-410m,step8,seed6,6,8
He saw the laser beam.,He saw the balance beam.,beam,beam,Different Sense,0.0421215295791626,19,0.833333333,6,6,0,405334016,EleutherAI/pythia-410m,step8,seed6,6,8
He saw the laser beam.,He saw the balance beam.,beam,beam,Different Sense,0.04091835021972656,20,0.833333333,6,6,0,405334016,EleutherAI/pythia-410m,step8,seed6,6,8
He saw the laser beam.,He saw the balance beam.,beam,beam,Different Sense,0.041450679302215576,21,0.833333333,6,6,0,405334016,EleutherAI/pythia-410m,step8,seed6,6,8
He saw the laser beam.,He saw the balance beam.,beam,beam,Different Sense,0.040577590465545654,22,0.833333333,6,6,0,405334016,EleutherAI/pythia-410m,step8,seed6,6,8
He saw the laser beam.,He saw the balance beam.,beam,beam,Different Sense,0.0385662317276001,23,0.833333333,6,6,0,405334016,EleutherAI/pythia-410m,step8,seed6,6,8
He saw the laser beam.,He saw the balance beam.,beam,beam,Different Sense,0.03828328847885132,24,0.833333333,6,6,0,405334016,EleutherAI/pythia-410m,step8,seed6,6,8
He saw the bright beam.,He saw the wood beam.,beam,beam,Different Sense,0.0,0,0.555555556,6,6,0,405334016,EleutherAI/pythia-410m,step8,seed6,6,8
He saw the bright beam.,He saw the wood beam.,beam,beam,Different Sense,0.025875747203826904,1,0.555555556,6,6,0,405334016,EleutherAI/pythia-410m,step8,seed6,6,8
He saw the bright beam.,He saw the wood beam.,beam,beam,Different Sense,0.038365185260772705,2,0.555555556,6,6,0,405334016,EleutherAI/pythia-410m,step8,seed6,6,8
He saw the bright beam.,He saw the wood beam.,beam,beam,Different Sense,0.04073500633239746,3,0.555555556,6,6,0,405334016,EleutherAI/pythia-410m,step8,seed6,6,8
He saw the bright beam.,He saw the wood beam.,beam,beam,Different Sense,0.04260474443435669,4,0.555555556,6,6,0,405334016,EleutherAI/pythia-410m,step8,seed6,6,8
He saw the bright beam.,He saw the wood beam.,beam,beam,Different Sense,0.04353564977645874,5,0.555555556,6,6,0,405334016,EleutherAI/pythia-410m,step8,seed6,6,8
He saw the bright beam.,He saw the wood beam.,beam,beam,Different Sense,0.044783055782318115,6,0.555555556,6,6,0,405334016,EleutherAI/pythia-410m,step8,seed6,6,8
He saw the bright beam.,He saw the wood beam.,beam,beam,Different Sense,0.04677176475524902,7,0.555555556,6,6,0,405334016,EleutherAI/pythia-410m,step8,seed6,6,8
He saw the bright beam.,He saw the wood beam.,beam,beam,Different Sense,0.046260714530944824,8,0.555555556,6,6,0,405334016,EleutherAI/pythia-410m,step8,seed6,6,8
He saw the bright beam.,He saw the wood beam.,beam,beam,Different Sense,0.045782506465911865,9,0.555555556,6,6,0,405334016,EleutherAI/pythia-410m,step8,seed6,6,8
He saw the bright beam.,He saw the wood beam.,beam,beam,Different Sense,0.04699051380157471,10,0.555555556,6,6,0,405334016,EleutherAI/pythia-410m,step8,seed6,6,8
He saw the bright beam.,He saw the wood beam.,beam,beam,Different Sense,0.046252667903900146,11,0.555555556,6,6,0,405334016,EleutherAI/pythia-410m,step8,seed6,6,8
He saw the bright beam.,He saw the wood beam.,beam,beam,Different Sense,0.046377718448638916,12,0.555555556,6,6,0,405334016,EleutherAI/pythia-410m,step8,seed6,6,8
He saw the bright beam.,He saw the wood beam.,beam,beam,Different Sense,0.04674607515335083,13,0.555555556,6,6,0,405334016,EleutherAI/pythia-410m,step8,seed6,6,8
He saw the bright beam.,He saw the wood beam.,beam,beam,Different Sense,0.043245792388916016,14,0.555555556,6,6,0,405334016,EleutherAI/pythia-410m,step8,seed6,6,8
He saw the bright beam.,He saw the wood beam.,beam,beam,Different Sense,0.04435861110687256,15,0.555555556,6,6,0,405334016,EleutherAI/pythia-410m,step8,seed6,6,8
He saw the bright beam.,He saw the wood beam.,beam,beam,Different Sense,0.04501432180404663,16,0.555555556,6,6,0,405334016,EleutherAI/pythia-410m,step8,seed6,6,8
He saw the bright beam.,He saw the wood beam.,beam,beam,Different Sense,0.04607445001602173,17,0.555555556,6,6,0,405334016,EleutherAI/pythia-410m,step8,seed6,6,8
He saw the bright beam.,He saw the wood beam.,beam,beam,Different Sense,0.04717761278152466,18,0.555555556,6,6,0,405334016,EleutherAI/pythia-410m,step8,seed6,6,8
He saw the bright beam.,He saw the wood beam.,beam,beam,Different Sense,0.0452001690864563,19,0.555555556,6,6,0,405334016,EleutherAI/pythia-410m,step8,seed6,6,8
He saw the bright beam.,He saw the wood beam.,beam,beam,Different Sense,0.04573190212249756,20,0.555555556,6,6,0,405334016,EleutherAI/pythia-410m,step8,seed6,6,8
He saw the bright beam.,He saw the wood beam.,beam,beam,Different Sense,0.04528754949569702,21,0.555555556,6,6,0,405334016,EleutherAI/pythia-410m,step8,seed6,6,8
He saw the bright beam.,He saw the wood beam.,beam,beam,Different Sense,0.0443456768989563,22,0.555555556,6,6,0,405334016,EleutherAI/pythia-410m,step8,seed6,6,8
He saw the bright beam.,He saw the wood beam.,beam,beam,Different Sense,0.04264199733734131,23,0.555555556,6,6,0,405334016,EleutherAI/pythia-410m,step8,seed6,6,8
He saw the bright beam.,He saw the wood beam.,beam,beam,Different Sense,0.043351590633392334,24,0.555555556,6,6,0,405334016,EleutherAI/pythia-410m,step8,seed6,6,8
He saw the bright beam.,He saw the balance beam.,beam,beam,Different Sense,0.0,0,0.363636364,6,6,0,405334016,EleutherAI/pythia-410m,step8,seed6,6,8
He saw the bright beam.,He saw the balance beam.,beam,beam,Different Sense,0.022390663623809814,1,0.363636364,6,6,0,405334016,EleutherAI/pythia-410m,step8,seed6,6,8
He saw the bright beam.,He saw the balance beam.,beam,beam,Different Sense,0.03238177299499512,2,0.363636364,6,6,0,405334016,EleutherAI/pythia-410m,step8,seed6,6,8
He saw the bright beam.,He saw the balance beam.,beam,beam,Different Sense,0.03544461727142334,3,0.363636364,6,6,0,405334016,EleutherAI/pythia-410m,step8,seed6,6,8
He saw the bright beam.,He saw the balance beam.,beam,beam,Different Sense,0.03628098964691162,4,0.363636364,6,6,0,405334016,EleutherAI/pythia-410m,step8,seed6,6,8
He saw the bright beam.,He saw the balance beam.,beam,beam,Different Sense,0.0393831729888916,5,0.363636364,6,6,0,405334016,EleutherAI/pythia-410m,step8,seed6,6,8
He saw the bright beam.,He saw the balance beam.,beam,beam,Different Sense,0.0404353141784668,6,0.363636364,6,6,0,405334016,EleutherAI/pythia-410m,step8,seed6,6,8
He saw the bright beam.,He saw the balance beam.,beam,beam,Different Sense,0.040859878063201904,7,0.363636364,6,6,0,405334016,EleutherAI/pythia-410m,step8,seed6,6,8
He saw the bright beam.,He saw the balance beam.,beam,beam,Different Sense,0.039981067180633545,8,0.363636364,6,6,0,405334016,EleutherAI/pythia-410m,step8,seed6,6,8
He saw the bright beam.,He saw the balance beam.,beam,beam,Different Sense,0.040712594985961914,9,0.363636364,6,6,0,405334016,EleutherAI/pythia-410m,step8,seed6,6,8
He saw the bright beam.,He saw the balance beam.,beam,beam,Different Sense,0.04223322868347168,10,0.363636364,6,6,0,405334016,EleutherAI/pythia-410m,step8,seed6,6,8
He saw the bright beam.,He saw the balance beam.,beam,beam,Different Sense,0.04158300161361694,11,0.363636364,6,6,0,405334016,EleutherAI/pythia-410m,step8,seed6,6,8
He saw the bright beam.,He saw the balance beam.,beam,beam,Different Sense,0.04136139154434204,12,0.363636364,6,6,0,405334016,EleutherAI/pythia-410m,step8,seed6,6,8
He saw the bright beam.,He saw the balance beam.,beam,beam,Different Sense,0.040852367877960205,13,0.363636364,6,6,0,405334016,EleutherAI/pythia-410m,step8,seed6,6,8
He saw the bright beam.,He saw the balance beam.,beam,beam,Different Sense,0.03856003284454346,14,0.363636364,6,6,0,405334016,EleutherAI/pythia-410m,step8,seed6,6,8
He saw the bright beam.,He saw the balance beam.,beam,beam,Different Sense,0.039897918701171875,15,0.363636364,6,6,0,405334016,EleutherAI/pythia-410m,step8,seed6,6,8
He saw the bright beam.,He saw the balance beam.,beam,beam,Different Sense,0.040619850158691406,16,0.363636364,6,6,0,405334016,EleutherAI/pythia-410m,step8,seed6,6,8
He saw the bright beam.,He saw the balance beam.,beam,beam,Different Sense,0.04146081209182739,17,0.363636364,6,6,0,405334016,EleutherAI/pythia-410m,step8,seed6,6,8
He saw the bright beam.,He saw the balance beam.,beam,beam,Different Sense,0.042461097240448,18,0.363636364,6,6,0,405334016,EleutherAI/pythia-410m,step8,seed6,6,8
He saw the bright beam.,He saw the balance beam.,beam,beam,Different Sense,0.040043771266937256,19,0.363636364,6,6,0,405334016,EleutherAI/pythia-410m,step8,seed6,6,8
He saw the bright beam.,He saw the balance beam.,beam,beam,Different Sense,0.03988981246948242,20,0.363636364,6,6,0,405334016,EleutherAI/pythia-410m,step8,seed6,6,8
He saw the bright beam.,He saw the balance beam.,beam,beam,Different Sense,0.04030674695968628,21,0.363636364,6,6,0,405334016,EleutherAI/pythia-410m,step8,seed6,6,8
He saw the bright beam.,He saw the balance beam.,beam,beam,Different Sense,0.03912806510925293,22,0.363636364,6,6,0,405334016,EleutherAI/pythia-410m,step8,seed6,6,8
He saw the bright beam.,He saw the balance beam.,beam,beam,Different Sense,0.03742504119873047,23,0.363636364,6,6,0,405334016,EleutherAI/pythia-410m,step8,seed6,6,8
He saw the bright beam.,He saw the balance beam.,beam,beam,Different Sense,0.03791707754135132,24,0.363636364,6,6,0,405334016,EleutherAI/pythia-410m,step8,seed6,6,8
He saw the laser beam.,He saw the bright beam.,beam,beam,Same Sense,0.0,0,3.545454545,6,6,0,405334016,EleutherAI/pythia-410m,step8,seed6,6,8
He saw the laser beam.,He saw the bright beam.,beam,beam,Same Sense,0.019198954105377197,1,3.545454545,6,6,0,405334016,EleutherAI/pythia-410m,step8,seed6,6,8
He saw the laser beam.,He saw the bright beam.,beam,beam,Same Sense,0.02874201536178589,2,3.545454545,6,6,0,405334016,EleutherAI/pythia-410m,step8,seed6,6,8
He saw the laser beam.,He saw the bright beam.,beam,beam,Same Sense,0.0321846604347229,3,3.545454545,6,6,0,405334016,EleutherAI/pythia-410m,step8,seed6,6,8
He saw the laser beam.,He saw the bright beam.,beam,beam,Same Sense,0.033978283405303955,4,3.545454545,6,6,0,405334016,EleutherAI/pythia-410m,step8,seed6,6,8
He saw the laser beam.,He saw the bright beam.,beam,beam,Same Sense,0.03567248582839966,5,3.545454545,6,6,0,405334016,EleutherAI/pythia-410m,step8,seed6,6,8
He saw the laser beam.,He saw the bright beam.,beam,beam,Same Sense,0.03558075428009033,6,3.545454545,6,6,0,405334016,EleutherAI/pythia-410m,step8,seed6,6,8
He saw the laser beam.,He saw the bright beam.,beam,beam,Same Sense,0.03487521409988403,7,3.545454545,6,6,0,405334016,EleutherAI/pythia-410m,step8,seed6,6,8
He saw the laser beam.,He saw the bright beam.,beam,beam,Same Sense,0.03404885530471802,8,3.545454545,6,6,0,405334016,EleutherAI/pythia-410m,step8,seed6,6,8
He saw the laser beam.,He saw the bright beam.,beam,beam,Same Sense,0.03421962261199951,9,3.545454545,6,6,0,405334016,EleutherAI/pythia-410m,step8,seed6,6,8
He saw the laser beam.,He saw the bright beam.,beam,beam,Same Sense,0.03574788570404053,10,3.545454545,6,6,0,405334016,EleutherAI/pythia-410m,step8,seed6,6,8
He saw the laser beam.,He saw the bright beam.,beam,beam,Same Sense,0.03633683919906616,11,3.545454545,6,6,0,405334016,EleutherAI/pythia-410m,step8,seed6,6,8
He saw the laser beam.,He saw the bright beam.,beam,beam,Same Sense,0.03662550449371338,12,3.545454545,6,6,0,405334016,EleutherAI/pythia-410m,step8,seed6,6,8
He saw the laser beam.,He saw the bright beam.,beam,beam,Same Sense,0.03630751371383667,13,3.545454545,6,6,0,405334016,EleutherAI/pythia-410m,step8,seed6,6,8
He saw the laser beam.,He saw the bright beam.,beam,beam,Same Sense,0.03404068946838379,14,3.545454545,6,6,0,405334016,EleutherAI/pythia-410m,step8,seed6,6,8
He saw the laser beam.,He saw the bright beam.,beam,beam,Same Sense,0.03506273031234741,15,3.545454545,6,6,0,405334016,EleutherAI/pythia-410m,step8,seed6,6,8
He saw the laser beam.,He saw the bright beam.,beam,beam,Same Sense,0.0351642370223999,16,3.545454545,6,6,0,405334016,EleutherAI/pythia-410m,step8,seed6,6,8
He saw the laser beam.,He saw the bright beam.,beam,beam,Same Sense,0.036104023456573486,17,3.545454545,6,6,0,405334016,EleutherAI/pythia-410m,step8,seed6,6,8
He saw the laser beam.,He saw the bright beam.,beam,beam,Same Sense,0.036076903343200684,18,3.545454545,6,6,0,405334016,EleutherAI/pythia-410m,step8,seed6,6,8
He saw the laser beam.,He saw the bright beam.,beam,beam,Same Sense,0.0348166823387146,19,3.545454545,6,6,0,405334016,EleutherAI/pythia-410m,step8,seed6,6,8
He saw the laser beam.,He saw the bright beam.,beam,beam,Same Sense,0.03429841995239258,20,3.545454545,6,6,0,405334016,EleutherAI/pythia-410m,step8,seed6,6,8
He saw the laser beam.,He saw the bright beam.,beam,beam,Same Sense,0.03469163179397583,21,3.545454545,6,6,0,405334016,EleutherAI/pythia-410m,step8,seed6,6,8
He saw the laser beam.,He saw the bright beam.,beam,beam,Same Sense,0.03437983989715576,22,3.545454545,6,6,0,405334016,EleutherAI/pythia-410m,step8,seed6,6,8
He saw the laser beam.,He saw the bright beam.,beam,beam,Same Sense,0.03261709213256836,23,3.545454545,6,6,0,405334016,EleutherAI/pythia-410m,step8,seed6,6,8
He saw the laser beam.,He saw the bright beam.,beam,beam,Same Sense,0.032248616218566895,24,3.545454545,6,6,0,405334016,EleutherAI/pythia-410m,step8,seed6,6,8
He saw the wood beam.,He saw the balance beam.,beam,beam,Same Sense,0.0,0,2.6,6,6,0,405334016,EleutherAI/pythia-410m,step8,seed6,6,8
He saw the wood beam.,He saw the balance beam.,beam,beam,Same Sense,0.02860105037689209,1,2.6,6,6,0,405334016,EleutherAI/pythia-410m,step8,seed6,6,8
He saw the wood beam.,He saw the balance beam.,beam,beam,Same Sense,0.041634440422058105,2,2.6,6,6,0,405334016,EleutherAI/pythia-410m,step8,seed6,6,8
He saw the wood beam.,He saw the balance beam.,beam,beam,Same Sense,0.04504430294036865,3,2.6,6,6,0,405334016,EleutherAI/pythia-410m,step8,seed6,6,8
He saw the wood beam.,He saw the balance beam.,beam,beam,Same Sense,0.04791605472564697,4,2.6,6,6,0,405334016,EleutherAI/pythia-410m,step8,seed6,6,8
He saw the wood beam.,He saw the balance beam.,beam,beam,Same Sense,0.048703134059906006,5,2.6,6,6,0,405334016,EleutherAI/pythia-410m,step8,seed6,6,8
He saw the wood beam.,He saw the balance beam.,beam,beam,Same Sense,0.050417542457580566,6,2.6,6,6,0,405334016,EleutherAI/pythia-410m,step8,seed6,6,8
He saw the wood beam.,He saw the balance beam.,beam,beam,Same Sense,0.05104196071624756,7,2.6,6,6,0,405334016,EleutherAI/pythia-410m,step8,seed6,6,8
He saw the wood beam.,He saw the balance beam.,beam,beam,Same Sense,0.05169272422790527,8,2.6,6,6,0,405334016,EleutherAI/pythia-410m,step8,seed6,6,8
He saw the wood beam.,He saw the balance beam.,beam,beam,Same Sense,0.05122494697570801,9,2.6,6,6,0,405334016,EleutherAI/pythia-410m,step8,seed6,6,8
He saw the wood beam.,He saw the balance beam.,beam,beam,Same Sense,0.05368757247924805,10,2.6,6,6,0,405334016,EleutherAI/pythia-410m,step8,seed6,6,8
He saw the wood beam.,He saw the balance beam.,beam,beam,Same Sense,0.05283641815185547,11,2.6,6,6,0,405334016,EleutherAI/pythia-410m,step8,seed6,6,8
He saw the wood beam.,He saw the balance beam.,beam,beam,Same Sense,0.05346953868865967,12,2.6,6,6,0,405334016,EleutherAI/pythia-410m,step8,seed6,6,8
He saw the wood beam.,He saw the balance beam.,beam,beam,Same Sense,0.053594350814819336,13,2.6,6,6,0,405334016,EleutherAI/pythia-410m,step8,seed6,6,8
He saw the wood beam.,He saw the balance beam.,beam,beam,Same Sense,0.05281245708465576,14,2.6,6,6,0,405334016,EleutherAI/pythia-410m,step8,seed6,6,8
He saw the wood beam.,He saw the balance beam.,beam,beam,Same Sense,0.05267840623855591,15,2.6,6,6,0,405334016,EleutherAI/pythia-410m,step8,seed6,6,8
He saw the wood beam.,He saw the balance beam.,beam,beam,Same Sense,0.05238473415374756,16,2.6,6,6,0,405334016,EleutherAI/pythia-410m,step8,seed6,6,8
He saw the wood beam.,He saw the balance beam.,beam,beam,Same Sense,0.05456596612930298,17,2.6,6,6,0,405334016,EleutherAI/pythia-410m,step8,seed6,6,8
He saw the wood beam.,He saw the balance beam.,beam,beam,Same Sense,0.05415827035903931,18,2.6,6,6,0,405334016,EleutherAI/pythia-410m,step8,seed6,6,8
He saw the wood beam.,He saw the balance beam.,beam,beam,Same Sense,0.051209211349487305,19,2.6,6,6,0,405334016,EleutherAI/pythia-410m,step8,seed6,6,8
He saw the wood beam.,He saw the balance beam.,beam,beam,Same Sense,0.05090063810348511,20,2.6,6,6,0,405334016,EleutherAI/pythia-410m,step8,seed6,6,8
He saw the wood beam.,He saw the balance beam.,beam,beam,Same Sense,0.0504986047744751,21,2.6,6,6,0,405334016,EleutherAI/pythia-410m,step8,seed6,6,8
He saw the wood beam.,He saw the balance beam.,beam,beam,Same Sense,0.0489424467086792,22,2.6,6,6,0,405334016,EleutherAI/pythia-410m,step8,seed6,6,8
He saw the wood beam.,He saw the balance beam.,beam,beam,Same Sense,0.04737114906311035,23,2.6,6,6,0,405334016,EleutherAI/pythia-410m,step8,seed6,6,8
He saw the wood beam.,He saw the balance beam.,beam,beam,Same Sense,0.047379374504089355,24,2.6,6,6,0,405334016,EleutherAI/pythia-410m,step8,seed6,6,8
She had a toy block.,She had a mental block.,block,block,Different Sense,0.0,0,0.538461538,6,6,0,405334016,EleutherAI/pythia-410m,step8,seed6,6,8
She had a toy block.,She had a mental block.,block,block,Different Sense,0.030836641788482666,1,0.538461538,6,6,0,405334016,EleutherAI/pythia-410m,step8,seed6,6,8
She had a toy block.,She had a mental block.,block,block,Different Sense,0.038484811782836914,2,0.538461538,6,6,0,405334016,EleutherAI/pythia-410m,step8,seed6,6,8
She had a toy block.,She had a mental block.,block,block,Different Sense,0.04057854413986206,3,0.538461538,6,6,0,405334016,EleutherAI/pythia-410m,step8,seed6,6,8
She had a toy block.,She had a mental block.,block,block,Different Sense,0.043364524841308594,4,0.538461538,6,6,0,405334016,EleutherAI/pythia-410m,step8,seed6,6,8
She had a toy block.,She had a mental block.,block,block,Different Sense,0.043788790702819824,5,0.538461538,6,6,0,405334016,EleutherAI/pythia-410m,step8,seed6,6,8
She had a toy block.,She had a mental block.,block,block,Different Sense,0.04681521654129028,6,0.538461538,6,6,0,405334016,EleutherAI/pythia-410m,step8,seed6,6,8
She had a toy block.,She had a mental block.,block,block,Different Sense,0.046500980854034424,7,0.538461538,6,6,0,405334016,EleutherAI/pythia-410m,step8,seed6,6,8
She had a toy block.,She had a mental block.,block,block,Different Sense,0.04749715328216553,8,0.538461538,6,6,0,405334016,EleutherAI/pythia-410m,step8,seed6,6,8
She had a toy block.,She had a mental block.,block,block,Different Sense,0.045217692852020264,9,0.538461538,6,6,0,405334016,EleutherAI/pythia-410m,step8,seed6,6,8
She had a toy block.,She had a mental block.,block,block,Different Sense,0.045041024684906006,10,0.538461538,6,6,0,405334016,EleutherAI/pythia-410m,step8,seed6,6,8
She had a toy block.,She had a mental block.,block,block,Different Sense,0.0452730655670166,11,0.538461538,6,6,0,405334016,EleutherAI/pythia-410m,step8,seed6,6,8
She had a toy block.,She had a mental block.,block,block,Different Sense,0.04393160343170166,12,0.538461538,6,6,0,405334016,EleutherAI/pythia-410m,step8,seed6,6,8
She had a toy block.,She had a mental block.,block,block,Different Sense,0.044401705265045166,13,0.538461538,6,6,0,405334016,EleutherAI/pythia-410m,step8,seed6,6,8
She had a toy block.,She had a mental block.,block,block,Different Sense,0.045083582401275635,14,0.538461538,6,6,0,405334016,EleutherAI/pythia-410m,step8,seed6,6,8
She had a toy block.,She had a mental block.,block,block,Different Sense,0.04413563013076782,15,0.538461538,6,6,0,405334016,EleutherAI/pythia-410m,step8,seed6,6,8
She had a toy block.,She had a mental block.,block,block,Different Sense,0.044778525829315186,16,0.538461538,6,6,0,405334016,EleutherAI/pythia-410m,step8,seed6,6,8
She had a toy block.,She had a mental block.,block,block,Different Sense,0.04329633712768555,17,0.538461538,6,6,0,405334016,EleutherAI/pythia-410m,step8,seed6,6,8
She had a toy block.,She had a mental block.,block,block,Different Sense,0.04132205247879028,18,0.538461538,6,6,0,405334016,EleutherAI/pythia-410m,step8,seed6,6,8
She had a toy block.,She had a mental block.,block,block,Different Sense,0.03950005769729614,19,0.538461538,6,6,0,405334016,EleutherAI/pythia-410m,step8,seed6,6,8
She had a toy block.,She had a mental block.,block,block,Different Sense,0.038745999336242676,20,0.538461538,6,6,0,405334016,EleutherAI/pythia-410m,step8,seed6,6,8
She had a toy block.,She had a mental block.,block,block,Different Sense,0.03832399845123291,21,0.538461538,6,6,0,405334016,EleutherAI/pythia-410m,step8,seed6,6,8
She had a toy block.,She had a mental block.,block,block,Different Sense,0.03830200433731079,22,0.538461538,6,6,0,405334016,EleutherAI/pythia-410m,step8,seed6,6,8
She had a toy block.,She had a mental block.,block,block,Different Sense,0.037519991397857666,23,0.538461538,6,6,0,405334016,EleutherAI/pythia-410m,step8,seed6,6,8
She had a toy block.,She had a mental block.,block,block,Different Sense,0.03633242845535278,24,0.538461538,6,6,0,405334016,EleutherAI/pythia-410m,step8,seed6,6,8
She had a toy block.,She had a writer's block.,block,block,Different Sense,0.0,0,0.133333333,6,7,1,405334016,EleutherAI/pythia-410m,step8,seed6,6,8
She had a toy block.,She had a writer's block.,block,block,Different Sense,0.04082697629928589,1,0.133333333,6,7,1,405334016,EleutherAI/pythia-410m,step8,seed6,6,8
She had a toy block.,She had a writer's block.,block,block,Different Sense,0.05072450637817383,2,0.133333333,6,7,1,405334016,EleutherAI/pythia-410m,step8,seed6,6,8
She had a toy block.,She had a writer's block.,block,block,Different Sense,0.05272352695465088,3,0.133333333,6,7,1,405334016,EleutherAI/pythia-410m,step8,seed6,6,8
She had a toy block.,She had a writer's block.,block,block,Different Sense,0.06254112720489502,4,0.133333333,6,7,1,405334016,EleutherAI/pythia-410m,step8,seed6,6,8
She had a toy block.,She had a writer's block.,block,block,Different Sense,0.06553620100021362,5,0.133333333,6,7,1,405334016,EleutherAI/pythia-410m,step8,seed6,6,8
She had a toy block.,She had a writer's block.,block,block,Different Sense,0.06638795137405396,6,0.133333333,6,7,1,405334016,EleutherAI/pythia-410m,step8,seed6,6,8
She had a toy block.,She had a writer's block.,block,block,Different Sense,0.06267845630645752,7,0.133333333,6,7,1,405334016,EleutherAI/pythia-410m,step8,seed6,6,8
She had a toy block.,She had a writer's block.,block,block,Different Sense,0.06175512075424194,8,0.133333333,6,7,1,405334016,EleutherAI/pythia-410m,step8,seed6,6,8
She had a toy block.,She had a writer's block.,block,block,Different Sense,0.06014925241470337,9,0.133333333,6,7,1,405334016,EleutherAI/pythia-410m,step8,seed6,6,8
She had a toy block.,She had a writer's block.,block,block,Different Sense,0.058586061000823975,10,0.133333333,6,7,1,405334016,EleutherAI/pythia-410m,step8,seed6,6,8
She had a toy block.,She had a writer's block.,block,block,Different Sense,0.057475924491882324,11,0.133333333,6,7,1,405334016,EleutherAI/pythia-410m,step8,seed6,6,8
She had a toy block.,She had a writer's block.,block,block,Different Sense,0.056038498878479004,12,0.133333333,6,7,1,405334016,EleutherAI/pythia-410m,step8,seed6,6,8
She had a toy block.,She had a writer's block.,block,block,Different Sense,0.05680215358734131,13,0.133333333,6,7,1,405334016,EleutherAI/pythia-410m,step8,seed6,6,8
She had a toy block.,She had a writer's block.,block,block,Different Sense,0.055093467235565186,14,0.133333333,6,7,1,405334016,EleutherAI/pythia-410m,step8,seed6,6,8
She had a toy block.,She had a writer's block.,block,block,Different Sense,0.054073452949523926,15,0.133333333,6,7,1,405334016,EleutherAI/pythia-410m,step8,seed6,6,8
She had a toy block.,She had a writer's block.,block,block,Different Sense,0.05350351333618164,16,0.133333333,6,7,1,405334016,EleutherAI/pythia-410m,step8,seed6,6,8
She had a toy block.,She had a writer's block.,block,block,Different Sense,0.05352896451950073,17,0.133333333,6,7,1,405334016,EleutherAI/pythia-410m,step8,seed6,6,8
She had a toy block.,She had a writer's block.,block,block,Different Sense,0.05095028877258301,18,0.133333333,6,7,1,405334016,EleutherAI/pythia-410m,step8,seed6,6,8
She had a toy block.,She had a writer's block.,block,block,Different Sense,0.0482293963432312,19,0.133333333,6,7,1,405334016,EleutherAI/pythia-410m,step8,seed6,6,8
She had a toy block.,She had a writer's block.,block,block,Different Sense,0.047436416149139404,20,0.133333333,6,7,1,405334016,EleutherAI/pythia-410m,step8,seed6,6,8
She had a toy block.,She had a writer's block.,block,block,Different Sense,0.047828495502471924,21,0.133333333,6,7,1,405334016,EleutherAI/pythia-410m,step8,seed6,6,8
She had a toy block.,She had a writer's block.,block,block,Different Sense,0.04615628719329834,22,0.133333333,6,7,1,405334016,EleutherAI/pythia-410m,step8,seed6,6,8
She had a toy block.,She had a writer's block.,block,block,Different Sense,0.04524034261703491,23,0.133333333,6,7,1,405334016,EleutherAI/pythia-410m,step8,seed6,6,8
She had a toy block.,She had a writer's block.,block,block,Different Sense,0.04396939277648926,24,0.133333333,6,7,1,405334016,EleutherAI/pythia-410m,step8,seed6,6,8
She had a wooden block.,She had a mental block.,block,block,Different Sense,0.0,0,1.0,6,6,0,405334016,EleutherAI/pythia-410m,step8,seed6,6,8
She had a wooden block.,She had a mental block.,block,block,Different Sense,0.03213697671890259,1,1.0,6,6,0,405334016,EleutherAI/pythia-410m,step8,seed6,6,8
She had a wooden block.,She had a mental block.,block,block,Different Sense,0.04144883155822754,2,1.0,6,6,0,405334016,EleutherAI/pythia-410m,step8,seed6,6,8
She had a wooden block.,She had a mental block.,block,block,Different Sense,0.043136775493621826,3,1.0,6,6,0,405334016,EleutherAI/pythia-410m,step8,seed6,6,8
She had a wooden block.,She had a mental block.,block,block,Different Sense,0.04721629619598389,4,1.0,6,6,0,405334016,EleutherAI/pythia-410m,step8,seed6,6,8
She had a wooden block.,She had a mental block.,block,block,Different Sense,0.049743473529815674,5,1.0,6,6,0,405334016,EleutherAI/pythia-410m,step8,seed6,6,8
She had a wooden block.,She had a mental block.,block,block,Different Sense,0.051818668842315674,6,1.0,6,6,0,405334016,EleutherAI/pythia-410m,step8,seed6,6,8
She had a wooden block.,She had a mental block.,block,block,Different Sense,0.05137300491333008,7,1.0,6,6,0,405334016,EleutherAI/pythia-410m,step8,seed6,6,8
She had a wooden block.,She had a mental block.,block,block,Different Sense,0.050644516944885254,8,1.0,6,6,0,405334016,EleutherAI/pythia-410m,step8,seed6,6,8
She had a wooden block.,She had a mental block.,block,block,Different Sense,0.05007904767990112,9,1.0,6,6,0,405334016,EleutherAI/pythia-410m,step8,seed6,6,8
She had a wooden block.,She had a mental block.,block,block,Different Sense,0.049213409423828125,10,1.0,6,6,0,405334016,EleutherAI/pythia-410m,step8,seed6,6,8
She had a wooden block.,She had a mental block.,block,block,Different Sense,0.050355494022369385,11,1.0,6,6,0,405334016,EleutherAI/pythia-410m,step8,seed6,6,8
She had a wooden block.,She had a mental block.,block,block,Different Sense,0.05071967840194702,12,1.0,6,6,0,405334016,EleutherAI/pythia-410m,step8,seed6,6,8
She had a wooden block.,She had a mental block.,block,block,Different Sense,0.05094963312149048,13,1.0,6,6,0,405334016,EleutherAI/pythia-410m,step8,seed6,6,8
She had a wooden block.,She had a mental block.,block,block,Different Sense,0.051262855529785156,14,1.0,6,6,0,405334016,EleutherAI/pythia-410m,step8,seed6,6,8
She had a wooden block.,She had a mental block.,block,block,Different Sense,0.04979443550109863,15,1.0,6,6,0,405334016,EleutherAI/pythia-410m,step8,seed6,6,8
She had a wooden block.,She had a mental block.,block,block,Different Sense,0.04858356714248657,16,1.0,6,6,0,405334016,EleutherAI/pythia-410m,step8,seed6,6,8
She had a wooden block.,She had a mental block.,block,block,Different Sense,0.04840493202209473,17,1.0,6,6,0,405334016,EleutherAI/pythia-410m,step8,seed6,6,8
She had a wooden block.,She had a mental block.,block,block,Different Sense,0.04681277275085449,18,1.0,6,6,0,405334016,EleutherAI/pythia-410m,step8,seed6,6,8
She had a wooden block.,She had a mental block.,block,block,Different Sense,0.04573458433151245,19,1.0,6,6,0,405334016,EleutherAI/pythia-410m,step8,seed6,6,8
She had a wooden block.,She had a mental block.,block,block,Different Sense,0.04403865337371826,20,1.0,6,6,0,405334016,EleutherAI/pythia-410m,step8,seed6,6,8
She had a wooden block.,She had a mental block.,block,block,Different Sense,0.04390841722488403,21,1.0,6,6,0,405334016,EleutherAI/pythia-410m,step8,seed6,6,8
She had a wooden block.,She had a mental block.,block,block,Different Sense,0.042847633361816406,22,1.0,6,6,0,405334016,EleutherAI/pythia-410m,step8,seed6,6,8
She had a wooden block.,She had a mental block.,block,block,Different Sense,0.041384339332580566,23,1.0,6,6,0,405334016,EleutherAI/pythia-410m,step8,seed6,6,8
She had a wooden block.,She had a mental block.,block,block,Different Sense,0.04038912057876587,24,1.0,6,6,0,405334016,EleutherAI/pythia-410m,step8,seed6,6,8
She had a wooden block.,She had a writer's block.,block,block,Different Sense,0.0,0,0.2,6,7,1,405334016,EleutherAI/pythia-410m,step8,seed6,6,8
She had a wooden block.,She had a writer's block.,block,block,Different Sense,0.03999924659729004,1,0.2,6,7,1,405334016,EleutherAI/pythia-410m,step8,seed6,6,8
She had a wooden block.,She had a writer's block.,block,block,Different Sense,0.05518817901611328,2,0.2,6,7,1,405334016,EleutherAI/pythia-410m,step8,seed6,6,8
She had a wooden block.,She had a writer's block.,block,block,Different Sense,0.05738562345504761,3,0.2,6,7,1,405334016,EleutherAI/pythia-410m,step8,seed6,6,8
She had a wooden block.,She had a writer's block.,block,block,Different Sense,0.06409668922424316,4,0.2,6,7,1,405334016,EleutherAI/pythia-410m,step8,seed6,6,8
She had a wooden block.,She had a writer's block.,block,block,Different Sense,0.06565701961517334,5,0.2,6,7,1,405334016,EleutherAI/pythia-410m,step8,seed6,6,8
She had a wooden block.,She had a writer's block.,block,block,Different Sense,0.06733131408691406,6,0.2,6,7,1,405334016,EleutherAI/pythia-410m,step8,seed6,6,8
She had a wooden block.,She had a writer's block.,block,block,Different Sense,0.06507664918899536,7,0.2,6,7,1,405334016,EleutherAI/pythia-410m,step8,seed6,6,8
She had a wooden block.,She had a writer's block.,block,block,Different Sense,0.06479871273040771,8,0.2,6,7,1,405334016,EleutherAI/pythia-410m,step8,seed6,6,8
She had a wooden block.,She had a writer's block.,block,block,Different Sense,0.06554603576660156,9,0.2,6,7,1,405334016,EleutherAI/pythia-410m,step8,seed6,6,8
She had a wooden block.,She had a writer's block.,block,block,Different Sense,0.06399279832839966,10,0.2,6,7,1,405334016,EleutherAI/pythia-410m,step8,seed6,6,8
She had a wooden block.,She had a writer's block.,block,block,Different Sense,0.06350070238113403,11,0.2,6,7,1,405334016,EleutherAI/pythia-410m,step8,seed6,6,8
She had a wooden block.,She had a writer's block.,block,block,Different Sense,0.06318390369415283,12,0.2,6,7,1,405334016,EleutherAI/pythia-410m,step8,seed6,6,8
She had a wooden block.,She had a writer's block.,block,block,Different Sense,0.06463015079498291,13,0.2,6,7,1,405334016,EleutherAI/pythia-410m,step8,seed6,6,8
She had a wooden block.,She had a writer's block.,block,block,Different Sense,0.06328463554382324,14,0.2,6,7,1,405334016,EleutherAI/pythia-410m,step8,seed6,6,8
She had a wooden block.,She had a writer's block.,block,block,Different Sense,0.06262850761413574,15,0.2,6,7,1,405334016,EleutherAI/pythia-410m,step8,seed6,6,8
She had a wooden block.,She had a writer's block.,block,block,Different Sense,0.06149846315383911,16,0.2,6,7,1,405334016,EleutherAI/pythia-410m,step8,seed6,6,8
She had a wooden block.,She had a writer's block.,block,block,Different Sense,0.06043952703475952,17,0.2,6,7,1,405334016,EleutherAI/pythia-410m,step8,seed6,6,8
She had a wooden block.,She had a writer's block.,block,block,Different Sense,0.056635260581970215,18,0.2,6,7,1,405334016,EleutherAI/pythia-410m,step8,seed6,6,8
She had a wooden block.,She had a writer's block.,block,block,Different Sense,0.05379891395568848,19,0.2,6,7,1,405334016,EleutherAI/pythia-410m,step8,seed6,6,8
She had a wooden block.,She had a writer's block.,block,block,Different Sense,0.05202144384384155,20,0.2,6,7,1,405334016,EleutherAI/pythia-410m,step8,seed6,6,8
She had a wooden block.,She had a writer's block.,block,block,Different Sense,0.05281543731689453,21,0.2,6,7,1,405334016,EleutherAI/pythia-410m,step8,seed6,6,8
She had a wooden block.,She had a writer's block.,block,block,Different Sense,0.05013400316238403,22,0.2,6,7,1,405334016,EleutherAI/pythia-410m,step8,seed6,6,8
She had a wooden block.,She had a writer's block.,block,block,Different Sense,0.04834175109863281,23,0.2,6,7,1,405334016,EleutherAI/pythia-410m,step8,seed6,6,8
She had a wooden block.,She had a writer's block.,block,block,Different Sense,0.04741710424423218,24,0.2,6,7,1,405334016,EleutherAI/pythia-410m,step8,seed6,6,8
She had a toy block.,She had a wooden block.,block,block,Same Sense,0.0,0,3.8,6,6,0,405334016,EleutherAI/pythia-410m,step8,seed6,6,8
She had a toy block.,She had a wooden block.,block,block,Same Sense,0.027279138565063477,1,3.8,6,6,0,405334016,EleutherAI/pythia-410m,step8,seed6,6,8
She had a toy block.,She had a wooden block.,block,block,Same Sense,0.04043072462081909,2,3.8,6,6,0,405334016,EleutherAI/pythia-410m,step8,seed6,6,8
She had a toy block.,She had a wooden block.,block,block,Same Sense,0.03977000713348389,3,3.8,6,6,0,405334016,EleutherAI/pythia-410m,step8,seed6,6,8
She had a toy block.,She had a wooden block.,block,block,Same Sense,0.04353147745132446,4,3.8,6,6,0,405334016,EleutherAI/pythia-410m,step8,seed6,6,8
She had a toy block.,She had a wooden block.,block,block,Same Sense,0.045485079288482666,5,3.8,6,6,0,405334016,EleutherAI/pythia-410m,step8,seed6,6,8
She had a toy block.,She had a wooden block.,block,block,Same Sense,0.04562735557556152,6,3.8,6,6,0,405334016,EleutherAI/pythia-410m,step8,seed6,6,8
She had a toy block.,She had a wooden block.,block,block,Same Sense,0.04401201009750366,7,3.8,6,6,0,405334016,EleutherAI/pythia-410m,step8,seed6,6,8
She had a toy block.,She had a wooden block.,block,block,Same Sense,0.04434329271316528,8,3.8,6,6,0,405334016,EleutherAI/pythia-410m,step8,seed6,6,8
She had a toy block.,She had a wooden block.,block,block,Same Sense,0.04473322629928589,9,3.8,6,6,0,405334016,EleutherAI/pythia-410m,step8,seed6,6,8
She had a toy block.,She had a wooden block.,block,block,Same Sense,0.045893192291259766,10,3.8,6,6,0,405334016,EleutherAI/pythia-410m,step8,seed6,6,8
She had a toy block.,She had a wooden block.,block,block,Same Sense,0.046168625354766846,11,3.8,6,6,0,405334016,EleutherAI/pythia-410m,step8,seed6,6,8
She had a toy block.,She had a wooden block.,block,block,Same Sense,0.044626474380493164,12,3.8,6,6,0,405334016,EleutherAI/pythia-410m,step8,seed6,6,8
She had a toy block.,She had a wooden block.,block,block,Same Sense,0.044659316539764404,13,3.8,6,6,0,405334016,EleutherAI/pythia-410m,step8,seed6,6,8
She had a toy block.,She had a wooden block.,block,block,Same Sense,0.0437086820602417,14,3.8,6,6,0,405334016,EleutherAI/pythia-410m,step8,seed6,6,8
She had a toy block.,She had a wooden block.,block,block,Same Sense,0.043074190616607666,15,3.8,6,6,0,405334016,EleutherAI/pythia-410m,step8,seed6,6,8
She had a toy block.,She had a wooden block.,block,block,Same Sense,0.04343634843826294,16,3.8,6,6,0,405334016,EleutherAI/pythia-410m,step8,seed6,6,8
She had a toy block.,She had a wooden block.,block,block,Same Sense,0.043453991413116455,17,3.8,6,6,0,405334016,EleutherAI/pythia-410m,step8,seed6,6,8
She had a toy block.,She had a wooden block.,block,block,Same Sense,0.041681766510009766,18,3.8,6,6,0,405334016,EleutherAI/pythia-410m,step8,seed6,6,8
She had a toy block.,She had a wooden block.,block,block,Same Sense,0.04077267646789551,19,3.8,6,6,0,405334016,EleutherAI/pythia-410m,step8,seed6,6,8
She had a toy block.,She had a wooden block.,block,block,Same Sense,0.03967702388763428,20,3.8,6,6,0,405334016,EleutherAI/pythia-410m,step8,seed6,6,8
She had a toy block.,She had a wooden block.,block,block,Same Sense,0.03996753692626953,21,3.8,6,6,0,405334016,EleutherAI/pythia-410m,step8,seed6,6,8
She had a toy block.,She had a wooden block.,block,block,Same Sense,0.03922241926193237,22,3.8,6,6,0,405334016,EleutherAI/pythia-410m,step8,seed6,6,8
She had a toy block.,She had a wooden block.,block,block,Same Sense,0.03849822282791138,23,3.8,6,6,0,405334016,EleutherAI/pythia-410m,step8,seed6,6,8
She had a toy block.,She had a wooden block.,block,block,Same Sense,0.03832978010177612,24,3.8,6,6,0,405334016,EleutherAI/pythia-410m,step8,seed6,6,8
She had a mental block.,She had a writer's block.,block,block,Same Sense,0.0,0,3.181818182,6,7,1,405334016,EleutherAI/pythia-410m,step8,seed6,6,8
She had a mental block.,She had a writer's block.,block,block,Same Sense,0.041716039180755615,1,3.181818182,6,7,1,405334016,EleutherAI/pythia-410m,step8,seed6,6,8
She had a mental block.,She had a writer's block.,block,block,Same Sense,0.0511593222618103,2,3.181818182,6,7,1,405334016,EleutherAI/pythia-410m,step8,seed6,6,8
She had a mental block.,She had a writer's block.,block,block,Same Sense,0.052011728286743164,3,3.181818182,6,7,1,405334016,EleutherAI/pythia-410m,step8,seed6,6,8
She had a mental block.,She had a writer's block.,block,block,Same Sense,0.05956143140792847,4,3.181818182,6,7,1,405334016,EleutherAI/pythia-410m,step8,seed6,6,8
She had a mental block.,She had a writer's block.,block,block,Same Sense,0.06090468168258667,5,3.181818182,6,7,1,405334016,EleutherAI/pythia-410m,step8,seed6,6,8
She had a mental block.,She had a writer's block.,block,block,Same Sense,0.06125849485397339,6,3.181818182,6,7,1,405334016,EleutherAI/pythia-410m,step8,seed6,6,8
She had a mental block.,She had a writer's block.,block,block,Same Sense,0.05983853340148926,7,3.181818182,6,7,1,405334016,EleutherAI/pythia-410m,step8,seed6,6,8
She had a mental block.,She had a writer's block.,block,block,Same Sense,0.06120413541793823,8,3.181818182,6,7,1,405334016,EleutherAI/pythia-410m,step8,seed6,6,8
She had a mental block.,She had a writer's block.,block,block,Same Sense,0.06035703420639038,9,3.181818182,6,7,1,405334016,EleutherAI/pythia-410m,step8,seed6,6,8
She had a mental block.,She had a writer's block.,block,block,Same Sense,0.060887277126312256,10,3.181818182,6,7,1,405334016,EleutherAI/pythia-410m,step8,seed6,6,8
She had a mental block.,She had a writer's block.,block,block,Same Sense,0.061017394065856934,11,3.181818182,6,7,1,405334016,EleutherAI/pythia-410m,step8,seed6,6,8
She had a mental block.,She had a writer's block.,block,block,Same Sense,0.060862839221954346,12,3.181818182,6,7,1,405334016,EleutherAI/pythia-410m,step8,seed6,6,8
She had a mental block.,She had a writer's block.,block,block,Same Sense,0.06129562854766846,13,3.181818182,6,7,1,405334016,EleutherAI/pythia-410m,step8,seed6,6,8
She had a mental block.,She had a writer's block.,block,block,Same Sense,0.060291826725006104,14,3.181818182,6,7,1,405334016,EleutherAI/pythia-410m,step8,seed6,6,8
She had a mental block.,She had a writer's block.,block,block,Same Sense,0.05933743715286255,15,3.181818182,6,7,1,405334016,EleutherAI/pythia-410m,step8,seed6,6,8
She had a mental block.,She had a writer's block.,block,block,Same Sense,0.057714879512786865,16,3.181818182,6,7,1,405334016,EleutherAI/pythia-410m,step8,seed6,6,8
She had a mental block.,She had a writer's block.,block,block,Same Sense,0.05772745609283447,17,3.181818182,6,7,1,405334016,EleutherAI/pythia-410m,step8,seed6,6,8
She had a mental block.,She had a writer's block.,block,block,Same Sense,0.05563187599182129,18,3.181818182,6,7,1,405334016,EleutherAI/pythia-410m,step8,seed6,6,8
She had a mental block.,She had a writer's block.,block,block,Same Sense,0.053443193435668945,19,3.181818182,6,7,1,405334016,EleutherAI/pythia-410m,step8,seed6,6,8
She had a mental block.,She had a writer's block.,block,block,Same Sense,0.05220872163772583,20,3.181818182,6,7,1,405334016,EleutherAI/pythia-410m,step8,seed6,6,8
She had a mental block.,She had a writer's block.,block,block,Same Sense,0.052655041217803955,21,3.181818182,6,7,1,405334016,EleutherAI/pythia-410m,step8,seed6,6,8
She had a mental block.,She had a writer's block.,block,block,Same Sense,0.05120360851287842,22,3.181818182,6,7,1,405334016,EleutherAI/pythia-410m,step8,seed6,6,8
She had a mental block.,She had a writer's block.,block,block,Same Sense,0.049577414989471436,23,3.181818182,6,7,1,405334016,EleutherAI/pythia-410m,step8,seed6,6,8
She had a mental block.,She had a writer's block.,block,block,Same Sense,0.047166287899017334,24,3.181818182,6,7,1,405334016,EleutherAI/pythia-410m,step8,seed6,6,8
He has coagulated blood.,He has noble blood.,blood,blood,Different Sense,0.0,0,1.6,7,5,2,405334016,EleutherAI/pythia-410m,step8,seed6,6,8
He has coagulated blood.,He has noble blood.,blood,blood,Different Sense,0.04610633850097656,1,1.6,7,5,2,405334016,EleutherAI/pythia-410m,step8,seed6,6,8
He has coagulated blood.,He has noble blood.,blood,blood,Different Sense,0.06359630823135376,2,1.6,7,5,2,405334016,EleutherAI/pythia-410m,step8,seed6,6,8
He has coagulated blood.,He has noble blood.,blood,blood,Different Sense,0.08097046613693237,3,1.6,7,5,2,405334016,EleutherAI/pythia-410m,step8,seed6,6,8
He has coagulated blood.,He has noble blood.,blood,blood,Different Sense,0.08133137226104736,4,1.6,7,5,2,405334016,EleutherAI/pythia-410m,step8,seed6,6,8
He has coagulated blood.,He has noble blood.,blood,blood,Different Sense,0.08596372604370117,5,1.6,7,5,2,405334016,EleutherAI/pythia-410m,step8,seed6,6,8
He has coagulated blood.,He has noble blood.,blood,blood,Different Sense,0.09045487642288208,6,1.6,7,5,2,405334016,EleutherAI/pythia-410m,step8,seed6,6,8
He has coagulated blood.,He has noble blood.,blood,blood,Different Sense,0.08536779880523682,7,1.6,7,5,2,405334016,EleutherAI/pythia-410m,step8,seed6,6,8
He has coagulated blood.,He has noble blood.,blood,blood,Different Sense,0.09198051691055298,8,1.6,7,5,2,405334016,EleutherAI/pythia-410m,step8,seed6,6,8
He has coagulated blood.,He has noble blood.,blood,blood,Different Sense,0.09205394983291626,9,1.6,7,5,2,405334016,EleutherAI/pythia-410m,step8,seed6,6,8
He has coagulated blood.,He has noble blood.,blood,blood,Different Sense,0.09335410594940186,10,1.6,7,5,2,405334016,EleutherAI/pythia-410m,step8,seed6,6,8
He has coagulated blood.,He has noble blood.,blood,blood,Different Sense,0.09259462356567383,11,1.6,7,5,2,405334016,EleutherAI/pythia-410m,step8,seed6,6,8
He has coagulated blood.,He has noble blood.,blood,blood,Different Sense,0.09304541349411011,12,1.6,7,5,2,405334016,EleutherAI/pythia-410m,step8,seed6,6,8
He has coagulated blood.,He has noble blood.,blood,blood,Different Sense,0.092540442943573,13,1.6,7,5,2,405334016,EleutherAI/pythia-410m,step8,seed6,6,8
He has coagulated blood.,He has noble blood.,blood,blood,Different Sense,0.09236502647399902,14,1.6,7,5,2,405334016,EleutherAI/pythia-410m,step8,seed6,6,8
He has coagulated blood.,He has noble blood.,blood,blood,Different Sense,0.08805257081985474,15,1.6,7,5,2,405334016,EleutherAI/pythia-410m,step8,seed6,6,8
He has coagulated blood.,He has noble blood.,blood,blood,Different Sense,0.08827579021453857,16,1.6,7,5,2,405334016,EleutherAI/pythia-410m,step8,seed6,6,8
He has coagulated blood.,He has noble blood.,blood,blood,Different Sense,0.08770239353179932,17,1.6,7,5,2,405334016,EleutherAI/pythia-410m,step8,seed6,6,8
He has coagulated blood.,He has noble blood.,blood,blood,Different Sense,0.08654218912124634,18,1.6,7,5,2,405334016,EleutherAI/pythia-410m,step8,seed6,6,8
He has coagulated blood.,He has noble blood.,blood,blood,Different Sense,0.08731156587600708,19,1.6,7,5,2,405334016,EleutherAI/pythia-410m,step8,seed6,6,8
He has coagulated blood.,He has noble blood.,blood,blood,Different Sense,0.08635127544403076,20,1.6,7,5,2,405334016,EleutherAI/pythia-410m,step8,seed6,6,8
He has coagulated blood.,He has noble blood.,blood,blood,Different Sense,0.0873039960861206,21,1.6,7,5,2,405334016,EleutherAI/pythia-410m,step8,seed6,6,8
He has coagulated blood.,He has noble blood.,blood,blood,Different Sense,0.08355176448822021,22,1.6,7,5,2,405334016,EleutherAI/pythia-410m,step8,seed6,6,8
He has coagulated blood.,He has noble blood.,blood,blood,Different Sense,0.08229321241378784,23,1.6,7,5,2,405334016,EleutherAI/pythia-410m,step8,seed6,6,8
He has coagulated blood.,He has noble blood.,blood,blood,Different Sense,0.08170825242996216,24,1.6,7,5,2,405334016,EleutherAI/pythia-410m,step8,seed6,6,8
He has coagulated blood.,He has royal blood.,blood,blood,Different Sense,0.0,0,2.5,7,5,2,405334016,EleutherAI/pythia-410m,step8,seed6,6,8
He has coagulated blood.,He has royal blood.,blood,blood,Different Sense,0.04859137535095215,1,2.5,7,5,2,405334016,EleutherAI/pythia-410m,step8,seed6,6,8
He has coagulated blood.,He has royal blood.,blood,blood,Different Sense,0.06874459981918335,2,2.5,7,5,2,405334016,EleutherAI/pythia-410m,step8,seed6,6,8
He has coagulated blood.,He has royal blood.,blood,blood,Different Sense,0.08459991216659546,3,2.5,7,5,2,405334016,EleutherAI/pythia-410m,step8,seed6,6,8
He has coagulated blood.,He has royal blood.,blood,blood,Different Sense,0.09084653854370117,4,2.5,7,5,2,405334016,EleutherAI/pythia-410m,step8,seed6,6,8
He has coagulated blood.,He has royal blood.,blood,blood,Different Sense,0.09212923049926758,5,2.5,7,5,2,405334016,EleutherAI/pythia-410m,step8,seed6,6,8
He has coagulated blood.,He has royal blood.,blood,blood,Different Sense,0.09501856565475464,6,2.5,7,5,2,405334016,EleutherAI/pythia-410m,step8,seed6,6,8
He has coagulated blood.,He has royal blood.,blood,blood,Different Sense,0.09212219715118408,7,2.5,7,5,2,405334016,EleutherAI/pythia-410m,step8,seed6,6,8
He has coagulated blood.,He has royal blood.,blood,blood,Different Sense,0.09742635488510132,8,2.5,7,5,2,405334016,EleutherAI/pythia-410m,step8,seed6,6,8
He has coagulated blood.,He has royal blood.,blood,blood,Different Sense,0.09858661890029907,9,2.5,7,5,2,405334016,EleutherAI/pythia-410m,step8,seed6,6,8
He has coagulated blood.,He has royal blood.,blood,blood,Different Sense,0.09778410196304321,10,2.5,7,5,2,405334016,EleutherAI/pythia-410m,step8,seed6,6,8
He has coagulated blood.,He has royal blood.,blood,blood,Different Sense,0.09563601016998291,11,2.5,7,5,2,405334016,EleutherAI/pythia-410m,step8,seed6,6,8
He has coagulated blood.,He has royal blood.,blood,blood,Different Sense,0.09449189901351929,12,2.5,7,5,2,405334016,EleutherAI/pythia-410m,step8,seed6,6,8
He has coagulated blood.,He has royal blood.,blood,blood,Different Sense,0.09306448698043823,13,2.5,7,5,2,405334016,EleutherAI/pythia-410m,step8,seed6,6,8
He has coagulated blood.,He has royal blood.,blood,blood,Different Sense,0.0916593074798584,14,2.5,7,5,2,405334016,EleutherAI/pythia-410m,step8,seed6,6,8
He has coagulated blood.,He has royal blood.,blood,blood,Different Sense,0.08901429176330566,15,2.5,7,5,2,405334016,EleutherAI/pythia-410m,step8,seed6,6,8
He has coagulated blood.,He has royal blood.,blood,blood,Different Sense,0.08953553438186646,16,2.5,7,5,2,405334016,EleutherAI/pythia-410m,step8,seed6,6,8
He has coagulated blood.,He has royal blood.,blood,blood,Different Sense,0.0881388783454895,17,2.5,7,5,2,405334016,EleutherAI/pythia-410m,step8,seed6,6,8
He has coagulated blood.,He has royal blood.,blood,blood,Different Sense,0.08594441413879395,18,2.5,7,5,2,405334016,EleutherAI/pythia-410m,step8,seed6,6,8
He has coagulated blood.,He has royal blood.,blood,blood,Different Sense,0.08580279350280762,19,2.5,7,5,2,405334016,EleutherAI/pythia-410m,step8,seed6,6,8
He has coagulated blood.,He has royal blood.,blood,blood,Different Sense,0.08510470390319824,20,2.5,7,5,2,405334016,EleutherAI/pythia-410m,step8,seed6,6,8
He has coagulated blood.,He has royal blood.,blood,blood,Different Sense,0.0851144790649414,21,2.5,7,5,2,405334016,EleutherAI/pythia-410m,step8,seed6,6,8
He has coagulated blood.,He has royal blood.,blood,blood,Different Sense,0.08299446105957031,22,2.5,7,5,2,405334016,EleutherAI/pythia-410m,step8,seed6,6,8
He has coagulated blood.,He has royal blood.,blood,blood,Different Sense,0.08152550458908081,23,2.5,7,5,2,405334016,EleutherAI/pythia-410m,step8,seed6,6,8
He has coagulated blood.,He has royal blood.,blood,blood,Different Sense,0.0805930495262146,24,2.5,7,5,2,405334016,EleutherAI/pythia-410m,step8,seed6,6,8
He has thin blood.,He has noble blood.,blood,blood,Different Sense,0.0,0,2.222222222,5,5,0,405334016,EleutherAI/pythia-410m,step8,seed6,6,8
He has thin blood.,He has noble blood.,blood,blood,Different Sense,0.034626901149749756,1,2.222222222,5,5,0,405334016,EleutherAI/pythia-410m,step8,seed6,6,8
He has thin blood.,He has noble blood.,blood,blood,Different Sense,0.046109676361083984,2,2.222222222,5,5,0,405334016,EleutherAI/pythia-410m,step8,seed6,6,8
He has thin blood.,He has noble blood.,blood,blood,Different Sense,0.05426347255706787,3,2.222222222,5,5,0,405334016,EleutherAI/pythia-410m,step8,seed6,6,8
He has thin blood.,He has noble blood.,blood,blood,Different Sense,0.05497384071350098,4,2.222222222,5,5,0,405334016,EleutherAI/pythia-410m,step8,seed6,6,8
He has thin blood.,He has noble blood.,blood,blood,Different Sense,0.057672202587127686,5,2.222222222,5,5,0,405334016,EleutherAI/pythia-410m,step8,seed6,6,8
He has thin blood.,He has noble blood.,blood,blood,Different Sense,0.06215190887451172,6,2.222222222,5,5,0,405334016,EleutherAI/pythia-410m,step8,seed6,6,8
He has thin blood.,He has noble blood.,blood,blood,Different Sense,0.06109488010406494,7,2.222222222,5,5,0,405334016,EleutherAI/pythia-410m,step8,seed6,6,8
He has thin blood.,He has noble blood.,blood,blood,Different Sense,0.06513822078704834,8,2.222222222,5,5,0,405334016,EleutherAI/pythia-410m,step8,seed6,6,8
He has thin blood.,He has noble blood.,blood,blood,Different Sense,0.0628427267074585,9,2.222222222,5,5,0,405334016,EleutherAI/pythia-410m,step8,seed6,6,8
He has thin blood.,He has noble blood.,blood,blood,Different Sense,0.06489336490631104,10,2.222222222,5,5,0,405334016,EleutherAI/pythia-410m,step8,seed6,6,8
He has thin blood.,He has noble blood.,blood,blood,Different Sense,0.06403988599777222,11,2.222222222,5,5,0,405334016,EleutherAI/pythia-410m,step8,seed6,6,8
He has thin blood.,He has noble blood.,blood,blood,Different Sense,0.06571441888809204,12,2.222222222,5,5,0,405334016,EleutherAI/pythia-410m,step8,seed6,6,8
He has thin blood.,He has noble blood.,blood,blood,Different Sense,0.06579935550689697,13,2.222222222,5,5,0,405334016,EleutherAI/pythia-410m,step8,seed6,6,8
He has thin blood.,He has noble blood.,blood,blood,Different Sense,0.06457716226577759,14,2.222222222,5,5,0,405334016,EleutherAI/pythia-410m,step8,seed6,6,8
He has thin blood.,He has noble blood.,blood,blood,Different Sense,0.06261038780212402,15,2.222222222,5,5,0,405334016,EleutherAI/pythia-410m,step8,seed6,6,8
He has thin blood.,He has noble blood.,blood,blood,Different Sense,0.059724509716033936,16,2.222222222,5,5,0,405334016,EleutherAI/pythia-410m,step8,seed6,6,8
He has thin blood.,He has noble blood.,blood,blood,Different Sense,0.05963033437728882,17,2.222222222,5,5,0,405334016,EleutherAI/pythia-410m,step8,seed6,6,8
He has thin blood.,He has noble blood.,blood,blood,Different Sense,0.05764782428741455,18,2.222222222,5,5,0,405334016,EleutherAI/pythia-410m,step8,seed6,6,8
He has thin blood.,He has noble blood.,blood,blood,Different Sense,0.057835519313812256,19,2.222222222,5,5,0,405334016,EleutherAI/pythia-410m,step8,seed6,6,8
He has thin blood.,He has noble blood.,blood,blood,Different Sense,0.056814372539520264,20,2.222222222,5,5,0,405334016,EleutherAI/pythia-410m,step8,seed6,6,8
He has thin blood.,He has noble blood.,blood,blood,Different Sense,0.056078314781188965,21,2.222222222,5,5,0,405334016,EleutherAI/pythia-410m,step8,seed6,6,8
He has thin blood.,He has noble blood.,blood,blood,Different Sense,0.054260313510894775,22,2.222222222,5,5,0,405334016,EleutherAI/pythia-410m,step8,seed6,6,8
He has thin blood.,He has noble blood.,blood,blood,Different Sense,0.05324912071228027,23,2.222222222,5,5,0,405334016,EleutherAI/pythia-410m,step8,seed6,6,8
He has thin blood.,He has noble blood.,blood,blood,Different Sense,0.05324321985244751,24,2.222222222,5,5,0,405334016,EleutherAI/pythia-410m,step8,seed6,6,8
He has thin blood.,He has royal blood.,blood,blood,Different Sense,0.0,0,2.214285714,5,5,0,405334016,EleutherAI/pythia-410m,step8,seed6,6,8
He has thin blood.,He has royal blood.,blood,blood,Different Sense,0.03178966045379639,1,2.214285714,5,5,0,405334016,EleutherAI/pythia-410m,step8,seed6,6,8
He has thin blood.,He has royal blood.,blood,blood,Different Sense,0.04278820753097534,2,2.214285714,5,5,0,405334016,EleutherAI/pythia-410m,step8,seed6,6,8
He has thin blood.,He has royal blood.,blood,blood,Different Sense,0.053640902042388916,3,2.214285714,5,5,0,405334016,EleutherAI/pythia-410m,step8,seed6,6,8
He has thin blood.,He has royal blood.,blood,blood,Different Sense,0.05541139841079712,4,2.214285714,5,5,0,405334016,EleutherAI/pythia-410m,step8,seed6,6,8
He has thin blood.,He has royal blood.,blood,blood,Different Sense,0.052623867988586426,5,2.214285714,5,5,0,405334016,EleutherAI/pythia-410m,step8,seed6,6,8
He has thin blood.,He has royal blood.,blood,blood,Different Sense,0.05565178394317627,6,2.214285714,5,5,0,405334016,EleutherAI/pythia-410m,step8,seed6,6,8
He has thin blood.,He has royal blood.,blood,blood,Different Sense,0.05496293306350708,7,2.214285714,5,5,0,405334016,EleutherAI/pythia-410m,step8,seed6,6,8
He has thin blood.,He has royal blood.,blood,blood,Different Sense,0.05839782953262329,8,2.214285714,5,5,0,405334016,EleutherAI/pythia-410m,step8,seed6,6,8
He has thin blood.,He has royal blood.,blood,blood,Different Sense,0.057062387466430664,9,2.214285714,5,5,0,405334016,EleutherAI/pythia-410m,step8,seed6,6,8
He has thin blood.,He has royal blood.,blood,blood,Different Sense,0.056602537631988525,10,2.214285714,5,5,0,405334016,EleutherAI/pythia-410m,step8,seed6,6,8
He has thin blood.,He has royal blood.,blood,blood,Different Sense,0.055228471755981445,11,2.214285714,5,5,0,405334016,EleutherAI/pythia-410m,step8,seed6,6,8
He has thin blood.,He has royal blood.,blood,blood,Different Sense,0.0555536150932312,12,2.214285714,5,5,0,405334016,EleutherAI/pythia-410m,step8,seed6,6,8
He has thin blood.,He has royal blood.,blood,blood,Different Sense,0.057103753089904785,13,2.214285714,5,5,0,405334016,EleutherAI/pythia-410m,step8,seed6,6,8
He has thin blood.,He has royal blood.,blood,blood,Different Sense,0.05638432502746582,14,2.214285714,5,5,0,405334016,EleutherAI/pythia-410m,step8,seed6,6,8
He has thin blood.,He has royal blood.,blood,blood,Different Sense,0.055258870124816895,15,2.214285714,5,5,0,405334016,EleutherAI/pythia-410m,step8,seed6,6,8
He has thin blood.,He has royal blood.,blood,blood,Different Sense,0.05511254072189331,16,2.214285714,5,5,0,405334016,EleutherAI/pythia-410m,step8,seed6,6,8
He has thin blood.,He has royal blood.,blood,blood,Different Sense,0.05425328016281128,17,2.214285714,5,5,0,405334016,EleutherAI/pythia-410m,step8,seed6,6,8
He has thin blood.,He has royal blood.,blood,blood,Different Sense,0.051957666873931885,18,2.214285714,5,5,0,405334016,EleutherAI/pythia-410m,step8,seed6,6,8
He has thin blood.,He has royal blood.,blood,blood,Different Sense,0.050543785095214844,19,2.214285714,5,5,0,405334016,EleutherAI/pythia-410m,step8,seed6,6,8
He has thin blood.,He has royal blood.,blood,blood,Different Sense,0.05021202564239502,20,2.214285714,5,5,0,405334016,EleutherAI/pythia-410m,step8,seed6,6,8
He has thin blood.,He has royal blood.,blood,blood,Different Sense,0.04936408996582031,21,2.214285714,5,5,0,405334016,EleutherAI/pythia-410m,step8,seed6,6,8
He has thin blood.,He has royal blood.,blood,blood,Different Sense,0.04716306924819946,22,2.214285714,5,5,0,405334016,EleutherAI/pythia-410m,step8,seed6,6,8
He has thin blood.,He has royal blood.,blood,blood,Different Sense,0.04631012678146362,23,2.214285714,5,5,0,405334016,EleutherAI/pythia-410m,step8,seed6,6,8
He has thin blood.,He has royal blood.,blood,blood,Different Sense,0.045678675174713135,24,2.214285714,5,5,0,405334016,EleutherAI/pythia-410m,step8,seed6,6,8
He has coagulated blood.,He has thin blood.,blood,blood,Same Sense,0.0,0,3.631578947,7,5,2,405334016,EleutherAI/pythia-410m,step8,seed6,6,8
He has coagulated blood.,He has thin blood.,blood,blood,Same Sense,0.04661822319030762,1,3.631578947,7,5,2,405334016,EleutherAI/pythia-410m,step8,seed6,6,8
He has coagulated blood.,He has thin blood.,blood,blood,Same Sense,0.06542998552322388,2,3.631578947,7,5,2,405334016,EleutherAI/pythia-410m,step8,seed6,6,8
He has coagulated blood.,He has thin blood.,blood,blood,Same Sense,0.08599996566772461,3,3.631578947,7,5,2,405334016,EleutherAI/pythia-410m,step8,seed6,6,8
He has coagulated blood.,He has thin blood.,blood,blood,Same Sense,0.08611708879470825,4,3.631578947,7,5,2,405334016,EleutherAI/pythia-410m,step8,seed6,6,8
He has coagulated blood.,He has thin blood.,blood,blood,Same Sense,0.09229958057403564,5,3.631578947,7,5,2,405334016,EleutherAI/pythia-410m,step8,seed6,6,8
He has coagulated blood.,He has thin blood.,blood,blood,Same Sense,0.09366780519485474,6,3.631578947,7,5,2,405334016,EleutherAI/pythia-410m,step8,seed6,6,8
He has coagulated blood.,He has thin blood.,blood,blood,Same Sense,0.09348881244659424,7,3.631578947,7,5,2,405334016,EleutherAI/pythia-410m,step8,seed6,6,8
He has coagulated blood.,He has thin blood.,blood,blood,Same Sense,0.09878695011138916,8,3.631578947,7,5,2,405334016,EleutherAI/pythia-410m,step8,seed6,6,8
He has coagulated blood.,He has thin blood.,blood,blood,Same Sense,0.09732705354690552,9,3.631578947,7,5,2,405334016,EleutherAI/pythia-410m,step8,seed6,6,8
He has coagulated blood.,He has thin blood.,blood,blood,Same Sense,0.09909766912460327,10,3.631578947,7,5,2,405334016,EleutherAI/pythia-410m,step8,seed6,6,8
He has coagulated blood.,He has thin blood.,blood,blood,Same Sense,0.09475451707839966,11,3.631578947,7,5,2,405334016,EleutherAI/pythia-410m,step8,seed6,6,8
He has coagulated blood.,He has thin blood.,blood,blood,Same Sense,0.09517228603363037,12,3.631578947,7,5,2,405334016,EleutherAI/pythia-410m,step8,seed6,6,8
He has coagulated blood.,He has thin blood.,blood,blood,Same Sense,0.09331673383712769,13,3.631578947,7,5,2,405334016,EleutherAI/pythia-410m,step8,seed6,6,8
He has coagulated blood.,He has thin blood.,blood,blood,Same Sense,0.09287595748901367,14,3.631578947,7,5,2,405334016,EleutherAI/pythia-410m,step8,seed6,6,8
He has coagulated blood.,He has thin blood.,blood,blood,Same Sense,0.09133702516555786,15,3.631578947,7,5,2,405334016,EleutherAI/pythia-410m,step8,seed6,6,8
He has coagulated blood.,He has thin blood.,blood,blood,Same Sense,0.08883857727050781,16,3.631578947,7,5,2,405334016,EleutherAI/pythia-410m,step8,seed6,6,8
He has coagulated blood.,He has thin blood.,blood,blood,Same Sense,0.08796840906143188,17,3.631578947,7,5,2,405334016,EleutherAI/pythia-410m,step8,seed6,6,8
He has coagulated blood.,He has thin blood.,blood,blood,Same Sense,0.08530765771865845,18,3.631578947,7,5,2,405334016,EleutherAI/pythia-410m,step8,seed6,6,8
He has coagulated blood.,He has thin blood.,blood,blood,Same Sense,0.0841374397277832,19,3.631578947,7,5,2,405334016,EleutherAI/pythia-410m,step8,seed6,6,8
He has coagulated blood.,He has thin blood.,blood,blood,Same Sense,0.08325129747390747,20,3.631578947,7,5,2,405334016,EleutherAI/pythia-410m,step8,seed6,6,8
He has coagulated blood.,He has thin blood.,blood,blood,Same Sense,0.08204704523086548,21,3.631578947,7,5,2,405334016,EleutherAI/pythia-410m,step8,seed6,6,8
He has coagulated blood.,He has thin blood.,blood,blood,Same Sense,0.07997393608093262,22,3.631578947,7,5,2,405334016,EleutherAI/pythia-410m,step8,seed6,6,8
He has coagulated blood.,He has thin blood.,blood,blood,Same Sense,0.07825255393981934,23,3.631578947,7,5,2,405334016,EleutherAI/pythia-410m,step8,seed6,6,8
He has coagulated blood.,He has thin blood.,blood,blood,Same Sense,0.07650566101074219,24,3.631578947,7,5,2,405334016,EleutherAI/pythia-410m,step8,seed6,6,8
He has noble blood.,He has royal blood.,blood,blood,Same Sense,0.0,0,3.583333333,5,5,0,405334016,EleutherAI/pythia-410m,step8,seed6,6,8
He has noble blood.,He has royal blood.,blood,blood,Same Sense,0.036733388900756836,1,3.583333333,5,5,0,405334016,EleutherAI/pythia-410m,step8,seed6,6,8
He has noble blood.,He has royal blood.,blood,blood,Same Sense,0.05164504051208496,2,3.583333333,5,5,0,405334016,EleutherAI/pythia-410m,step8,seed6,6,8
He has noble blood.,He has royal blood.,blood,blood,Same Sense,0.06044358015060425,3,3.583333333,5,5,0,405334016,EleutherAI/pythia-410m,step8,seed6,6,8
He has noble blood.,He has royal blood.,blood,blood,Same Sense,0.06086838245391846,4,3.583333333,5,5,0,405334016,EleutherAI/pythia-410m,step8,seed6,6,8
He has noble blood.,He has royal blood.,blood,blood,Same Sense,0.0601382851600647,5,3.583333333,5,5,0,405334016,EleutherAI/pythia-410m,step8,seed6,6,8
He has noble blood.,He has royal blood.,blood,blood,Same Sense,0.06177634000778198,6,3.583333333,5,5,0,405334016,EleutherAI/pythia-410m,step8,seed6,6,8
He has noble blood.,He has royal blood.,blood,blood,Same Sense,0.0570751428604126,7,3.583333333,5,5,0,405334016,EleutherAI/pythia-410m,step8,seed6,6,8
He has noble blood.,He has royal blood.,blood,blood,Same Sense,0.06084322929382324,8,3.583333333,5,5,0,405334016,EleutherAI/pythia-410m,step8,seed6,6,8
He has noble blood.,He has royal blood.,blood,blood,Same Sense,0.06007742881774902,9,3.583333333,5,5,0,405334016,EleutherAI/pythia-410m,step8,seed6,6,8
He has noble blood.,He has royal blood.,blood,blood,Same Sense,0.05866706371307373,10,3.583333333,5,5,0,405334016,EleutherAI/pythia-410m,step8,seed6,6,8
He has noble blood.,He has royal blood.,blood,blood,Same Sense,0.057786762714385986,11,3.583333333,5,5,0,405334016,EleutherAI/pythia-410m,step8,seed6,6,8
He has noble blood.,He has royal blood.,blood,blood,Same Sense,0.059715449810028076,12,3.583333333,5,5,0,405334016,EleutherAI/pythia-410m,step8,seed6,6,8
He has noble blood.,He has royal blood.,blood,blood,Same Sense,0.05974966287612915,13,3.583333333,5,5,0,405334016,EleutherAI/pythia-410m,step8,seed6,6,8
He has noble blood.,He has royal blood.,blood,blood,Same Sense,0.056690990924835205,14,3.583333333,5,5,0,405334016,EleutherAI/pythia-410m,step8,seed6,6,8
He has noble blood.,He has royal blood.,blood,blood,Same Sense,0.055476367473602295,15,3.583333333,5,5,0,405334016,EleutherAI/pythia-410m,step8,seed6,6,8
He has noble blood.,He has royal blood.,blood,blood,Same Sense,0.055741310119628906,16,3.583333333,5,5,0,405334016,EleutherAI/pythia-410m,step8,seed6,6,8
He has noble blood.,He has royal blood.,blood,blood,Same Sense,0.0544743537902832,17,3.583333333,5,5,0,405334016,EleutherAI/pythia-410m,step8,seed6,6,8
He has noble blood.,He has royal blood.,blood,blood,Same Sense,0.05400460958480835,18,3.583333333,5,5,0,405334016,EleutherAI/pythia-410m,step8,seed6,6,8
He has noble blood.,He has royal blood.,blood,blood,Same Sense,0.053470075130462646,19,3.583333333,5,5,0,405334016,EleutherAI/pythia-410m,step8,seed6,6,8
He has noble blood.,He has royal blood.,blood,blood,Same Sense,0.052473485469818115,20,3.583333333,5,5,0,405334016,EleutherAI/pythia-410m,step8,seed6,6,8
He has noble blood.,He has royal blood.,blood,blood,Same Sense,0.05414098501205444,21,3.583333333,5,5,0,405334016,EleutherAI/pythia-410m,step8,seed6,6,8
He has noble blood.,He has royal blood.,blood,blood,Same Sense,0.0514490008354187,22,3.583333333,5,5,0,405334016,EleutherAI/pythia-410m,step8,seed6,6,8
He has noble blood.,He has royal blood.,blood,blood,Same Sense,0.050395309925079346,23,3.583333333,5,5,0,405334016,EleutherAI/pythia-410m,step8,seed6,6,8
He has noble blood.,He has royal blood.,blood,blood,Same Sense,0.04994732141494751,24,3.583333333,5,5,0,405334016,EleutherAI/pythia-410m,step8,seed6,6,8
It was the ironing board.,It was the executive board.,board,board,Different Sense,0.0,0,0.066666667,7,6,1,405334016,EleutherAI/pythia-410m,step8,seed6,6,8
It was the ironing board.,It was the executive board.,board,board,Different Sense,0.026163995265960693,1,0.066666667,7,6,1,405334016,EleutherAI/pythia-410m,step8,seed6,6,8
It was the ironing board.,It was the executive board.,board,board,Different Sense,0.03829967975616455,2,0.066666667,7,6,1,405334016,EleutherAI/pythia-410m,step8,seed6,6,8
It was the ironing board.,It was the executive board.,board,board,Different Sense,0.04252809286117554,3,0.066666667,7,6,1,405334016,EleutherAI/pythia-410m,step8,seed6,6,8
It was the ironing board.,It was the executive board.,board,board,Different Sense,0.0424649715423584,4,0.066666667,7,6,1,405334016,EleutherAI/pythia-410m,step8,seed6,6,8
It was the ironing board.,It was the executive board.,board,board,Different Sense,0.04459017515182495,5,0.066666667,7,6,1,405334016,EleutherAI/pythia-410m,step8,seed6,6,8
It was the ironing board.,It was the executive board.,board,board,Different Sense,0.04890650510787964,6,0.066666667,7,6,1,405334016,EleutherAI/pythia-410m,step8,seed6,6,8
It was the ironing board.,It was the executive board.,board,board,Different Sense,0.04860794544219971,7,0.066666667,7,6,1,405334016,EleutherAI/pythia-410m,step8,seed6,6,8
It was the ironing board.,It was the executive board.,board,board,Different Sense,0.048898935317993164,8,0.066666667,7,6,1,405334016,EleutherAI/pythia-410m,step8,seed6,6,8
It was the ironing board.,It was the executive board.,board,board,Different Sense,0.049568772315979004,9,0.066666667,7,6,1,405334016,EleutherAI/pythia-410m,step8,seed6,6,8
It was the ironing board.,It was the executive board.,board,board,Different Sense,0.048241496086120605,10,0.066666667,7,6,1,405334016,EleutherAI/pythia-410m,step8,seed6,6,8
It was the ironing board.,It was the executive board.,board,board,Different Sense,0.04712647199630737,11,0.066666667,7,6,1,405334016,EleutherAI/pythia-410m,step8,seed6,6,8
It was the ironing board.,It was the executive board.,board,board,Different Sense,0.04596996307373047,12,0.066666667,7,6,1,405334016,EleutherAI/pythia-410m,step8,seed6,6,8
It was the ironing board.,It was the executive board.,board,board,Different Sense,0.046242594718933105,13,0.066666667,7,6,1,405334016,EleutherAI/pythia-410m,step8,seed6,6,8
It was the ironing board.,It was the executive board.,board,board,Different Sense,0.045456647872924805,14,0.066666667,7,6,1,405334016,EleutherAI/pythia-410m,step8,seed6,6,8
It was the ironing board.,It was the executive board.,board,board,Different Sense,0.044843077659606934,15,0.066666667,7,6,1,405334016,EleutherAI/pythia-410m,step8,seed6,6,8
It was the ironing board.,It was the executive board.,board,board,Different Sense,0.045796871185302734,16,0.066666667,7,6,1,405334016,EleutherAI/pythia-410m,step8,seed6,6,8
It was the ironing board.,It was the executive board.,board,board,Different Sense,0.043269455432891846,17,0.066666667,7,6,1,405334016,EleutherAI/pythia-410m,step8,seed6,6,8
It was the ironing board.,It was the executive board.,board,board,Different Sense,0.045207440853118896,18,0.066666667,7,6,1,405334016,EleutherAI/pythia-410m,step8,seed6,6,8
It was the ironing board.,It was the executive board.,board,board,Different Sense,0.04431045055389404,19,0.066666667,7,6,1,405334016,EleutherAI/pythia-410m,step8,seed6,6,8
It was the ironing board.,It was the executive board.,board,board,Different Sense,0.044612228870391846,20,0.066666667,7,6,1,405334016,EleutherAI/pythia-410m,step8,seed6,6,8
It was the ironing board.,It was the executive board.,board,board,Different Sense,0.04539746046066284,21,0.066666667,7,6,1,405334016,EleutherAI/pythia-410m,step8,seed6,6,8
It was the ironing board.,It was the executive board.,board,board,Different Sense,0.04459100961685181,22,0.066666667,7,6,1,405334016,EleutherAI/pythia-410m,step8,seed6,6,8
It was the ironing board.,It was the executive board.,board,board,Different Sense,0.04228931665420532,23,0.066666667,7,6,1,405334016,EleutherAI/pythia-410m,step8,seed6,6,8
It was the ironing board.,It was the executive board.,board,board,Different Sense,0.041730523109436035,24,0.066666667,7,6,1,405334016,EleutherAI/pythia-410m,step8,seed6,6,8
It was the ironing board.,It was the school board.,board,board,Different Sense,0.0,0,0.416666667,7,6,1,405334016,EleutherAI/pythia-410m,step8,seed6,6,8
It was the ironing board.,It was the school board.,board,board,Different Sense,0.025526821613311768,1,0.416666667,7,6,1,405334016,EleutherAI/pythia-410m,step8,seed6,6,8
It was the ironing board.,It was the school board.,board,board,Different Sense,0.03738623857498169,2,0.416666667,7,6,1,405334016,EleutherAI/pythia-410m,step8,seed6,6,8
It was the ironing board.,It was the school board.,board,board,Different Sense,0.039481282234191895,3,0.416666667,7,6,1,405334016,EleutherAI/pythia-410m,step8,seed6,6,8
It was the ironing board.,It was the school board.,board,board,Different Sense,0.04029005765914917,4,0.416666667,7,6,1,405334016,EleutherAI/pythia-410m,step8,seed6,6,8
It was the ironing board.,It was the school board.,board,board,Different Sense,0.04346954822540283,5,0.416666667,7,6,1,405334016,EleutherAI/pythia-410m,step8,seed6,6,8
It was the ironing board.,It was the school board.,board,board,Different Sense,0.04568040370941162,6,0.416666667,7,6,1,405334016,EleutherAI/pythia-410m,step8,seed6,6,8
It was the ironing board.,It was the school board.,board,board,Different Sense,0.0459744930267334,7,0.416666667,7,6,1,405334016,EleutherAI/pythia-410m,step8,seed6,6,8
It was the ironing board.,It was the school board.,board,board,Different Sense,0.045926690101623535,8,0.416666667,7,6,1,405334016,EleutherAI/pythia-410m,step8,seed6,6,8
It was the ironing board.,It was the school board.,board,board,Different Sense,0.047428905963897705,9,0.416666667,7,6,1,405334016,EleutherAI/pythia-410m,step8,seed6,6,8
It was the ironing board.,It was the school board.,board,board,Different Sense,0.04713773727416992,10,0.416666667,7,6,1,405334016,EleutherAI/pythia-410m,step8,seed6,6,8
It was the ironing board.,It was the school board.,board,board,Different Sense,0.04702913761138916,11,0.416666667,7,6,1,405334016,EleutherAI/pythia-410m,step8,seed6,6,8
It was the ironing board.,It was the school board.,board,board,Different Sense,0.04655677080154419,12,0.416666667,7,6,1,405334016,EleutherAI/pythia-410m,step8,seed6,6,8
It was the ironing board.,It was the school board.,board,board,Different Sense,0.04696935415267944,13,0.416666667,7,6,1,405334016,EleutherAI/pythia-410m,step8,seed6,6,8
It was the ironing board.,It was the school board.,board,board,Different Sense,0.0458255410194397,14,0.416666667,7,6,1,405334016,EleutherAI/pythia-410m,step8,seed6,6,8
It was the ironing board.,It was the school board.,board,board,Different Sense,0.04549366235733032,15,0.416666667,7,6,1,405334016,EleutherAI/pythia-410m,step8,seed6,6,8
It was the ironing board.,It was the school board.,board,board,Different Sense,0.04610854387283325,16,0.416666667,7,6,1,405334016,EleutherAI/pythia-410m,step8,seed6,6,8
It was the ironing board.,It was the school board.,board,board,Different Sense,0.044536709785461426,17,0.416666667,7,6,1,405334016,EleutherAI/pythia-410m,step8,seed6,6,8
It was the ironing board.,It was the school board.,board,board,Different Sense,0.04693502187728882,18,0.416666667,7,6,1,405334016,EleutherAI/pythia-410m,step8,seed6,6,8
It was the ironing board.,It was the school board.,board,board,Different Sense,0.046079814434051514,19,0.416666667,7,6,1,405334016,EleutherAI/pythia-410m,step8,seed6,6,8
It was the ironing board.,It was the school board.,board,board,Different Sense,0.04596680402755737,20,0.416666667,7,6,1,405334016,EleutherAI/pythia-410m,step8,seed6,6,8
It was the ironing board.,It was the school board.,board,board,Different Sense,0.04655712842941284,21,0.416666667,7,6,1,405334016,EleutherAI/pythia-410m,step8,seed6,6,8
It was the ironing board.,It was the school board.,board,board,Different Sense,0.04464501142501831,22,0.416666667,7,6,1,405334016,EleutherAI/pythia-410m,step8,seed6,6,8
It was the ironing board.,It was the school board.,board,board,Different Sense,0.04346543550491333,23,0.416666667,7,6,1,405334016,EleutherAI/pythia-410m,step8,seed6,6,8
It was the ironing board.,It was the school board.,board,board,Different Sense,0.043073177337646484,24,0.416666667,7,6,1,405334016,EleutherAI/pythia-410m,step8,seed6,6,8
It was the wooden board.,It was the executive board.,board,board,Different Sense,0.0,0,0.25,6,6,0,405334016,EleutherAI/pythia-410m,step8,seed6,6,8
It was the wooden board.,It was the executive board.,board,board,Different Sense,0.018169820308685303,1,0.25,6,6,0,405334016,EleutherAI/pythia-410m,step8,seed6,6,8
It was the wooden board.,It was the executive board.,board,board,Different Sense,0.02870321273803711,2,0.25,6,6,0,405334016,EleutherAI/pythia-410m,step8,seed6,6,8
It was the wooden board.,It was the executive board.,board,board,Different Sense,0.033408403396606445,3,0.25,6,6,0,405334016,EleutherAI/pythia-410m,step8,seed6,6,8
It was the wooden board.,It was the executive board.,board,board,Different Sense,0.03541839122772217,4,0.25,6,6,0,405334016,EleutherAI/pythia-410m,step8,seed6,6,8
It was the wooden board.,It was the executive board.,board,board,Different Sense,0.03798508644104004,5,0.25,6,6,0,405334016,EleutherAI/pythia-410m,step8,seed6,6,8
It was the wooden board.,It was the executive board.,board,board,Different Sense,0.03867769241333008,6,0.25,6,6,0,405334016,EleutherAI/pythia-410m,step8,seed6,6,8
It was the wooden board.,It was the executive board.,board,board,Different Sense,0.03784942626953125,7,0.25,6,6,0,405334016,EleutherAI/pythia-410m,step8,seed6,6,8
It was the wooden board.,It was the executive board.,board,board,Different Sense,0.03655892610549927,8,0.25,6,6,0,405334016,EleutherAI/pythia-410m,step8,seed6,6,8
It was the wooden board.,It was the executive board.,board,board,Different Sense,0.0382312536239624,9,0.25,6,6,0,405334016,EleutherAI/pythia-410m,step8,seed6,6,8
It was the wooden board.,It was the executive board.,board,board,Different Sense,0.03777533769607544,10,0.25,6,6,0,405334016,EleutherAI/pythia-410m,step8,seed6,6,8
It was the wooden board.,It was the executive board.,board,board,Different Sense,0.037409842014312744,11,0.25,6,6,0,405334016,EleutherAI/pythia-410m,step8,seed6,6,8
It was the wooden board.,It was the executive board.,board,board,Different Sense,0.037675559520721436,12,0.25,6,6,0,405334016,EleutherAI/pythia-410m,step8,seed6,6,8
It was the wooden board.,It was the executive board.,board,board,Different Sense,0.03738456964492798,13,0.25,6,6,0,405334016,EleutherAI/pythia-410m,step8,seed6,6,8
It was the wooden board.,It was the executive board.,board,board,Different Sense,0.0372624397277832,14,0.25,6,6,0,405334016,EleutherAI/pythia-410m,step8,seed6,6,8
It was the wooden board.,It was the executive board.,board,board,Different Sense,0.03690814971923828,15,0.25,6,6,0,405334016,EleutherAI/pythia-410m,step8,seed6,6,8
It was the wooden board.,It was the executive board.,board,board,Different Sense,0.0372433066368103,16,0.25,6,6,0,405334016,EleutherAI/pythia-410m,step8,seed6,6,8
It was the wooden board.,It was the executive board.,board,board,Different Sense,0.036303162574768066,17,0.25,6,6,0,405334016,EleutherAI/pythia-410m,step8,seed6,6,8
It was the wooden board.,It was the executive board.,board,board,Different Sense,0.0367279052734375,18,0.25,6,6,0,405334016,EleutherAI/pythia-410m,step8,seed6,6,8
It was the wooden board.,It was the executive board.,board,board,Different Sense,0.03605663776397705,19,0.25,6,6,0,405334016,EleutherAI/pythia-410m,step8,seed6,6,8
It was the wooden board.,It was the executive board.,board,board,Different Sense,0.03557687997817993,20,0.25,6,6,0,405334016,EleutherAI/pythia-410m,step8,seed6,6,8
It was the wooden board.,It was the executive board.,board,board,Different Sense,0.03583168983459473,21,0.25,6,6,0,405334016,EleutherAI/pythia-410m,step8,seed6,6,8
It was the wooden board.,It was the executive board.,board,board,Different Sense,0.03475767374038696,22,0.25,6,6,0,405334016,EleutherAI/pythia-410m,step8,seed6,6,8
It was the wooden board.,It was the executive board.,board,board,Different Sense,0.033362507820129395,23,0.25,6,6,0,405334016,EleutherAI/pythia-410m,step8,seed6,6,8
It was the wooden board.,It was the executive board.,board,board,Different Sense,0.0329815149307251,24,0.25,6,6,0,405334016,EleutherAI/pythia-410m,step8,seed6,6,8
It was the wooden board.,It was the school board.,board,board,Different Sense,0.0,0,0.6,6,6,0,405334016,EleutherAI/pythia-410m,step8,seed6,6,8
It was the wooden board.,It was the school board.,board,board,Different Sense,0.016661524772644043,1,0.6,6,6,0,405334016,EleutherAI/pythia-410m,step8,seed6,6,8
It was the wooden board.,It was the school board.,board,board,Different Sense,0.025977253913879395,2,0.6,6,6,0,405334016,EleutherAI/pythia-410m,step8,seed6,6,8
It was the wooden board.,It was the school board.,board,board,Different Sense,0.028766214847564697,3,0.6,6,6,0,405334016,EleutherAI/pythia-410m,step8,seed6,6,8
It was the wooden board.,It was the school board.,board,board,Different Sense,0.0290183424949646,4,0.6,6,6,0,405334016,EleutherAI/pythia-410m,step8,seed6,6,8
It was the wooden board.,It was the school board.,board,board,Different Sense,0.032099008560180664,5,0.6,6,6,0,405334016,EleutherAI/pythia-410m,step8,seed6,6,8
It was the wooden board.,It was the school board.,board,board,Different Sense,0.031337738037109375,6,0.6,6,6,0,405334016,EleutherAI/pythia-410m,step8,seed6,6,8
It was the wooden board.,It was the school board.,board,board,Different Sense,0.030649840831756592,7,0.6,6,6,0,405334016,EleutherAI/pythia-410m,step8,seed6,6,8
It was the wooden board.,It was the school board.,board,board,Different Sense,0.030097603797912598,8,0.6,6,6,0,405334016,EleutherAI/pythia-410m,step8,seed6,6,8
It was the wooden board.,It was the school board.,board,board,Different Sense,0.03090822696685791,9,0.6,6,6,0,405334016,EleutherAI/pythia-410m,step8,seed6,6,8
It was the wooden board.,It was the school board.,board,board,Different Sense,0.03166157007217407,10,0.6,6,6,0,405334016,EleutherAI/pythia-410m,step8,seed6,6,8
It was the wooden board.,It was the school board.,board,board,Different Sense,0.03109729290008545,11,0.6,6,6,0,405334016,EleutherAI/pythia-410m,step8,seed6,6,8
It was the wooden board.,It was the school board.,board,board,Different Sense,0.031326234340667725,12,0.6,6,6,0,405334016,EleutherAI/pythia-410m,step8,seed6,6,8
It was the wooden board.,It was the school board.,board,board,Different Sense,0.031811535358428955,13,0.6,6,6,0,405334016,EleutherAI/pythia-410m,step8,seed6,6,8
It was the wooden board.,It was the school board.,board,board,Different Sense,0.03108036518096924,14,0.6,6,6,0,405334016,EleutherAI/pythia-410m,step8,seed6,6,8
It was the wooden board.,It was the school board.,board,board,Different Sense,0.031366169452667236,15,0.6,6,6,0,405334016,EleutherAI/pythia-410m,step8,seed6,6,8
It was the wooden board.,It was the school board.,board,board,Different Sense,0.03141283988952637,16,0.6,6,6,0,405334016,EleutherAI/pythia-410m,step8,seed6,6,8
It was the wooden board.,It was the school board.,board,board,Different Sense,0.030590295791625977,17,0.6,6,6,0,405334016,EleutherAI/pythia-410m,step8,seed6,6,8
It was the wooden board.,It was the school board.,board,board,Different Sense,0.03090536594390869,18,0.6,6,6,0,405334016,EleutherAI/pythia-410m,step8,seed6,6,8
It was the wooden board.,It was the school board.,board,board,Different Sense,0.030215442180633545,19,0.6,6,6,0,405334016,EleutherAI/pythia-410m,step8,seed6,6,8
It was the wooden board.,It was the school board.,board,board,Different Sense,0.02949845790863037,20,0.6,6,6,0,405334016,EleutherAI/pythia-410m,step8,seed6,6,8
It was the wooden board.,It was the school board.,board,board,Different Sense,0.02983248233795166,21,0.6,6,6,0,405334016,EleutherAI/pythia-410m,step8,seed6,6,8
It was the wooden board.,It was the school board.,board,board,Different Sense,0.028887271881103516,22,0.6,6,6,0,405334016,EleutherAI/pythia-410m,step8,seed6,6,8
It was the wooden board.,It was the school board.,board,board,Different Sense,0.02827233076095581,23,0.6,6,6,0,405334016,EleutherAI/pythia-410m,step8,seed6,6,8
It was the wooden board.,It was the school board.,board,board,Different Sense,0.02843296527862549,24,0.6,6,6,0,405334016,EleutherAI/pythia-410m,step8,seed6,6,8
It was the ironing board.,It was the wooden board.,board,board,Same Sense,0.0,0,2.625,7,6,1,405334016,EleutherAI/pythia-410m,step8,seed6,6,8
It was the ironing board.,It was the wooden board.,board,board,Same Sense,0.026881039142608643,1,2.625,7,6,1,405334016,EleutherAI/pythia-410m,step8,seed6,6,8
It was the ironing board.,It was the wooden board.,board,board,Same Sense,0.03960961103439331,2,2.625,7,6,1,405334016,EleutherAI/pythia-410m,step8,seed6,6,8
It was the ironing board.,It was the wooden board.,board,board,Same Sense,0.04368388652801514,3,2.625,7,6,1,405334016,EleutherAI/pythia-410m,step8,seed6,6,8
It was the ironing board.,It was the wooden board.,board,board,Same Sense,0.045620620250701904,4,2.625,7,6,1,405334016,EleutherAI/pythia-410m,step8,seed6,6,8
It was the ironing board.,It was the wooden board.,board,board,Same Sense,0.050076186656951904,5,2.625,7,6,1,405334016,EleutherAI/pythia-410m,step8,seed6,6,8
It was the ironing board.,It was the wooden board.,board,board,Same Sense,0.05238080024719238,6,2.625,7,6,1,405334016,EleutherAI/pythia-410m,step8,seed6,6,8
It was the ironing board.,It was the wooden board.,board,board,Same Sense,0.05313152074813843,7,2.625,7,6,1,405334016,EleutherAI/pythia-410m,step8,seed6,6,8
It was the ironing board.,It was the wooden board.,board,board,Same Sense,0.05198091268539429,8,2.625,7,6,1,405334016,EleutherAI/pythia-410m,step8,seed6,6,8
It was the ironing board.,It was the wooden board.,board,board,Same Sense,0.054892003536224365,9,2.625,7,6,1,405334016,EleutherAI/pythia-410m,step8,seed6,6,8
It was the ironing board.,It was the wooden board.,board,board,Same Sense,0.0537605881690979,10,2.625,7,6,1,405334016,EleutherAI/pythia-410m,step8,seed6,6,8
It was the ironing board.,It was the wooden board.,board,board,Same Sense,0.052244603633880615,11,2.625,7,6,1,405334016,EleutherAI/pythia-410m,step8,seed6,6,8
It was the ironing board.,It was the wooden board.,board,board,Same Sense,0.05124640464782715,12,2.625,7,6,1,405334016,EleutherAI/pythia-410m,step8,seed6,6,8
It was the ironing board.,It was the wooden board.,board,board,Same Sense,0.05133610963821411,13,2.625,7,6,1,405334016,EleutherAI/pythia-410m,step8,seed6,6,8
It was the ironing board.,It was the wooden board.,board,board,Same Sense,0.05037754774093628,14,2.625,7,6,1,405334016,EleutherAI/pythia-410m,step8,seed6,6,8
It was the ironing board.,It was the wooden board.,board,board,Same Sense,0.04973644018173218,15,2.625,7,6,1,405334016,EleutherAI/pythia-410m,step8,seed6,6,8
It was the ironing board.,It was the wooden board.,board,board,Same Sense,0.05007380247116089,16,2.625,7,6,1,405334016,EleutherAI/pythia-410m,step8,seed6,6,8
It was the ironing board.,It was the wooden board.,board,board,Same Sense,0.047818124294281006,17,2.625,7,6,1,405334016,EleutherAI/pythia-410m,step8,seed6,6,8
It was the ironing board.,It was the wooden board.,board,board,Same Sense,0.049199461936950684,18,2.625,7,6,1,405334016,EleutherAI/pythia-410m,step8,seed6,6,8
It was the ironing board.,It was the wooden board.,board,board,Same Sense,0.048765361309051514,19,2.625,7,6,1,405334016,EleutherAI/pythia-410m,step8,seed6,6,8
It was the ironing board.,It was the wooden board.,board,board,Same Sense,0.0482063889503479,20,2.625,7,6,1,405334016,EleutherAI/pythia-410m,step8,seed6,6,8
It was the ironing board.,It was the wooden board.,board,board,Same Sense,0.04846090078353882,21,2.625,7,6,1,405334016,EleutherAI/pythia-410m,step8,seed6,6,8
It was the ironing board.,It was the wooden board.,board,board,Same Sense,0.04688078165054321,22,2.625,7,6,1,405334016,EleutherAI/pythia-410m,step8,seed6,6,8
It was the ironing board.,It was the wooden board.,board,board,Same Sense,0.045543670654296875,23,2.625,7,6,1,405334016,EleutherAI/pythia-410m,step8,seed6,6,8
It was the ironing board.,It was the wooden board.,board,board,Same Sense,0.045420825481414795,24,2.625,7,6,1,405334016,EleutherAI/pythia-410m,step8,seed6,6,8
It was the executive board.,It was the school board.,board,board,Same Sense,0.0,0,3.666666667,6,6,0,405334016,EleutherAI/pythia-410m,step8,seed6,6,8
It was the executive board.,It was the school board.,board,board,Same Sense,0.015302598476409912,1,3.666666667,6,6,0,405334016,EleutherAI/pythia-410m,step8,seed6,6,8
It was the executive board.,It was the school board.,board,board,Same Sense,0.024195432662963867,2,3.666666667,6,6,0,405334016,EleutherAI/pythia-410m,step8,seed6,6,8
It was the executive board.,It was the school board.,board,board,Same Sense,0.026273727416992188,3,3.666666667,6,6,0,405334016,EleutherAI/pythia-410m,step8,seed6,6,8
It was the executive board.,It was the school board.,board,board,Same Sense,0.02755051851272583,4,3.666666667,6,6,0,405334016,EleutherAI/pythia-410m,step8,seed6,6,8
It was the executive board.,It was the school board.,board,board,Same Sense,0.0292242169380188,5,3.666666667,6,6,0,405334016,EleutherAI/pythia-410m,step8,seed6,6,8
It was the executive board.,It was the school board.,board,board,Same Sense,0.02978438138961792,6,3.666666667,6,6,0,405334016,EleutherAI/pythia-410m,step8,seed6,6,8
It was the executive board.,It was the school board.,board,board,Same Sense,0.029127120971679688,7,3.666666667,6,6,0,405334016,EleutherAI/pythia-410m,step8,seed6,6,8
It was the executive board.,It was the school board.,board,board,Same Sense,0.02883327007293701,8,3.666666667,6,6,0,405334016,EleutherAI/pythia-410m,step8,seed6,6,8
It was the executive board.,It was the school board.,board,board,Same Sense,0.028919577598571777,9,3.666666667,6,6,0,405334016,EleutherAI/pythia-410m,step8,seed6,6,8
It was the executive board.,It was the school board.,board,board,Same Sense,0.028912246227264404,10,3.666666667,6,6,0,405334016,EleutherAI/pythia-410m,step8,seed6,6,8
It was the executive board.,It was the school board.,board,board,Same Sense,0.028912723064422607,11,3.666666667,6,6,0,405334016,EleutherAI/pythia-410m,step8,seed6,6,8
It was the executive board.,It was the school board.,board,board,Same Sense,0.0297849178314209,12,3.666666667,6,6,0,405334016,EleutherAI/pythia-410m,step8,seed6,6,8
It was the executive board.,It was the school board.,board,board,Same Sense,0.02891218662261963,13,3.666666667,6,6,0,405334016,EleutherAI/pythia-410m,step8,seed6,6,8
It was the executive board.,It was the school board.,board,board,Same Sense,0.02799445390701294,14,3.666666667,6,6,0,405334016,EleutherAI/pythia-410m,step8,seed6,6,8
It was the executive board.,It was the school board.,board,board,Same Sense,0.0275154709815979,15,3.666666667,6,6,0,405334016,EleutherAI/pythia-410m,step8,seed6,6,8
It was the executive board.,It was the school board.,board,board,Same Sense,0.02723914384841919,16,3.666666667,6,6,0,405334016,EleutherAI/pythia-410m,step8,seed6,6,8
It was the executive board.,It was the school board.,board,board,Same Sense,0.026196181774139404,17,3.666666667,6,6,0,405334016,EleutherAI/pythia-410m,step8,seed6,6,8
It was the executive board.,It was the school board.,board,board,Same Sense,0.02642720937728882,18,3.666666667,6,6,0,405334016,EleutherAI/pythia-410m,step8,seed6,6,8
It was the executive board.,It was the school board.,board,board,Same Sense,0.02586948871612549,19,3.666666667,6,6,0,405334016,EleutherAI/pythia-410m,step8,seed6,6,8
It was the executive board.,It was the school board.,board,board,Same Sense,0.025461137294769287,20,3.666666667,6,6,0,405334016,EleutherAI/pythia-410m,step8,seed6,6,8
It was the executive board.,It was the school board.,board,board,Same Sense,0.02516239881515503,21,3.666666667,6,6,0,405334016,EleutherAI/pythia-410m,step8,seed6,6,8
It was the executive board.,It was the school board.,board,board,Same Sense,0.0246734619140625,22,3.666666667,6,6,0,405334016,EleutherAI/pythia-410m,step8,seed6,6,8
It was the executive board.,It was the school board.,board,board,Same Sense,0.02394944429397583,23,3.666666667,6,6,0,405334016,EleutherAI/pythia-410m,step8,seed6,6,8
It was the executive board.,It was the school board.,board,board,Same Sense,0.024221599102020264,24,3.666666667,6,6,0,405334016,EleutherAI/pythia-410m,step8,seed6,6,8
He had a best-selling book.,He had a heavy book.,book,book,Different Sense,0.0,0,3.692307692,8,6,2,405334016,EleutherAI/pythia-410m,step8,seed6,6,8
He had a best-selling book.,He had a heavy book.,book,book,Different Sense,0.04026979207992554,1,3.692307692,8,6,2,405334016,EleutherAI/pythia-410m,step8,seed6,6,8
He had a best-selling book.,He had a heavy book.,book,book,Different Sense,0.0524027943611145,2,3.692307692,8,6,2,405334016,EleutherAI/pythia-410m,step8,seed6,6,8
He had a best-selling book.,He had a heavy book.,book,book,Different Sense,0.0610080361366272,3,3.692307692,8,6,2,405334016,EleutherAI/pythia-410m,step8,seed6,6,8
He had a best-selling book.,He had a heavy book.,book,book,Different Sense,0.07063823938369751,4,3.692307692,8,6,2,405334016,EleutherAI/pythia-410m,step8,seed6,6,8
He had a best-selling book.,He had a heavy book.,book,book,Different Sense,0.07510524988174438,5,3.692307692,8,6,2,405334016,EleutherAI/pythia-410m,step8,seed6,6,8
He had a best-selling book.,He had a heavy book.,book,book,Different Sense,0.07459366321563721,6,3.692307692,8,6,2,405334016,EleutherAI/pythia-410m,step8,seed6,6,8
He had a best-selling book.,He had a heavy book.,book,book,Different Sense,0.07087165117263794,7,3.692307692,8,6,2,405334016,EleutherAI/pythia-410m,step8,seed6,6,8
He had a best-selling book.,He had a heavy book.,book,book,Different Sense,0.0698615312576294,8,3.692307692,8,6,2,405334016,EleutherAI/pythia-410m,step8,seed6,6,8
He had a best-selling book.,He had a heavy book.,book,book,Different Sense,0.07102704048156738,9,3.692307692,8,6,2,405334016,EleutherAI/pythia-410m,step8,seed6,6,8
He had a best-selling book.,He had a heavy book.,book,book,Different Sense,0.0720624327659607,10,3.692307692,8,6,2,405334016,EleutherAI/pythia-410m,step8,seed6,6,8
He had a best-selling book.,He had a heavy book.,book,book,Different Sense,0.06556999683380127,11,3.692307692,8,6,2,405334016,EleutherAI/pythia-410m,step8,seed6,6,8
He had a best-selling book.,He had a heavy book.,book,book,Different Sense,0.06736916303634644,12,3.692307692,8,6,2,405334016,EleutherAI/pythia-410m,step8,seed6,6,8
He had a best-selling book.,He had a heavy book.,book,book,Different Sense,0.0648154616355896,13,3.692307692,8,6,2,405334016,EleutherAI/pythia-410m,step8,seed6,6,8
He had a best-selling book.,He had a heavy book.,book,book,Different Sense,0.06278395652770996,14,3.692307692,8,6,2,405334016,EleutherAI/pythia-410m,step8,seed6,6,8
He had a best-selling book.,He had a heavy book.,book,book,Different Sense,0.06159079074859619,15,3.692307692,8,6,2,405334016,EleutherAI/pythia-410m,step8,seed6,6,8
He had a best-selling book.,He had a heavy book.,book,book,Different Sense,0.06251603364944458,16,3.692307692,8,6,2,405334016,EleutherAI/pythia-410m,step8,seed6,6,8
He had a best-selling book.,He had a heavy book.,book,book,Different Sense,0.062298357486724854,17,3.692307692,8,6,2,405334016,EleutherAI/pythia-410m,step8,seed6,6,8
He had a best-selling book.,He had a heavy book.,book,book,Different Sense,0.06125366687774658,18,3.692307692,8,6,2,405334016,EleutherAI/pythia-410m,step8,seed6,6,8
He had a best-selling book.,He had a heavy book.,book,book,Different Sense,0.059354960918426514,19,3.692307692,8,6,2,405334016,EleutherAI/pythia-410m,step8,seed6,6,8
He had a best-selling book.,He had a heavy book.,book,book,Different Sense,0.05962270498275757,20,3.692307692,8,6,2,405334016,EleutherAI/pythia-410m,step8,seed6,6,8
He had a best-selling book.,He had a heavy book.,book,book,Different Sense,0.0593031644821167,21,3.692307692,8,6,2,405334016,EleutherAI/pythia-410m,step8,seed6,6,8
He had a best-selling book.,He had a heavy book.,book,book,Different Sense,0.05784338712692261,22,3.692307692,8,6,2,405334016,EleutherAI/pythia-410m,step8,seed6,6,8
He had a best-selling book.,He had a heavy book.,book,book,Different Sense,0.05621546506881714,23,3.692307692,8,6,2,405334016,EleutherAI/pythia-410m,step8,seed6,6,8
He had a best-selling book.,He had a heavy book.,book,book,Different Sense,0.056711435317993164,24,3.692307692,8,6,2,405334016,EleutherAI/pythia-410m,step8,seed6,6,8
He had a best-selling book.,He had a leather-bound book.,book,book,Different Sense,0.0,0,3.357142857,8,8,0,405334016,EleutherAI/pythia-410m,step8,seed6,6,8
He had a best-selling book.,He had a leather-bound book.,book,book,Different Sense,0.03104335069656372,1,3.357142857,8,8,0,405334016,EleutherAI/pythia-410m,step8,seed6,6,8
He had a best-selling book.,He had a leather-bound book.,book,book,Different Sense,0.040074706077575684,2,3.357142857,8,8,0,405334016,EleutherAI/pythia-410m,step8,seed6,6,8
He had a best-selling book.,He had a leather-bound book.,book,book,Different Sense,0.045649945735931396,3,3.357142857,8,8,0,405334016,EleutherAI/pythia-410m,step8,seed6,6,8
He had a best-selling book.,He had a leather-bound book.,book,book,Different Sense,0.05188477039337158,4,3.357142857,8,8,0,405334016,EleutherAI/pythia-410m,step8,seed6,6,8
He had a best-selling book.,He had a leather-bound book.,book,book,Different Sense,0.05567276477813721,5,3.357142857,8,8,0,405334016,EleutherAI/pythia-410m,step8,seed6,6,8
He had a best-selling book.,He had a leather-bound book.,book,book,Different Sense,0.05827385187149048,6,3.357142857,8,8,0,405334016,EleutherAI/pythia-410m,step8,seed6,6,8
He had a best-selling book.,He had a leather-bound book.,book,book,Different Sense,0.054988324642181396,7,3.357142857,8,8,0,405334016,EleutherAI/pythia-410m,step8,seed6,6,8
He had a best-selling book.,He had a leather-bound book.,book,book,Different Sense,0.054033637046813965,8,3.357142857,8,8,0,405334016,EleutherAI/pythia-410m,step8,seed6,6,8
He had a best-selling book.,He had a leather-bound book.,book,book,Different Sense,0.05360913276672363,9,3.357142857,8,8,0,405334016,EleutherAI/pythia-410m,step8,seed6,6,8
He had a best-selling book.,He had a leather-bound book.,book,book,Different Sense,0.05502229928970337,10,3.357142857,8,8,0,405334016,EleutherAI/pythia-410m,step8,seed6,6,8
He had a best-selling book.,He had a leather-bound book.,book,book,Different Sense,0.052635133266448975,11,3.357142857,8,8,0,405334016,EleutherAI/pythia-410m,step8,seed6,6,8
He had a best-selling book.,He had a leather-bound book.,book,book,Different Sense,0.05476093292236328,12,3.357142857,8,8,0,405334016,EleutherAI/pythia-410m,step8,seed6,6,8
He had a best-selling book.,He had a leather-bound book.,book,book,Different Sense,0.054109930992126465,13,3.357142857,8,8,0,405334016,EleutherAI/pythia-410m,step8,seed6,6,8
He had a best-selling book.,He had a leather-bound book.,book,book,Different Sense,0.05151009559631348,14,3.357142857,8,8,0,405334016,EleutherAI/pythia-410m,step8,seed6,6,8
He had a best-selling book.,He had a leather-bound book.,book,book,Different Sense,0.051550865173339844,15,3.357142857,8,8,0,405334016,EleutherAI/pythia-410m,step8,seed6,6,8
He had a best-selling book.,He had a leather-bound book.,book,book,Different Sense,0.05130654573440552,16,3.357142857,8,8,0,405334016,EleutherAI/pythia-410m,step8,seed6,6,8
He had a best-selling book.,He had a leather-bound book.,book,book,Different Sense,0.05215716361999512,17,3.357142857,8,8,0,405334016,EleutherAI/pythia-410m,step8,seed6,6,8
He had a best-selling book.,He had a leather-bound book.,book,book,Different Sense,0.05237525701522827,18,3.357142857,8,8,0,405334016,EleutherAI/pythia-410m,step8,seed6,6,8
He had a best-selling book.,He had a leather-bound book.,book,book,Different Sense,0.05065387487411499,19,3.357142857,8,8,0,405334016,EleutherAI/pythia-410m,step8,seed6,6,8
He had a best-selling book.,He had a leather-bound book.,book,book,Different Sense,0.05139118432998657,20,3.357142857,8,8,0,405334016,EleutherAI/pythia-410m,step8,seed6,6,8
He had a best-selling book.,He had a leather-bound book.,book,book,Different Sense,0.05094724893569946,21,3.357142857,8,8,0,405334016,EleutherAI/pythia-410m,step8,seed6,6,8
He had a best-selling book.,He had a leather-bound book.,book,book,Different Sense,0.049233317375183105,22,3.357142857,8,8,0,405334016,EleutherAI/pythia-410m,step8,seed6,6,8
He had a best-selling book.,He had a leather-bound book.,book,book,Different Sense,0.04766643047332764,23,3.357142857,8,8,0,405334016,EleutherAI/pythia-410m,step8,seed6,6,8
He had a best-selling book.,He had a leather-bound book.,book,book,Different Sense,0.047768473625183105,24,3.357142857,8,8,0,405334016,EleutherAI/pythia-410m,step8,seed6,6,8
He had a popular book.,He had a heavy book.,book,book,Different Sense,0.0,0,4.0,6,6,0,405334016,EleutherAI/pythia-410m,step8,seed6,6,8
He had a popular book.,He had a heavy book.,book,book,Different Sense,0.027514874935150146,1,4.0,6,6,0,405334016,EleutherAI/pythia-410m,step8,seed6,6,8
He had a popular book.,He had a heavy book.,book,book,Different Sense,0.04167979955673218,2,4.0,6,6,0,405334016,EleutherAI/pythia-410m,step8,seed6,6,8
He had a popular book.,He had a heavy book.,book,book,Different Sense,0.04301047325134277,3,4.0,6,6,0,405334016,EleutherAI/pythia-410m,step8,seed6,6,8
He had a popular book.,He had a heavy book.,book,book,Different Sense,0.05023103952407837,4,4.0,6,6,0,405334016,EleutherAI/pythia-410m,step8,seed6,6,8
He had a popular book.,He had a heavy book.,book,book,Different Sense,0.051467955112457275,5,4.0,6,6,0,405334016,EleutherAI/pythia-410m,step8,seed6,6,8
He had a popular book.,He had a heavy book.,book,book,Different Sense,0.0511782169342041,6,4.0,6,6,0,405334016,EleutherAI/pythia-410m,step8,seed6,6,8
He had a popular book.,He had a heavy book.,book,book,Different Sense,0.048816144466400146,7,4.0,6,6,0,405334016,EleutherAI/pythia-410m,step8,seed6,6,8
He had a popular book.,He had a heavy book.,book,book,Different Sense,0.04991024732589722,8,4.0,6,6,0,405334016,EleutherAI/pythia-410m,step8,seed6,6,8
He had a popular book.,He had a heavy book.,book,book,Different Sense,0.048929035663604736,9,4.0,6,6,0,405334016,EleutherAI/pythia-410m,step8,seed6,6,8
He had a popular book.,He had a heavy book.,book,book,Different Sense,0.04978221654891968,10,4.0,6,6,0,405334016,EleutherAI/pythia-410m,step8,seed6,6,8
He had a popular book.,He had a heavy book.,book,book,Different Sense,0.04606133699417114,11,4.0,6,6,0,405334016,EleutherAI/pythia-410m,step8,seed6,6,8
He had a popular book.,He had a heavy book.,book,book,Different Sense,0.047104716300964355,12,4.0,6,6,0,405334016,EleutherAI/pythia-410m,step8,seed6,6,8
He had a popular book.,He had a heavy book.,book,book,Different Sense,0.04718971252441406,13,4.0,6,6,0,405334016,EleutherAI/pythia-410m,step8,seed6,6,8
He had a popular book.,He had a heavy book.,book,book,Different Sense,0.045706093311309814,14,4.0,6,6,0,405334016,EleutherAI/pythia-410m,step8,seed6,6,8
He had a popular book.,He had a heavy book.,book,book,Different Sense,0.04461967945098877,15,4.0,6,6,0,405334016,EleutherAI/pythia-410m,step8,seed6,6,8
He had a popular book.,He had a heavy book.,book,book,Different Sense,0.04507601261138916,16,4.0,6,6,0,405334016,EleutherAI/pythia-410m,step8,seed6,6,8
He had a popular book.,He had a heavy book.,book,book,Different Sense,0.04413259029388428,17,4.0,6,6,0,405334016,EleutherAI/pythia-410m,step8,seed6,6,8
He had a popular book.,He had a heavy book.,book,book,Different Sense,0.04326450824737549,18,4.0,6,6,0,405334016,EleutherAI/pythia-410m,step8,seed6,6,8
He had a popular book.,He had a heavy book.,book,book,Different Sense,0.04222214221954346,19,4.0,6,6,0,405334016,EleutherAI/pythia-410m,step8,seed6,6,8
He had a popular book.,He had a heavy book.,book,book,Different Sense,0.042125165462493896,20,4.0,6,6,0,405334016,EleutherAI/pythia-410m,step8,seed6,6,8
He had a popular book.,He had a heavy book.,book,book,Different Sense,0.04115861654281616,21,4.0,6,6,0,405334016,EleutherAI/pythia-410m,step8,seed6,6,8
He had a popular book.,He had a heavy book.,book,book,Different Sense,0.04045957326889038,22,4.0,6,6,0,405334016,EleutherAI/pythia-410m,step8,seed6,6,8
He had a popular book.,He had a heavy book.,book,book,Different Sense,0.038861215114593506,23,4.0,6,6,0,405334016,EleutherAI/pythia-410m,step8,seed6,6,8
He had a popular book.,He had a heavy book.,book,book,Different Sense,0.0377766489982605,24,4.0,6,6,0,405334016,EleutherAI/pythia-410m,step8,seed6,6,8
He had a popular book.,He had a leather-bound book.,book,book,Different Sense,0.0,0,3.818181818,6,8,2,405334016,EleutherAI/pythia-410m,step8,seed6,6,8
He had a popular book.,He had a leather-bound book.,book,book,Different Sense,0.040908634662628174,1,3.818181818,6,8,2,405334016,EleutherAI/pythia-410m,step8,seed6,6,8
He had a popular book.,He had a leather-bound book.,book,book,Different Sense,0.055309295654296875,2,3.818181818,6,8,2,405334016,EleutherAI/pythia-410m,step8,seed6,6,8
He had a popular book.,He had a leather-bound book.,book,book,Different Sense,0.0631456971168518,3,3.818181818,6,8,2,405334016,EleutherAI/pythia-410m,step8,seed6,6,8
He had a popular book.,He had a leather-bound book.,book,book,Different Sense,0.06748610734939575,4,3.818181818,6,8,2,405334016,EleutherAI/pythia-410m,step8,seed6,6,8
He had a popular book.,He had a leather-bound book.,book,book,Different Sense,0.07284653186798096,5,3.818181818,6,8,2,405334016,EleutherAI/pythia-410m,step8,seed6,6,8
He had a popular book.,He had a leather-bound book.,book,book,Different Sense,0.07596457004547119,6,3.818181818,6,8,2,405334016,EleutherAI/pythia-410m,step8,seed6,6,8
He had a popular book.,He had a leather-bound book.,book,book,Different Sense,0.07831943035125732,7,3.818181818,6,8,2,405334016,EleutherAI/pythia-410m,step8,seed6,6,8
He had a popular book.,He had a leather-bound book.,book,book,Different Sense,0.07829397916793823,8,3.818181818,6,8,2,405334016,EleutherAI/pythia-410m,step8,seed6,6,8
He had a popular book.,He had a leather-bound book.,book,book,Different Sense,0.07889509201049805,9,3.818181818,6,8,2,405334016,EleutherAI/pythia-410m,step8,seed6,6,8
He had a popular book.,He had a leather-bound book.,book,book,Different Sense,0.08035904169082642,10,3.818181818,6,8,2,405334016,EleutherAI/pythia-410m,step8,seed6,6,8
He had a popular book.,He had a leather-bound book.,book,book,Different Sense,0.07457369565963745,11,3.818181818,6,8,2,405334016,EleutherAI/pythia-410m,step8,seed6,6,8
He had a popular book.,He had a leather-bound book.,book,book,Different Sense,0.07780259847640991,12,3.818181818,6,8,2,405334016,EleutherAI/pythia-410m,step8,seed6,6,8
He had a popular book.,He had a leather-bound book.,book,book,Different Sense,0.07861679792404175,13,3.818181818,6,8,2,405334016,EleutherAI/pythia-410m,step8,seed6,6,8
He had a popular book.,He had a leather-bound book.,book,book,Different Sense,0.0770922303199768,14,3.818181818,6,8,2,405334016,EleutherAI/pythia-410m,step8,seed6,6,8
He had a popular book.,He had a leather-bound book.,book,book,Different Sense,0.07582175731658936,15,3.818181818,6,8,2,405334016,EleutherAI/pythia-410m,step8,seed6,6,8
He had a popular book.,He had a leather-bound book.,book,book,Different Sense,0.07578206062316895,16,3.818181818,6,8,2,405334016,EleutherAI/pythia-410m,step8,seed6,6,8
He had a popular book.,He had a leather-bound book.,book,book,Different Sense,0.07462412118911743,17,3.818181818,6,8,2,405334016,EleutherAI/pythia-410m,step8,seed6,6,8
He had a popular book.,He had a leather-bound book.,book,book,Different Sense,0.07387024164199829,18,3.818181818,6,8,2,405334016,EleutherAI/pythia-410m,step8,seed6,6,8
He had a popular book.,He had a leather-bound book.,book,book,Different Sense,0.07269042730331421,19,3.818181818,6,8,2,405334016,EleutherAI/pythia-410m,step8,seed6,6,8
He had a popular book.,He had a leather-bound book.,book,book,Different Sense,0.07372993230819702,20,3.818181818,6,8,2,405334016,EleutherAI/pythia-410m,step8,seed6,6,8
He had a popular book.,He had a leather-bound book.,book,book,Different Sense,0.07319623231887817,21,3.818181818,6,8,2,405334016,EleutherAI/pythia-410m,step8,seed6,6,8
He had a popular book.,He had a leather-bound book.,book,book,Different Sense,0.07128626108169556,22,3.818181818,6,8,2,405334016,EleutherAI/pythia-410m,step8,seed6,6,8
He had a popular book.,He had a leather-bound book.,book,book,Different Sense,0.07175189256668091,23,3.818181818,6,8,2,405334016,EleutherAI/pythia-410m,step8,seed6,6,8
He had a popular book.,He had a leather-bound book.,book,book,Different Sense,0.07022285461425781,24,3.818181818,6,8,2,405334016,EleutherAI/pythia-410m,step8,seed6,6,8
He had a best-selling book.,He had a popular book.,book,book,Same Sense,0.0,0,4.0,8,6,2,405334016,EleutherAI/pythia-410m,step8,seed6,6,8
He had a best-selling book.,He had a popular book.,book,book,Same Sense,0.03891479969024658,1,4.0,8,6,2,405334016,EleutherAI/pythia-410m,step8,seed6,6,8
He had a best-selling book.,He had a popular book.,book,book,Same Sense,0.05589020252227783,2,4.0,8,6,2,405334016,EleutherAI/pythia-410m,step8,seed6,6,8
He had a best-selling book.,He had a popular book.,book,book,Same Sense,0.06294775009155273,3,4.0,8,6,2,405334016,EleutherAI/pythia-410m,step8,seed6,6,8
He had a best-selling book.,He had a popular book.,book,book,Same Sense,0.06914138793945312,4,4.0,8,6,2,405334016,EleutherAI/pythia-410m,step8,seed6,6,8
He had a best-selling book.,He had a popular book.,book,book,Same Sense,0.07157701253890991,5,4.0,8,6,2,405334016,EleutherAI/pythia-410m,step8,seed6,6,8
He had a best-selling book.,He had a popular book.,book,book,Same Sense,0.07380485534667969,6,4.0,8,6,2,405334016,EleutherAI/pythia-410m,step8,seed6,6,8
He had a best-selling book.,He had a popular book.,book,book,Same Sense,0.07288247346878052,7,4.0,8,6,2,405334016,EleutherAI/pythia-410m,step8,seed6,6,8
He had a best-selling book.,He had a popular book.,book,book,Same Sense,0.07472771406173706,8,4.0,8,6,2,405334016,EleutherAI/pythia-410m,step8,seed6,6,8
He had a best-selling book.,He had a popular book.,book,book,Same Sense,0.07367032766342163,9,4.0,8,6,2,405334016,EleutherAI/pythia-410m,step8,seed6,6,8
He had a best-selling book.,He had a popular book.,book,book,Same Sense,0.07414335012435913,10,4.0,8,6,2,405334016,EleutherAI/pythia-410m,step8,seed6,6,8
He had a best-selling book.,He had a popular book.,book,book,Same Sense,0.06847333908081055,11,4.0,8,6,2,405334016,EleutherAI/pythia-410m,step8,seed6,6,8
He had a best-selling book.,He had a popular book.,book,book,Same Sense,0.07115626335144043,12,4.0,8,6,2,405334016,EleutherAI/pythia-410m,step8,seed6,6,8
He had a best-selling book.,He had a popular book.,book,book,Same Sense,0.07142561674118042,13,4.0,8,6,2,405334016,EleutherAI/pythia-410m,step8,seed6,6,8
He had a best-selling book.,He had a popular book.,book,book,Same Sense,0.06932330131530762,14,4.0,8,6,2,405334016,EleutherAI/pythia-410m,step8,seed6,6,8
He had a best-selling book.,He had a popular book.,book,book,Same Sense,0.06844782829284668,15,4.0,8,6,2,405334016,EleutherAI/pythia-410m,step8,seed6,6,8
He had a best-selling book.,He had a popular book.,book,book,Same Sense,0.06890171766281128,16,4.0,8,6,2,405334016,EleutherAI/pythia-410m,step8,seed6,6,8
He had a best-selling book.,He had a popular book.,book,book,Same Sense,0.06832408905029297,17,4.0,8,6,2,405334016,EleutherAI/pythia-410m,step8,seed6,6,8
He had a best-selling book.,He had a popular book.,book,book,Same Sense,0.06657356023788452,18,4.0,8,6,2,405334016,EleutherAI/pythia-410m,step8,seed6,6,8
He had a best-selling book.,He had a popular book.,book,book,Same Sense,0.0652533769607544,19,4.0,8,6,2,405334016,EleutherAI/pythia-410m,step8,seed6,6,8
He had a best-selling book.,He had a popular book.,book,book,Same Sense,0.0652461051940918,20,4.0,8,6,2,405334016,EleutherAI/pythia-410m,step8,seed6,6,8
He had a best-selling book.,He had a popular book.,book,book,Same Sense,0.06414449214935303,21,4.0,8,6,2,405334016,EleutherAI/pythia-410m,step8,seed6,6,8
He had a best-selling book.,He had a popular book.,book,book,Same Sense,0.06350970268249512,22,4.0,8,6,2,405334016,EleutherAI/pythia-410m,step8,seed6,6,8
He had a best-selling book.,He had a popular book.,book,book,Same Sense,0.06210029125213623,23,4.0,8,6,2,405334016,EleutherAI/pythia-410m,step8,seed6,6,8
He had a best-selling book.,He had a popular book.,book,book,Same Sense,0.06265497207641602,24,4.0,8,6,2,405334016,EleutherAI/pythia-410m,step8,seed6,6,8
He had a heavy book.,He had a leather-bound book.,book,book,Same Sense,0.0,0,3.75,6,8,2,405334016,EleutherAI/pythia-410m,step8,seed6,6,8
He had a heavy book.,He had a leather-bound book.,book,book,Same Sense,0.043938279151916504,1,3.75,6,8,2,405334016,EleutherAI/pythia-410m,step8,seed6,6,8
He had a heavy book.,He had a leather-bound book.,book,book,Same Sense,0.0579218864440918,2,3.75,6,8,2,405334016,EleutherAI/pythia-410m,step8,seed6,6,8
He had a heavy book.,He had a leather-bound book.,book,book,Same Sense,0.06576555967330933,3,3.75,6,8,2,405334016,EleutherAI/pythia-410m,step8,seed6,6,8
He had a heavy book.,He had a leather-bound book.,book,book,Same Sense,0.07615548372268677,4,3.75,6,8,2,405334016,EleutherAI/pythia-410m,step8,seed6,6,8
He had a heavy book.,He had a leather-bound book.,book,book,Same Sense,0.08173251152038574,5,3.75,6,8,2,405334016,EleutherAI/pythia-410m,step8,seed6,6,8
He had a heavy book.,He had a leather-bound book.,book,book,Same Sense,0.08300799131393433,6,3.75,6,8,2,405334016,EleutherAI/pythia-410m,step8,seed6,6,8
He had a heavy book.,He had a leather-bound book.,book,book,Same Sense,0.08106863498687744,7,3.75,6,8,2,405334016,EleutherAI/pythia-410m,step8,seed6,6,8
He had a heavy book.,He had a leather-bound book.,book,book,Same Sense,0.0801270604133606,8,3.75,6,8,2,405334016,EleutherAI/pythia-410m,step8,seed6,6,8
He had a heavy book.,He had a leather-bound book.,book,book,Same Sense,0.08176738023757935,9,3.75,6,8,2,405334016,EleutherAI/pythia-410m,step8,seed6,6,8
He had a heavy book.,He had a leather-bound book.,book,book,Same Sense,0.08374309539794922,10,3.75,6,8,2,405334016,EleutherAI/pythia-410m,step8,seed6,6,8
He had a heavy book.,He had a leather-bound book.,book,book,Same Sense,0.07719147205352783,11,3.75,6,8,2,405334016,EleutherAI/pythia-410m,step8,seed6,6,8
He had a heavy book.,He had a leather-bound book.,book,book,Same Sense,0.07973885536193848,12,3.75,6,8,2,405334016,EleutherAI/pythia-410m,step8,seed6,6,8
He had a heavy book.,He had a leather-bound book.,book,book,Same Sense,0.07742983102798462,13,3.75,6,8,2,405334016,EleutherAI/pythia-410m,step8,seed6,6,8
He had a heavy book.,He had a leather-bound book.,book,book,Same Sense,0.0763474702835083,14,3.75,6,8,2,405334016,EleutherAI/pythia-410m,step8,seed6,6,8
He had a heavy book.,He had a leather-bound book.,book,book,Same Sense,0.07466375827789307,15,3.75,6,8,2,405334016,EleutherAI/pythia-410m,step8,seed6,6,8
He had a heavy book.,He had a leather-bound book.,book,book,Same Sense,0.07658183574676514,16,3.75,6,8,2,405334016,EleutherAI/pythia-410m,step8,seed6,6,8
He had a heavy book.,He had a leather-bound book.,book,book,Same Sense,0.0759238600730896,17,3.75,6,8,2,405334016,EleutherAI/pythia-410m,step8,seed6,6,8
He had a heavy book.,He had a leather-bound book.,book,book,Same Sense,0.07667005062103271,18,3.75,6,8,2,405334016,EleutherAI/pythia-410m,step8,seed6,6,8
He had a heavy book.,He had a leather-bound book.,book,book,Same Sense,0.07495343685150146,19,3.75,6,8,2,405334016,EleutherAI/pythia-410m,step8,seed6,6,8
He had a heavy book.,He had a leather-bound book.,book,book,Same Sense,0.07527667284011841,20,3.75,6,8,2,405334016,EleutherAI/pythia-410m,step8,seed6,6,8
He had a heavy book.,He had a leather-bound book.,book,book,Same Sense,0.0751081109046936,21,3.75,6,8,2,405334016,EleutherAI/pythia-410m,step8,seed6,6,8
He had a heavy book.,He had a leather-bound book.,book,book,Same Sense,0.07208925485610962,22,3.75,6,8,2,405334016,EleutherAI/pythia-410m,step8,seed6,6,8
He had a heavy book.,He had a leather-bound book.,book,book,Same Sense,0.07065033912658691,23,3.75,6,8,2,405334016,EleutherAI/pythia-410m,step8,seed6,6,8
He had a heavy book.,He had a leather-bound book.,book,book,Same Sense,0.0697181224822998,24,3.75,6,8,2,405334016,EleutherAI/pythia-410m,step8,seed6,6,8
They ate a pancake breakfast.,They ate a family breakfast.,breakfast,breakfast,Different Sense,0.0,0,3.785714286,7,6,1,405334016,EleutherAI/pythia-410m,step8,seed6,6,8
They ate a pancake breakfast.,They ate a family breakfast.,breakfast,breakfast,Different Sense,0.03332298994064331,1,3.785714286,7,6,1,405334016,EleutherAI/pythia-410m,step8,seed6,6,8
They ate a pancake breakfast.,They ate a family breakfast.,breakfast,breakfast,Different Sense,0.051576972007751465,2,3.785714286,7,6,1,405334016,EleutherAI/pythia-410m,step8,seed6,6,8
They ate a pancake breakfast.,They ate a family breakfast.,breakfast,breakfast,Different Sense,0.051696181297302246,3,3.785714286,7,6,1,405334016,EleutherAI/pythia-410m,step8,seed6,6,8
They ate a pancake breakfast.,They ate a family breakfast.,breakfast,breakfast,Different Sense,0.05005764961242676,4,3.785714286,7,6,1,405334016,EleutherAI/pythia-410m,step8,seed6,6,8
They ate a pancake breakfast.,They ate a family breakfast.,breakfast,breakfast,Different Sense,0.05010312795639038,5,3.785714286,7,6,1,405334016,EleutherAI/pythia-410m,step8,seed6,6,8
They ate a pancake breakfast.,They ate a family breakfast.,breakfast,breakfast,Different Sense,0.05072212219238281,6,3.785714286,7,6,1,405334016,EleutherAI/pythia-410m,step8,seed6,6,8
They ate a pancake breakfast.,They ate a family breakfast.,breakfast,breakfast,Different Sense,0.05177241563796997,7,3.785714286,7,6,1,405334016,EleutherAI/pythia-410m,step8,seed6,6,8
They ate a pancake breakfast.,They ate a family breakfast.,breakfast,breakfast,Different Sense,0.05016511678695679,8,3.785714286,7,6,1,405334016,EleutherAI/pythia-410m,step8,seed6,6,8
They ate a pancake breakfast.,They ate a family breakfast.,breakfast,breakfast,Different Sense,0.04767322540283203,9,3.785714286,7,6,1,405334016,EleutherAI/pythia-410m,step8,seed6,6,8
They ate a pancake breakfast.,They ate a family breakfast.,breakfast,breakfast,Different Sense,0.04718363285064697,10,3.785714286,7,6,1,405334016,EleutherAI/pythia-410m,step8,seed6,6,8
They ate a pancake breakfast.,They ate a family breakfast.,breakfast,breakfast,Different Sense,0.04537796974182129,11,3.785714286,7,6,1,405334016,EleutherAI/pythia-410m,step8,seed6,6,8
They ate a pancake breakfast.,They ate a family breakfast.,breakfast,breakfast,Different Sense,0.04542231559753418,12,3.785714286,7,6,1,405334016,EleutherAI/pythia-410m,step8,seed6,6,8
They ate a pancake breakfast.,They ate a family breakfast.,breakfast,breakfast,Different Sense,0.04659616947174072,13,3.785714286,7,6,1,405334016,EleutherAI/pythia-410m,step8,seed6,6,8
They ate a pancake breakfast.,They ate a family breakfast.,breakfast,breakfast,Different Sense,0.0472378134727478,14,3.785714286,7,6,1,405334016,EleutherAI/pythia-410m,step8,seed6,6,8
They ate a pancake breakfast.,They ate a family breakfast.,breakfast,breakfast,Different Sense,0.04506403207778931,15,3.785714286,7,6,1,405334016,EleutherAI/pythia-410m,step8,seed6,6,8
They ate a pancake breakfast.,They ate a family breakfast.,breakfast,breakfast,Different Sense,0.04432952404022217,16,3.785714286,7,6,1,405334016,EleutherAI/pythia-410m,step8,seed6,6,8
They ate a pancake breakfast.,They ate a family breakfast.,breakfast,breakfast,Different Sense,0.04352933168411255,17,3.785714286,7,6,1,405334016,EleutherAI/pythia-410m,step8,seed6,6,8
They ate a pancake breakfast.,They ate a family breakfast.,breakfast,breakfast,Different Sense,0.041369616985321045,18,3.785714286,7,6,1,405334016,EleutherAI/pythia-410m,step8,seed6,6,8
They ate a pancake breakfast.,They ate a family breakfast.,breakfast,breakfast,Different Sense,0.039325714111328125,19,3.785714286,7,6,1,405334016,EleutherAI/pythia-410m,step8,seed6,6,8
They ate a pancake breakfast.,They ate a family breakfast.,breakfast,breakfast,Different Sense,0.03980785608291626,20,3.785714286,7,6,1,405334016,EleutherAI/pythia-410m,step8,seed6,6,8
They ate a pancake breakfast.,They ate a family breakfast.,breakfast,breakfast,Different Sense,0.038633108139038086,21,3.785714286,7,6,1,405334016,EleutherAI/pythia-410m,step8,seed6,6,8
They ate a pancake breakfast.,They ate a family breakfast.,breakfast,breakfast,Different Sense,0.036868155002593994,22,3.785714286,7,6,1,405334016,EleutherAI/pythia-410m,step8,seed6,6,8
They ate a pancake breakfast.,They ate a family breakfast.,breakfast,breakfast,Different Sense,0.035694003105163574,23,3.785714286,7,6,1,405334016,EleutherAI/pythia-410m,step8,seed6,6,8
They ate a pancake breakfast.,They ate a family breakfast.,breakfast,breakfast,Different Sense,0.03523731231689453,24,3.785714286,7,6,1,405334016,EleutherAI/pythia-410m,step8,seed6,6,8
They ate a pancake breakfast.,They ate a lonely breakfast.,breakfast,breakfast,Different Sense,0.0,0,3.941176471,7,6,1,405334016,EleutherAI/pythia-410m,step8,seed6,6,8
They ate a pancake breakfast.,They ate a lonely breakfast.,breakfast,breakfast,Different Sense,0.036724627017974854,1,3.941176471,7,6,1,405334016,EleutherAI/pythia-410m,step8,seed6,6,8
They ate a pancake breakfast.,They ate a lonely breakfast.,breakfast,breakfast,Different Sense,0.054924070835113525,2,3.941176471,7,6,1,405334016,EleutherAI/pythia-410m,step8,seed6,6,8
They ate a pancake breakfast.,They ate a lonely breakfast.,breakfast,breakfast,Different Sense,0.05511283874511719,3,3.941176471,7,6,1,405334016,EleutherAI/pythia-410m,step8,seed6,6,8
They ate a pancake breakfast.,They ate a lonely breakfast.,breakfast,breakfast,Different Sense,0.056126415729522705,4,3.941176471,7,6,1,405334016,EleutherAI/pythia-410m,step8,seed6,6,8
They ate a pancake breakfast.,They ate a lonely breakfast.,breakfast,breakfast,Different Sense,0.05428886413574219,5,3.941176471,7,6,1,405334016,EleutherAI/pythia-410m,step8,seed6,6,8
They ate a pancake breakfast.,They ate a lonely breakfast.,breakfast,breakfast,Different Sense,0.05506783723831177,6,3.941176471,7,6,1,405334016,EleutherAI/pythia-410m,step8,seed6,6,8
They ate a pancake breakfast.,They ate a lonely breakfast.,breakfast,breakfast,Different Sense,0.05462080240249634,7,3.941176471,7,6,1,405334016,EleutherAI/pythia-410m,step8,seed6,6,8
They ate a pancake breakfast.,They ate a lonely breakfast.,breakfast,breakfast,Different Sense,0.05408090353012085,8,3.941176471,7,6,1,405334016,EleutherAI/pythia-410m,step8,seed6,6,8
They ate a pancake breakfast.,They ate a lonely breakfast.,breakfast,breakfast,Different Sense,0.05259746313095093,9,3.941176471,7,6,1,405334016,EleutherAI/pythia-410m,step8,seed6,6,8
They ate a pancake breakfast.,They ate a lonely breakfast.,breakfast,breakfast,Different Sense,0.05341118574142456,10,3.941176471,7,6,1,405334016,EleutherAI/pythia-410m,step8,seed6,6,8
They ate a pancake breakfast.,They ate a lonely breakfast.,breakfast,breakfast,Different Sense,0.050328612327575684,11,3.941176471,7,6,1,405334016,EleutherAI/pythia-410m,step8,seed6,6,8
They ate a pancake breakfast.,They ate a lonely breakfast.,breakfast,breakfast,Different Sense,0.049167513847351074,12,3.941176471,7,6,1,405334016,EleutherAI/pythia-410m,step8,seed6,6,8
They ate a pancake breakfast.,They ate a lonely breakfast.,breakfast,breakfast,Different Sense,0.046833932399749756,13,3.941176471,7,6,1,405334016,EleutherAI/pythia-410m,step8,seed6,6,8
They ate a pancake breakfast.,They ate a lonely breakfast.,breakfast,breakfast,Different Sense,0.04645717144012451,14,3.941176471,7,6,1,405334016,EleutherAI/pythia-410m,step8,seed6,6,8
They ate a pancake breakfast.,They ate a lonely breakfast.,breakfast,breakfast,Different Sense,0.04393494129180908,15,3.941176471,7,6,1,405334016,EleutherAI/pythia-410m,step8,seed6,6,8
They ate a pancake breakfast.,They ate a lonely breakfast.,breakfast,breakfast,Different Sense,0.04331594705581665,16,3.941176471,7,6,1,405334016,EleutherAI/pythia-410m,step8,seed6,6,8
They ate a pancake breakfast.,They ate a lonely breakfast.,breakfast,breakfast,Different Sense,0.04315251111984253,17,3.941176471,7,6,1,405334016,EleutherAI/pythia-410m,step8,seed6,6,8
They ate a pancake breakfast.,They ate a lonely breakfast.,breakfast,breakfast,Different Sense,0.04166209697723389,18,3.941176471,7,6,1,405334016,EleutherAI/pythia-410m,step8,seed6,6,8
They ate a pancake breakfast.,They ate a lonely breakfast.,breakfast,breakfast,Different Sense,0.040011703968048096,19,3.941176471,7,6,1,405334016,EleutherAI/pythia-410m,step8,seed6,6,8
They ate a pancake breakfast.,They ate a lonely breakfast.,breakfast,breakfast,Different Sense,0.04003387689590454,20,3.941176471,7,6,1,405334016,EleutherAI/pythia-410m,step8,seed6,6,8
They ate a pancake breakfast.,They ate a lonely breakfast.,breakfast,breakfast,Different Sense,0.03865474462509155,21,3.941176471,7,6,1,405334016,EleutherAI/pythia-410m,step8,seed6,6,8
They ate a pancake breakfast.,They ate a lonely breakfast.,breakfast,breakfast,Different Sense,0.03705507516860962,22,3.941176471,7,6,1,405334016,EleutherAI/pythia-410m,step8,seed6,6,8
They ate a pancake breakfast.,They ate a lonely breakfast.,breakfast,breakfast,Different Sense,0.03586471080780029,23,3.941176471,7,6,1,405334016,EleutherAI/pythia-410m,step8,seed6,6,8
They ate a pancake breakfast.,They ate a lonely breakfast.,breakfast,breakfast,Different Sense,0.03555959463119507,24,3.941176471,7,6,1,405334016,EleutherAI/pythia-410m,step8,seed6,6,8
They ate a nutritious breakfast.,They ate a family breakfast.,breakfast,breakfast,Different Sense,0.0,0,3.666666667,8,6,2,405334016,EleutherAI/pythia-410m,step8,seed6,6,8
They ate a nutritious breakfast.,They ate a family breakfast.,breakfast,breakfast,Different Sense,0.037072956562042236,1,3.666666667,8,6,2,405334016,EleutherAI/pythia-410m,step8,seed6,6,8
They ate a nutritious breakfast.,They ate a family breakfast.,breakfast,breakfast,Different Sense,0.05370384454727173,2,3.666666667,8,6,2,405334016,EleutherAI/pythia-410m,step8,seed6,6,8
They ate a nutritious breakfast.,They ate a family breakfast.,breakfast,breakfast,Different Sense,0.0527380108833313,3,3.666666667,8,6,2,405334016,EleutherAI/pythia-410m,step8,seed6,6,8
They ate a nutritious breakfast.,They ate a family breakfast.,breakfast,breakfast,Different Sense,0.05494624376296997,4,3.666666667,8,6,2,405334016,EleutherAI/pythia-410m,step8,seed6,6,8
They ate a nutritious breakfast.,They ate a family breakfast.,breakfast,breakfast,Different Sense,0.05566674470901489,5,3.666666667,8,6,2,405334016,EleutherAI/pythia-410m,step8,seed6,6,8
They ate a nutritious breakfast.,They ate a family breakfast.,breakfast,breakfast,Different Sense,0.05739623308181763,6,3.666666667,8,6,2,405334016,EleutherAI/pythia-410m,step8,seed6,6,8
They ate a nutritious breakfast.,They ate a family breakfast.,breakfast,breakfast,Different Sense,0.05799156427383423,7,3.666666667,8,6,2,405334016,EleutherAI/pythia-410m,step8,seed6,6,8
They ate a nutritious breakfast.,They ate a family breakfast.,breakfast,breakfast,Different Sense,0.05687892436981201,8,3.666666667,8,6,2,405334016,EleutherAI/pythia-410m,step8,seed6,6,8
They ate a nutritious breakfast.,They ate a family breakfast.,breakfast,breakfast,Different Sense,0.05599498748779297,9,3.666666667,8,6,2,405334016,EleutherAI/pythia-410m,step8,seed6,6,8
They ate a nutritious breakfast.,They ate a family breakfast.,breakfast,breakfast,Different Sense,0.05871826410293579,10,3.666666667,8,6,2,405334016,EleutherAI/pythia-410m,step8,seed6,6,8
They ate a nutritious breakfast.,They ate a family breakfast.,breakfast,breakfast,Different Sense,0.05734694004058838,11,3.666666667,8,6,2,405334016,EleutherAI/pythia-410m,step8,seed6,6,8
They ate a nutritious breakfast.,They ate a family breakfast.,breakfast,breakfast,Different Sense,0.055394649505615234,12,3.666666667,8,6,2,405334016,EleutherAI/pythia-410m,step8,seed6,6,8
They ate a nutritious breakfast.,They ate a family breakfast.,breakfast,breakfast,Different Sense,0.0576862096786499,13,3.666666667,8,6,2,405334016,EleutherAI/pythia-410m,step8,seed6,6,8
They ate a nutritious breakfast.,They ate a family breakfast.,breakfast,breakfast,Different Sense,0.0571368932723999,14,3.666666667,8,6,2,405334016,EleutherAI/pythia-410m,step8,seed6,6,8
They ate a nutritious breakfast.,They ate a family breakfast.,breakfast,breakfast,Different Sense,0.057504355907440186,15,3.666666667,8,6,2,405334016,EleutherAI/pythia-410m,step8,seed6,6,8
They ate a nutritious breakfast.,They ate a family breakfast.,breakfast,breakfast,Different Sense,0.05689281225204468,16,3.666666667,8,6,2,405334016,EleutherAI/pythia-410m,step8,seed6,6,8
They ate a nutritious breakfast.,They ate a family breakfast.,breakfast,breakfast,Different Sense,0.05598318576812744,17,3.666666667,8,6,2,405334016,EleutherAI/pythia-410m,step8,seed6,6,8
They ate a nutritious breakfast.,They ate a family breakfast.,breakfast,breakfast,Different Sense,0.053580522537231445,18,3.666666667,8,6,2,405334016,EleutherAI/pythia-410m,step8,seed6,6,8
They ate a nutritious breakfast.,They ate a family breakfast.,breakfast,breakfast,Different Sense,0.05196499824523926,19,3.666666667,8,6,2,405334016,EleutherAI/pythia-410m,step8,seed6,6,8
They ate a nutritious breakfast.,They ate a family breakfast.,breakfast,breakfast,Different Sense,0.051567137241363525,20,3.666666667,8,6,2,405334016,EleutherAI/pythia-410m,step8,seed6,6,8
They ate a nutritious breakfast.,They ate a family breakfast.,breakfast,breakfast,Different Sense,0.05034899711608887,21,3.666666667,8,6,2,405334016,EleutherAI/pythia-410m,step8,seed6,6,8
They ate a nutritious breakfast.,They ate a family breakfast.,breakfast,breakfast,Different Sense,0.048697710037231445,22,3.666666667,8,6,2,405334016,EleutherAI/pythia-410m,step8,seed6,6,8
They ate a nutritious breakfast.,They ate a family breakfast.,breakfast,breakfast,Different Sense,0.04810440540313721,23,3.666666667,8,6,2,405334016,EleutherAI/pythia-410m,step8,seed6,6,8
They ate a nutritious breakfast.,They ate a family breakfast.,breakfast,breakfast,Different Sense,0.04775691032409668,24,3.666666667,8,6,2,405334016,EleutherAI/pythia-410m,step8,seed6,6,8
They ate a nutritious breakfast.,They ate a lonely breakfast.,breakfast,breakfast,Different Sense,0.0,0,3.333333333,8,6,2,405334016,EleutherAI/pythia-410m,step8,seed6,6,8
They ate a nutritious breakfast.,They ate a lonely breakfast.,breakfast,breakfast,Different Sense,0.03629642724990845,1,3.333333333,8,6,2,405334016,EleutherAI/pythia-410m,step8,seed6,6,8
They ate a nutritious breakfast.,They ate a lonely breakfast.,breakfast,breakfast,Different Sense,0.052273690700531006,2,3.333333333,8,6,2,405334016,EleutherAI/pythia-410m,step8,seed6,6,8
They ate a nutritious breakfast.,They ate a lonely breakfast.,breakfast,breakfast,Different Sense,0.0545082688331604,3,3.333333333,8,6,2,405334016,EleutherAI/pythia-410m,step8,seed6,6,8
They ate a nutritious breakfast.,They ate a lonely breakfast.,breakfast,breakfast,Different Sense,0.054171979427337646,4,3.333333333,8,6,2,405334016,EleutherAI/pythia-410m,step8,seed6,6,8
They ate a nutritious breakfast.,They ate a lonely breakfast.,breakfast,breakfast,Different Sense,0.05455285310745239,5,3.333333333,8,6,2,405334016,EleutherAI/pythia-410m,step8,seed6,6,8
They ate a nutritious breakfast.,They ate a lonely breakfast.,breakfast,breakfast,Different Sense,0.058153629302978516,6,3.333333333,8,6,2,405334016,EleutherAI/pythia-410m,step8,seed6,6,8
They ate a nutritious breakfast.,They ate a lonely breakfast.,breakfast,breakfast,Different Sense,0.058422744274139404,7,3.333333333,8,6,2,405334016,EleutherAI/pythia-410m,step8,seed6,6,8
They ate a nutritious breakfast.,They ate a lonely breakfast.,breakfast,breakfast,Different Sense,0.056588947772979736,8,3.333333333,8,6,2,405334016,EleutherAI/pythia-410m,step8,seed6,6,8
They ate a nutritious breakfast.,They ate a lonely breakfast.,breakfast,breakfast,Different Sense,0.05659586191177368,9,3.333333333,8,6,2,405334016,EleutherAI/pythia-410m,step8,seed6,6,8
They ate a nutritious breakfast.,They ate a lonely breakfast.,breakfast,breakfast,Different Sense,0.06027597188949585,10,3.333333333,8,6,2,405334016,EleutherAI/pythia-410m,step8,seed6,6,8
They ate a nutritious breakfast.,They ate a lonely breakfast.,breakfast,breakfast,Different Sense,0.05984818935394287,11,3.333333333,8,6,2,405334016,EleutherAI/pythia-410m,step8,seed6,6,8
They ate a nutritious breakfast.,They ate a lonely breakfast.,breakfast,breakfast,Different Sense,0.058563172817230225,12,3.333333333,8,6,2,405334016,EleutherAI/pythia-410m,step8,seed6,6,8
They ate a nutritious breakfast.,They ate a lonely breakfast.,breakfast,breakfast,Different Sense,0.05843418836593628,13,3.333333333,8,6,2,405334016,EleutherAI/pythia-410m,step8,seed6,6,8
They ate a nutritious breakfast.,They ate a lonely breakfast.,breakfast,breakfast,Different Sense,0.057847440242767334,14,3.333333333,8,6,2,405334016,EleutherAI/pythia-410m,step8,seed6,6,8
They ate a nutritious breakfast.,They ate a lonely breakfast.,breakfast,breakfast,Different Sense,0.058383822441101074,15,3.333333333,8,6,2,405334016,EleutherAI/pythia-410m,step8,seed6,6,8
They ate a nutritious breakfast.,They ate a lonely breakfast.,breakfast,breakfast,Different Sense,0.057384371757507324,16,3.333333333,8,6,2,405334016,EleutherAI/pythia-410m,step8,seed6,6,8
They ate a nutritious breakfast.,They ate a lonely breakfast.,breakfast,breakfast,Different Sense,0.055583655834198,17,3.333333333,8,6,2,405334016,EleutherAI/pythia-410m,step8,seed6,6,8
They ate a nutritious breakfast.,They ate a lonely breakfast.,breakfast,breakfast,Different Sense,0.05323445796966553,18,3.333333333,8,6,2,405334016,EleutherAI/pythia-410m,step8,seed6,6,8
They ate a nutritious breakfast.,They ate a lonely breakfast.,breakfast,breakfast,Different Sense,0.05177944898605347,19,3.333333333,8,6,2,405334016,EleutherAI/pythia-410m,step8,seed6,6,8
They ate a nutritious breakfast.,They ate a lonely breakfast.,breakfast,breakfast,Different Sense,0.05221790075302124,20,3.333333333,8,6,2,405334016,EleutherAI/pythia-410m,step8,seed6,6,8
They ate a nutritious breakfast.,They ate a lonely breakfast.,breakfast,breakfast,Different Sense,0.05079585313796997,21,3.333333333,8,6,2,405334016,EleutherAI/pythia-410m,step8,seed6,6,8
They ate a nutritious breakfast.,They ate a lonely breakfast.,breakfast,breakfast,Different Sense,0.049574077129364014,22,3.333333333,8,6,2,405334016,EleutherAI/pythia-410m,step8,seed6,6,8
They ate a nutritious breakfast.,They ate a lonely breakfast.,breakfast,breakfast,Different Sense,0.04749530553817749,23,3.333333333,8,6,2,405334016,EleutherAI/pythia-410m,step8,seed6,6,8
They ate a nutritious breakfast.,They ate a lonely breakfast.,breakfast,breakfast,Different Sense,0.047340452671051025,24,3.333333333,8,6,2,405334016,EleutherAI/pythia-410m,step8,seed6,6,8
They ate a pancake breakfast.,They ate a nutritious breakfast.,breakfast,breakfast,Same Sense,0.0,0,4.0,7,8,1,405334016,EleutherAI/pythia-410m,step8,seed6,6,8
They ate a pancake breakfast.,They ate a nutritious breakfast.,breakfast,breakfast,Same Sense,0.041409850120544434,1,4.0,7,8,1,405334016,EleutherAI/pythia-410m,step8,seed6,6,8
They ate a pancake breakfast.,They ate a nutritious breakfast.,breakfast,breakfast,Same Sense,0.05974173545837402,2,4.0,7,8,1,405334016,EleutherAI/pythia-410m,step8,seed6,6,8
They ate a pancake breakfast.,They ate a nutritious breakfast.,breakfast,breakfast,Same Sense,0.056364357471466064,3,4.0,7,8,1,405334016,EleutherAI/pythia-410m,step8,seed6,6,8
They ate a pancake breakfast.,They ate a nutritious breakfast.,breakfast,breakfast,Same Sense,0.05580681562423706,4,4.0,7,8,1,405334016,EleutherAI/pythia-410m,step8,seed6,6,8
They ate a pancake breakfast.,They ate a nutritious breakfast.,breakfast,breakfast,Same Sense,0.05624055862426758,5,4.0,7,8,1,405334016,EleutherAI/pythia-410m,step8,seed6,6,8
They ate a pancake breakfast.,They ate a nutritious breakfast.,breakfast,breakfast,Same Sense,0.05693429708480835,6,4.0,7,8,1,405334016,EleutherAI/pythia-410m,step8,seed6,6,8
They ate a pancake breakfast.,They ate a nutritious breakfast.,breakfast,breakfast,Same Sense,0.05528908967971802,7,4.0,7,8,1,405334016,EleutherAI/pythia-410m,step8,seed6,6,8
They ate a pancake breakfast.,They ate a nutritious breakfast.,breakfast,breakfast,Same Sense,0.05303841829299927,8,4.0,7,8,1,405334016,EleutherAI/pythia-410m,step8,seed6,6,8
They ate a pancake breakfast.,They ate a nutritious breakfast.,breakfast,breakfast,Same Sense,0.053528547286987305,9,4.0,7,8,1,405334016,EleutherAI/pythia-410m,step8,seed6,6,8
They ate a pancake breakfast.,They ate a nutritious breakfast.,breakfast,breakfast,Same Sense,0.05587857961654663,10,4.0,7,8,1,405334016,EleutherAI/pythia-410m,step8,seed6,6,8
They ate a pancake breakfast.,They ate a nutritious breakfast.,breakfast,breakfast,Same Sense,0.05417144298553467,11,4.0,7,8,1,405334016,EleutherAI/pythia-410m,step8,seed6,6,8
They ate a pancake breakfast.,They ate a nutritious breakfast.,breakfast,breakfast,Same Sense,0.05222386121749878,12,4.0,7,8,1,405334016,EleutherAI/pythia-410m,step8,seed6,6,8
They ate a pancake breakfast.,They ate a nutritious breakfast.,breakfast,breakfast,Same Sense,0.052769601345062256,13,4.0,7,8,1,405334016,EleutherAI/pythia-410m,step8,seed6,6,8
They ate a pancake breakfast.,They ate a nutritious breakfast.,breakfast,breakfast,Same Sense,0.053187429904937744,14,4.0,7,8,1,405334016,EleutherAI/pythia-410m,step8,seed6,6,8
They ate a pancake breakfast.,They ate a nutritious breakfast.,breakfast,breakfast,Same Sense,0.05047285556793213,15,4.0,7,8,1,405334016,EleutherAI/pythia-410m,step8,seed6,6,8
They ate a pancake breakfast.,They ate a nutritious breakfast.,breakfast,breakfast,Same Sense,0.049607813358306885,16,4.0,7,8,1,405334016,EleutherAI/pythia-410m,step8,seed6,6,8
They ate a pancake breakfast.,They ate a nutritious breakfast.,breakfast,breakfast,Same Sense,0.04772830009460449,17,4.0,7,8,1,405334016,EleutherAI/pythia-410m,step8,seed6,6,8
They ate a pancake breakfast.,They ate a nutritious breakfast.,breakfast,breakfast,Same Sense,0.046666502952575684,18,4.0,7,8,1,405334016,EleutherAI/pythia-410m,step8,seed6,6,8
They ate a pancake breakfast.,They ate a nutritious breakfast.,breakfast,breakfast,Same Sense,0.045163094997406006,19,4.0,7,8,1,405334016,EleutherAI/pythia-410m,step8,seed6,6,8
They ate a pancake breakfast.,They ate a nutritious breakfast.,breakfast,breakfast,Same Sense,0.04457312822341919,20,4.0,7,8,1,405334016,EleutherAI/pythia-410m,step8,seed6,6,8
They ate a pancake breakfast.,They ate a nutritious breakfast.,breakfast,breakfast,Same Sense,0.04378867149353027,21,4.0,7,8,1,405334016,EleutherAI/pythia-410m,step8,seed6,6,8
They ate a pancake breakfast.,They ate a nutritious breakfast.,breakfast,breakfast,Same Sense,0.042251646518707275,22,4.0,7,8,1,405334016,EleutherAI/pythia-410m,step8,seed6,6,8
They ate a pancake breakfast.,They ate a nutritious breakfast.,breakfast,breakfast,Same Sense,0.04107445478439331,23,4.0,7,8,1,405334016,EleutherAI/pythia-410m,step8,seed6,6,8
They ate a pancake breakfast.,They ate a nutritious breakfast.,breakfast,breakfast,Same Sense,0.040598511695861816,24,4.0,7,8,1,405334016,EleutherAI/pythia-410m,step8,seed6,6,8
They ate a family breakfast.,They ate a lonely breakfast.,breakfast,breakfast,Same Sense,0.0,0,3.8,6,6,0,405334016,EleutherAI/pythia-410m,step8,seed6,6,8
They ate a family breakfast.,They ate a lonely breakfast.,breakfast,breakfast,Same Sense,0.025036990642547607,1,3.8,6,6,0,405334016,EleutherAI/pythia-410m,step8,seed6,6,8
They ate a family breakfast.,They ate a lonely breakfast.,breakfast,breakfast,Same Sense,0.03895759582519531,2,3.8,6,6,0,405334016,EleutherAI/pythia-410m,step8,seed6,6,8
They ate a family breakfast.,They ate a lonely breakfast.,breakfast,breakfast,Same Sense,0.03873926401138306,3,3.8,6,6,0,405334016,EleutherAI/pythia-410m,step8,seed6,6,8
They ate a family breakfast.,They ate a lonely breakfast.,breakfast,breakfast,Same Sense,0.03990727663040161,4,3.8,6,6,0,405334016,EleutherAI/pythia-410m,step8,seed6,6,8
They ate a family breakfast.,They ate a lonely breakfast.,breakfast,breakfast,Same Sense,0.04019749164581299,5,3.8,6,6,0,405334016,EleutherAI/pythia-410m,step8,seed6,6,8
They ate a family breakfast.,They ate a lonely breakfast.,breakfast,breakfast,Same Sense,0.03979736566543579,6,3.8,6,6,0,405334016,EleutherAI/pythia-410m,step8,seed6,6,8
They ate a family breakfast.,They ate a lonely breakfast.,breakfast,breakfast,Same Sense,0.04008132219314575,7,3.8,6,6,0,405334016,EleutherAI/pythia-410m,step8,seed6,6,8
They ate a family breakfast.,They ate a lonely breakfast.,breakfast,breakfast,Same Sense,0.03961104154586792,8,3.8,6,6,0,405334016,EleutherAI/pythia-410m,step8,seed6,6,8
They ate a family breakfast.,They ate a lonely breakfast.,breakfast,breakfast,Same Sense,0.03997904062271118,9,3.8,6,6,0,405334016,EleutherAI/pythia-410m,step8,seed6,6,8
They ate a family breakfast.,They ate a lonely breakfast.,breakfast,breakfast,Same Sense,0.041121482849121094,10,3.8,6,6,0,405334016,EleutherAI/pythia-410m,step8,seed6,6,8
They ate a family breakfast.,They ate a lonely breakfast.,breakfast,breakfast,Same Sense,0.03996431827545166,11,3.8,6,6,0,405334016,EleutherAI/pythia-410m,step8,seed6,6,8
They ate a family breakfast.,They ate a lonely breakfast.,breakfast,breakfast,Same Sense,0.03924572467803955,12,3.8,6,6,0,405334016,EleutherAI/pythia-410m,step8,seed6,6,8
They ate a family breakfast.,They ate a lonely breakfast.,breakfast,breakfast,Same Sense,0.03829246759414673,13,3.8,6,6,0,405334016,EleutherAI/pythia-410m,step8,seed6,6,8
They ate a family breakfast.,They ate a lonely breakfast.,breakfast,breakfast,Same Sense,0.03796309232711792,14,3.8,6,6,0,405334016,EleutherAI/pythia-410m,step8,seed6,6,8
They ate a family breakfast.,They ate a lonely breakfast.,breakfast,breakfast,Same Sense,0.03785628080368042,15,3.8,6,6,0,405334016,EleutherAI/pythia-410m,step8,seed6,6,8
They ate a family breakfast.,They ate a lonely breakfast.,breakfast,breakfast,Same Sense,0.037937283515930176,16,3.8,6,6,0,405334016,EleutherAI/pythia-410m,step8,seed6,6,8
They ate a family breakfast.,They ate a lonely breakfast.,breakfast,breakfast,Same Sense,0.037301599979400635,17,3.8,6,6,0,405334016,EleutherAI/pythia-410m,step8,seed6,6,8
They ate a family breakfast.,They ate a lonely breakfast.,breakfast,breakfast,Same Sense,0.0358424186706543,18,3.8,6,6,0,405334016,EleutherAI/pythia-410m,step8,seed6,6,8
They ate a family breakfast.,They ate a lonely breakfast.,breakfast,breakfast,Same Sense,0.03427940607070923,19,3.8,6,6,0,405334016,EleutherAI/pythia-410m,step8,seed6,6,8
They ate a family breakfast.,They ate a lonely breakfast.,breakfast,breakfast,Same Sense,0.0344197154045105,20,3.8,6,6,0,405334016,EleutherAI/pythia-410m,step8,seed6,6,8
They ate a family breakfast.,They ate a lonely breakfast.,breakfast,breakfast,Same Sense,0.03321617841720581,21,3.8,6,6,0,405334016,EleutherAI/pythia-410m,step8,seed6,6,8
They ate a family breakfast.,They ate a lonely breakfast.,breakfast,breakfast,Same Sense,0.03232729434967041,22,3.8,6,6,0,405334016,EleutherAI/pythia-410m,step8,seed6,6,8
They ate a family breakfast.,They ate a lonely breakfast.,breakfast,breakfast,Same Sense,0.031625568866729736,23,3.8,6,6,0,405334016,EleutherAI/pythia-410m,step8,seed6,6,8
They ate a family breakfast.,They ate a lonely breakfast.,breakfast,breakfast,Same Sense,0.031096220016479492,24,3.8,6,6,0,405334016,EleutherAI/pythia-410m,step8,seed6,6,8
It was a red cape.,It was a rocky cape.,cape,cape,Different Sense,0.0,0,0.090909091,7,7,0,405334016,EleutherAI/pythia-410m,step8,seed6,6,8
It was a red cape.,It was a rocky cape.,cape,cape,Different Sense,0.029792428016662598,1,0.090909091,7,7,0,405334016,EleutherAI/pythia-410m,step8,seed6,6,8
It was a red cape.,It was a rocky cape.,cape,cape,Different Sense,0.03781723976135254,2,0.090909091,7,7,0,405334016,EleutherAI/pythia-410m,step8,seed6,6,8
It was a red cape.,It was a rocky cape.,cape,cape,Different Sense,0.03973597288131714,3,0.090909091,7,7,0,405334016,EleutherAI/pythia-410m,step8,seed6,6,8
It was a red cape.,It was a rocky cape.,cape,cape,Different Sense,0.03946584463119507,4,0.090909091,7,7,0,405334016,EleutherAI/pythia-410m,step8,seed6,6,8
It was a red cape.,It was a rocky cape.,cape,cape,Different Sense,0.0408095121383667,5,0.090909091,7,7,0,405334016,EleutherAI/pythia-410m,step8,seed6,6,8
It was a red cape.,It was a rocky cape.,cape,cape,Different Sense,0.03882026672363281,6,0.090909091,7,7,0,405334016,EleutherAI/pythia-410m,step8,seed6,6,8
It was a red cape.,It was a rocky cape.,cape,cape,Different Sense,0.041807353496551514,7,0.090909091,7,7,0,405334016,EleutherAI/pythia-410m,step8,seed6,6,8
It was a red cape.,It was a rocky cape.,cape,cape,Different Sense,0.03993469476699829,8,0.090909091,7,7,0,405334016,EleutherAI/pythia-410m,step8,seed6,6,8
It was a red cape.,It was a rocky cape.,cape,cape,Different Sense,0.03982853889465332,9,0.090909091,7,7,0,405334016,EleutherAI/pythia-410m,step8,seed6,6,8
It was a red cape.,It was a rocky cape.,cape,cape,Different Sense,0.03895038366317749,10,0.090909091,7,7,0,405334016,EleutherAI/pythia-410m,step8,seed6,6,8
It was a red cape.,It was a rocky cape.,cape,cape,Different Sense,0.03795671463012695,11,0.090909091,7,7,0,405334016,EleutherAI/pythia-410m,step8,seed6,6,8
It was a red cape.,It was a rocky cape.,cape,cape,Different Sense,0.03916728496551514,12,0.090909091,7,7,0,405334016,EleutherAI/pythia-410m,step8,seed6,6,8
It was a red cape.,It was a rocky cape.,cape,cape,Different Sense,0.039012610912323,13,0.090909091,7,7,0,405334016,EleutherAI/pythia-410m,step8,seed6,6,8
It was a red cape.,It was a rocky cape.,cape,cape,Different Sense,0.037624895572662354,14,0.090909091,7,7,0,405334016,EleutherAI/pythia-410m,step8,seed6,6,8
It was a red cape.,It was a rocky cape.,cape,cape,Different Sense,0.03683912754058838,15,0.090909091,7,7,0,405334016,EleutherAI/pythia-410m,step8,seed6,6,8
It was a red cape.,It was a rocky cape.,cape,cape,Different Sense,0.035898566246032715,16,0.090909091,7,7,0,405334016,EleutherAI/pythia-410m,step8,seed6,6,8
It was a red cape.,It was a rocky cape.,cape,cape,Different Sense,0.03515547513961792,17,0.090909091,7,7,0,405334016,EleutherAI/pythia-410m,step8,seed6,6,8
It was a red cape.,It was a rocky cape.,cape,cape,Different Sense,0.03413659334182739,18,0.090909091,7,7,0,405334016,EleutherAI/pythia-410m,step8,seed6,6,8
It was a red cape.,It was a rocky cape.,cape,cape,Different Sense,0.0332416296005249,19,0.090909091,7,7,0,405334016,EleutherAI/pythia-410m,step8,seed6,6,8
It was a red cape.,It was a rocky cape.,cape,cape,Different Sense,0.03133857250213623,20,0.090909091,7,7,0,405334016,EleutherAI/pythia-410m,step8,seed6,6,8
It was a red cape.,It was a rocky cape.,cape,cape,Different Sense,0.03094339370727539,21,0.090909091,7,7,0,405334016,EleutherAI/pythia-410m,step8,seed6,6,8
It was a red cape.,It was a rocky cape.,cape,cape,Different Sense,0.029587745666503906,22,0.090909091,7,7,0,405334016,EleutherAI/pythia-410m,step8,seed6,6,8
It was a red cape.,It was a rocky cape.,cape,cape,Different Sense,0.02856820821762085,23,0.090909091,7,7,0,405334016,EleutherAI/pythia-410m,step8,seed6,6,8
It was a red cape.,It was a rocky cape.,cape,cape,Different Sense,0.027912676334381104,24,0.090909091,7,7,0,405334016,EleutherAI/pythia-410m,step8,seed6,6,8
It was a red cape.,It was an island cape.,cape,cape,Different Sense,0.0,0,0.181818182,7,7,0,405334016,EleutherAI/pythia-410m,step8,seed6,6,8
It was a red cape.,It was an island cape.,cape,cape,Different Sense,0.06261706352233887,1,0.181818182,7,7,0,405334016,EleutherAI/pythia-410m,step8,seed6,6,8
It was a red cape.,It was an island cape.,cape,cape,Different Sense,0.08098059892654419,2,0.181818182,7,7,0,405334016,EleutherAI/pythia-410m,step8,seed6,6,8
It was a red cape.,It was an island cape.,cape,cape,Different Sense,0.08532541990280151,3,0.181818182,7,7,0,405334016,EleutherAI/pythia-410m,step8,seed6,6,8
It was a red cape.,It was an island cape.,cape,cape,Different Sense,0.09167587757110596,4,0.181818182,7,7,0,405334016,EleutherAI/pythia-410m,step8,seed6,6,8
It was a red cape.,It was an island cape.,cape,cape,Different Sense,0.09292614459991455,5,0.181818182,7,7,0,405334016,EleutherAI/pythia-410m,step8,seed6,6,8
It was a red cape.,It was an island cape.,cape,cape,Different Sense,0.09033316373825073,6,0.181818182,7,7,0,405334016,EleutherAI/pythia-410m,step8,seed6,6,8
It was a red cape.,It was an island cape.,cape,cape,Different Sense,0.09181606769561768,7,0.181818182,7,7,0,405334016,EleutherAI/pythia-410m,step8,seed6,6,8
It was a red cape.,It was an island cape.,cape,cape,Different Sense,0.08618825674057007,8,0.181818182,7,7,0,405334016,EleutherAI/pythia-410m,step8,seed6,6,8
It was a red cape.,It was an island cape.,cape,cape,Different Sense,0.08746790885925293,9,0.181818182,7,7,0,405334016,EleutherAI/pythia-410m,step8,seed6,6,8
It was a red cape.,It was an island cape.,cape,cape,Different Sense,0.09061378240585327,10,0.181818182,7,7,0,405334016,EleutherAI/pythia-410m,step8,seed6,6,8
It was a red cape.,It was an island cape.,cape,cape,Different Sense,0.0876355767250061,11,0.181818182,7,7,0,405334016,EleutherAI/pythia-410m,step8,seed6,6,8
It was a red cape.,It was an island cape.,cape,cape,Different Sense,0.08772659301757812,12,0.181818182,7,7,0,405334016,EleutherAI/pythia-410m,step8,seed6,6,8
It was a red cape.,It was an island cape.,cape,cape,Different Sense,0.0884099006652832,13,0.181818182,7,7,0,405334016,EleutherAI/pythia-410m,step8,seed6,6,8
It was a red cape.,It was an island cape.,cape,cape,Different Sense,0.08514046669006348,14,0.181818182,7,7,0,405334016,EleutherAI/pythia-410m,step8,seed6,6,8
It was a red cape.,It was an island cape.,cape,cape,Different Sense,0.08417004346847534,15,0.181818182,7,7,0,405334016,EleutherAI/pythia-410m,step8,seed6,6,8
It was a red cape.,It was an island cape.,cape,cape,Different Sense,0.08427101373672485,16,0.181818182,7,7,0,405334016,EleutherAI/pythia-410m,step8,seed6,6,8
It was a red cape.,It was an island cape.,cape,cape,Different Sense,0.08321529626846313,17,0.181818182,7,7,0,405334016,EleutherAI/pythia-410m,step8,seed6,6,8
It was a red cape.,It was an island cape.,cape,cape,Different Sense,0.08108961582183838,18,0.181818182,7,7,0,405334016,EleutherAI/pythia-410m,step8,seed6,6,8
It was a red cape.,It was an island cape.,cape,cape,Different Sense,0.07813560962677002,19,0.181818182,7,7,0,405334016,EleutherAI/pythia-410m,step8,seed6,6,8
It was a red cape.,It was an island cape.,cape,cape,Different Sense,0.07448798418045044,20,0.181818182,7,7,0,405334016,EleutherAI/pythia-410m,step8,seed6,6,8
It was a red cape.,It was an island cape.,cape,cape,Different Sense,0.07301598787307739,21,0.181818182,7,7,0,405334016,EleutherAI/pythia-410m,step8,seed6,6,8
It was a red cape.,It was an island cape.,cape,cape,Different Sense,0.06962728500366211,22,0.181818182,7,7,0,405334016,EleutherAI/pythia-410m,step8,seed6,6,8
It was a red cape.,It was an island cape.,cape,cape,Different Sense,0.06851446628570557,23,0.181818182,7,7,0,405334016,EleutherAI/pythia-410m,step8,seed6,6,8
It was a red cape.,It was an island cape.,cape,cape,Different Sense,0.06709611415863037,24,0.181818182,7,7,0,405334016,EleutherAI/pythia-410m,step8,seed6,6,8
It was a flowing cape.,It was a rocky cape.,cape,cape,Different Sense,0.0,0,1.0,7,7,0,405334016,EleutherAI/pythia-410m,step8,seed6,6,8
It was a flowing cape.,It was a rocky cape.,cape,cape,Different Sense,0.02846616506576538,1,1.0,7,7,0,405334016,EleutherAI/pythia-410m,step8,seed6,6,8
It was a flowing cape.,It was a rocky cape.,cape,cape,Different Sense,0.03611975908279419,2,1.0,7,7,0,405334016,EleutherAI/pythia-410m,step8,seed6,6,8
It was a flowing cape.,It was a rocky cape.,cape,cape,Different Sense,0.03841644525527954,3,1.0,7,7,0,405334016,EleutherAI/pythia-410m,step8,seed6,6,8
It was a flowing cape.,It was a rocky cape.,cape,cape,Different Sense,0.03981882333755493,4,1.0,7,7,0,405334016,EleutherAI/pythia-410m,step8,seed6,6,8
It was a flowing cape.,It was a rocky cape.,cape,cape,Different Sense,0.04081910848617554,5,1.0,7,7,0,405334016,EleutherAI/pythia-410m,step8,seed6,6,8
It was a flowing cape.,It was a rocky cape.,cape,cape,Different Sense,0.039852797985076904,6,1.0,7,7,0,405334016,EleutherAI/pythia-410m,step8,seed6,6,8
It was a flowing cape.,It was a rocky cape.,cape,cape,Different Sense,0.03973287343978882,7,1.0,7,7,0,405334016,EleutherAI/pythia-410m,step8,seed6,6,8
It was a flowing cape.,It was a rocky cape.,cape,cape,Different Sense,0.03842437267303467,8,1.0,7,7,0,405334016,EleutherAI/pythia-410m,step8,seed6,6,8
It was a flowing cape.,It was a rocky cape.,cape,cape,Different Sense,0.038259804248809814,9,1.0,7,7,0,405334016,EleutherAI/pythia-410m,step8,seed6,6,8
It was a flowing cape.,It was a rocky cape.,cape,cape,Different Sense,0.03785443305969238,10,1.0,7,7,0,405334016,EleutherAI/pythia-410m,step8,seed6,6,8
It was a flowing cape.,It was a rocky cape.,cape,cape,Different Sense,0.0363423228263855,11,1.0,7,7,0,405334016,EleutherAI/pythia-410m,step8,seed6,6,8
It was a flowing cape.,It was a rocky cape.,cape,cape,Different Sense,0.037740230560302734,12,1.0,7,7,0,405334016,EleutherAI/pythia-410m,step8,seed6,6,8
It was a flowing cape.,It was a rocky cape.,cape,cape,Different Sense,0.03675967454910278,13,1.0,7,7,0,405334016,EleutherAI/pythia-410m,step8,seed6,6,8
It was a flowing cape.,It was a rocky cape.,cape,cape,Different Sense,0.03541421890258789,14,1.0,7,7,0,405334016,EleutherAI/pythia-410m,step8,seed6,6,8
It was a flowing cape.,It was a rocky cape.,cape,cape,Different Sense,0.035102128982543945,15,1.0,7,7,0,405334016,EleutherAI/pythia-410m,step8,seed6,6,8
It was a flowing cape.,It was a rocky cape.,cape,cape,Different Sense,0.034399986267089844,16,1.0,7,7,0,405334016,EleutherAI/pythia-410m,step8,seed6,6,8
It was a flowing cape.,It was a rocky cape.,cape,cape,Different Sense,0.034188151359558105,17,1.0,7,7,0,405334016,EleutherAI/pythia-410m,step8,seed6,6,8
It was a flowing cape.,It was a rocky cape.,cape,cape,Different Sense,0.03332644701004028,18,1.0,7,7,0,405334016,EleutherAI/pythia-410m,step8,seed6,6,8
It was a flowing cape.,It was a rocky cape.,cape,cape,Different Sense,0.031804025173187256,19,1.0,7,7,0,405334016,EleutherAI/pythia-410m,step8,seed6,6,8
It was a flowing cape.,It was a rocky cape.,cape,cape,Different Sense,0.03091031312942505,20,1.0,7,7,0,405334016,EleutherAI/pythia-410m,step8,seed6,6,8
It was a flowing cape.,It was a rocky cape.,cape,cape,Different Sense,0.030562758445739746,21,1.0,7,7,0,405334016,EleutherAI/pythia-410m,step8,seed6,6,8
It was a flowing cape.,It was a rocky cape.,cape,cape,Different Sense,0.02893918752670288,22,1.0,7,7,0,405334016,EleutherAI/pythia-410m,step8,seed6,6,8
It was a flowing cape.,It was a rocky cape.,cape,cape,Different Sense,0.028731226921081543,23,1.0,7,7,0,405334016,EleutherAI/pythia-410m,step8,seed6,6,8
It was a flowing cape.,It was a rocky cape.,cape,cape,Different Sense,0.028454244136810303,24,1.0,7,7,0,405334016,EleutherAI/pythia-410m,step8,seed6,6,8
It was a flowing cape.,It was an island cape.,cape,cape,Different Sense,0.0,0,0.428571429,7,7,0,405334016,EleutherAI/pythia-410m,step8,seed6,6,8
It was a flowing cape.,It was an island cape.,cape,cape,Different Sense,0.056425511837005615,1,0.428571429,7,7,0,405334016,EleutherAI/pythia-410m,step8,seed6,6,8
It was a flowing cape.,It was an island cape.,cape,cape,Different Sense,0.07642495632171631,2,0.428571429,7,7,0,405334016,EleutherAI/pythia-410m,step8,seed6,6,8
It was a flowing cape.,It was an island cape.,cape,cape,Different Sense,0.08154630661010742,3,0.428571429,7,7,0,405334016,EleutherAI/pythia-410m,step8,seed6,6,8
It was a flowing cape.,It was an island cape.,cape,cape,Different Sense,0.08997863531112671,4,0.428571429,7,7,0,405334016,EleutherAI/pythia-410m,step8,seed6,6,8
It was a flowing cape.,It was an island cape.,cape,cape,Different Sense,0.08941483497619629,5,0.428571429,7,7,0,405334016,EleutherAI/pythia-410m,step8,seed6,6,8
It was a flowing cape.,It was an island cape.,cape,cape,Different Sense,0.0879659652709961,6,0.428571429,7,7,0,405334016,EleutherAI/pythia-410m,step8,seed6,6,8
It was a flowing cape.,It was an island cape.,cape,cape,Different Sense,0.08945286273956299,7,0.428571429,7,7,0,405334016,EleutherAI/pythia-410m,step8,seed6,6,8
It was a flowing cape.,It was an island cape.,cape,cape,Different Sense,0.08647477626800537,8,0.428571429,7,7,0,405334016,EleutherAI/pythia-410m,step8,seed6,6,8
It was a flowing cape.,It was an island cape.,cape,cape,Different Sense,0.08755183219909668,9,0.428571429,7,7,0,405334016,EleutherAI/pythia-410m,step8,seed6,6,8
It was a flowing cape.,It was an island cape.,cape,cape,Different Sense,0.09164994955062866,10,0.428571429,7,7,0,405334016,EleutherAI/pythia-410m,step8,seed6,6,8
It was a flowing cape.,It was an island cape.,cape,cape,Different Sense,0.08821690082550049,11,0.428571429,7,7,0,405334016,EleutherAI/pythia-410m,step8,seed6,6,8
It was a flowing cape.,It was an island cape.,cape,cape,Different Sense,0.0896797776222229,12,0.428571429,7,7,0,405334016,EleutherAI/pythia-410m,step8,seed6,6,8
It was a flowing cape.,It was an island cape.,cape,cape,Different Sense,0.08858323097229004,13,0.428571429,7,7,0,405334016,EleutherAI/pythia-410m,step8,seed6,6,8
It was a flowing cape.,It was an island cape.,cape,cape,Different Sense,0.08465641736984253,14,0.428571429,7,7,0,405334016,EleutherAI/pythia-410m,step8,seed6,6,8
It was a flowing cape.,It was an island cape.,cape,cape,Different Sense,0.0853579044342041,15,0.428571429,7,7,0,405334016,EleutherAI/pythia-410m,step8,seed6,6,8
It was a flowing cape.,It was an island cape.,cape,cape,Different Sense,0.08573293685913086,16,0.428571429,7,7,0,405334016,EleutherAI/pythia-410m,step8,seed6,6,8
It was a flowing cape.,It was an island cape.,cape,cape,Different Sense,0.08447825908660889,17,0.428571429,7,7,0,405334016,EleutherAI/pythia-410m,step8,seed6,6,8
It was a flowing cape.,It was an island cape.,cape,cape,Different Sense,0.08167308568954468,18,0.428571429,7,7,0,405334016,EleutherAI/pythia-410m,step8,seed6,6,8
It was a flowing cape.,It was an island cape.,cape,cape,Different Sense,0.07669597864151001,19,0.428571429,7,7,0,405334016,EleutherAI/pythia-410m,step8,seed6,6,8
It was a flowing cape.,It was an island cape.,cape,cape,Different Sense,0.0732574462890625,20,0.428571429,7,7,0,405334016,EleutherAI/pythia-410m,step8,seed6,6,8
It was a flowing cape.,It was an island cape.,cape,cape,Different Sense,0.07190102338790894,21,0.428571429,7,7,0,405334016,EleutherAI/pythia-410m,step8,seed6,6,8
It was a flowing cape.,It was an island cape.,cape,cape,Different Sense,0.06791508197784424,22,0.428571429,7,7,0,405334016,EleutherAI/pythia-410m,step8,seed6,6,8
It was a flowing cape.,It was an island cape.,cape,cape,Different Sense,0.06631696224212646,23,0.428571429,7,7,0,405334016,EleutherAI/pythia-410m,step8,seed6,6,8
It was a flowing cape.,It was an island cape.,cape,cape,Different Sense,0.06463217735290527,24,0.428571429,7,7,0,405334016,EleutherAI/pythia-410m,step8,seed6,6,8
It was a red cape.,It was a flowing cape.,cape,cape,Same Sense,0.0,0,3.266666667,7,7,0,405334016,EleutherAI/pythia-410m,step8,seed6,6,8
It was a red cape.,It was a flowing cape.,cape,cape,Same Sense,0.03014528751373291,1,3.266666667,7,7,0,405334016,EleutherAI/pythia-410m,step8,seed6,6,8
It was a red cape.,It was a flowing cape.,cape,cape,Same Sense,0.03970557451248169,2,3.266666667,7,7,0,405334016,EleutherAI/pythia-410m,step8,seed6,6,8
It was a red cape.,It was a flowing cape.,cape,cape,Same Sense,0.04277193546295166,3,3.266666667,7,7,0,405334016,EleutherAI/pythia-410m,step8,seed6,6,8
It was a red cape.,It was a flowing cape.,cape,cape,Same Sense,0.04332858324050903,4,3.266666667,7,7,0,405334016,EleutherAI/pythia-410m,step8,seed6,6,8
It was a red cape.,It was a flowing cape.,cape,cape,Same Sense,0.04514032602310181,5,3.266666667,7,7,0,405334016,EleutherAI/pythia-410m,step8,seed6,6,8
It was a red cape.,It was a flowing cape.,cape,cape,Same Sense,0.04385817050933838,6,3.266666667,7,7,0,405334016,EleutherAI/pythia-410m,step8,seed6,6,8
It was a red cape.,It was a flowing cape.,cape,cape,Same Sense,0.04462200403213501,7,3.266666667,7,7,0,405334016,EleutherAI/pythia-410m,step8,seed6,6,8
It was a red cape.,It was a flowing cape.,cape,cape,Same Sense,0.04176896810531616,8,3.266666667,7,7,0,405334016,EleutherAI/pythia-410m,step8,seed6,6,8
It was a red cape.,It was a flowing cape.,cape,cape,Same Sense,0.04166489839553833,9,3.266666667,7,7,0,405334016,EleutherAI/pythia-410m,step8,seed6,6,8
It was a red cape.,It was a flowing cape.,cape,cape,Same Sense,0.04119706153869629,10,3.266666667,7,7,0,405334016,EleutherAI/pythia-410m,step8,seed6,6,8
It was a red cape.,It was a flowing cape.,cape,cape,Same Sense,0.0400504469871521,11,3.266666667,7,7,0,405334016,EleutherAI/pythia-410m,step8,seed6,6,8
It was a red cape.,It was a flowing cape.,cape,cape,Same Sense,0.0406491756439209,12,3.266666667,7,7,0,405334016,EleutherAI/pythia-410m,step8,seed6,6,8
It was a red cape.,It was a flowing cape.,cape,cape,Same Sense,0.039709508419036865,13,3.266666667,7,7,0,405334016,EleutherAI/pythia-410m,step8,seed6,6,8
It was a red cape.,It was a flowing cape.,cape,cape,Same Sense,0.03770631551742554,14,3.266666667,7,7,0,405334016,EleutherAI/pythia-410m,step8,seed6,6,8
It was a red cape.,It was a flowing cape.,cape,cape,Same Sense,0.03665369749069214,15,3.266666667,7,7,0,405334016,EleutherAI/pythia-410m,step8,seed6,6,8
It was a red cape.,It was a flowing cape.,cape,cape,Same Sense,0.03656083345413208,16,3.266666667,7,7,0,405334016,EleutherAI/pythia-410m,step8,seed6,6,8
It was a red cape.,It was a flowing cape.,cape,cape,Same Sense,0.03575408458709717,17,3.266666667,7,7,0,405334016,EleutherAI/pythia-410m,step8,seed6,6,8
It was a red cape.,It was a flowing cape.,cape,cape,Same Sense,0.035154521465301514,18,3.266666667,7,7,0,405334016,EleutherAI/pythia-410m,step8,seed6,6,8
It was a red cape.,It was a flowing cape.,cape,cape,Same Sense,0.03397023677825928,19,3.266666667,7,7,0,405334016,EleutherAI/pythia-410m,step8,seed6,6,8
It was a red cape.,It was a flowing cape.,cape,cape,Same Sense,0.0324174165725708,20,3.266666667,7,7,0,405334016,EleutherAI/pythia-410m,step8,seed6,6,8
It was a red cape.,It was a flowing cape.,cape,cape,Same Sense,0.0317874550819397,21,3.266666667,7,7,0,405334016,EleutherAI/pythia-410m,step8,seed6,6,8
It was a red cape.,It was a flowing cape.,cape,cape,Same Sense,0.030364155769348145,22,3.266666667,7,7,0,405334016,EleutherAI/pythia-410m,step8,seed6,6,8
It was a red cape.,It was a flowing cape.,cape,cape,Same Sense,0.02915513515472412,23,3.266666667,7,7,0,405334016,EleutherAI/pythia-410m,step8,seed6,6,8
It was a red cape.,It was a flowing cape.,cape,cape,Same Sense,0.02877563238143921,24,3.266666667,7,7,0,405334016,EleutherAI/pythia-410m,step8,seed6,6,8
It was a rocky cape.,It was an island cape.,cape,cape,Same Sense,0.0,0,2.866666667,7,7,0,405334016,EleutherAI/pythia-410m,step8,seed6,6,8
It was a rocky cape.,It was an island cape.,cape,cape,Same Sense,0.05727666616439819,1,2.866666667,7,7,0,405334016,EleutherAI/pythia-410m,step8,seed6,6,8
It was a rocky cape.,It was an island cape.,cape,cape,Same Sense,0.0790298581123352,2,2.866666667,7,7,0,405334016,EleutherAI/pythia-410m,step8,seed6,6,8
It was a rocky cape.,It was an island cape.,cape,cape,Same Sense,0.08744657039642334,3,2.866666667,7,7,0,405334016,EleutherAI/pythia-410m,step8,seed6,6,8
It was a rocky cape.,It was an island cape.,cape,cape,Same Sense,0.09577828645706177,4,2.866666667,7,7,0,405334016,EleutherAI/pythia-410m,step8,seed6,6,8
It was a rocky cape.,It was an island cape.,cape,cape,Same Sense,0.09597408771514893,5,2.866666667,7,7,0,405334016,EleutherAI/pythia-410m,step8,seed6,6,8
It was a rocky cape.,It was an island cape.,cape,cape,Same Sense,0.09498488903045654,6,2.866666667,7,7,0,405334016,EleutherAI/pythia-410m,step8,seed6,6,8
It was a rocky cape.,It was an island cape.,cape,cape,Same Sense,0.09642314910888672,7,2.866666667,7,7,0,405334016,EleutherAI/pythia-410m,step8,seed6,6,8
It was a rocky cape.,It was an island cape.,cape,cape,Same Sense,0.09187638759613037,8,2.866666667,7,7,0,405334016,EleutherAI/pythia-410m,step8,seed6,6,8
It was a rocky cape.,It was an island cape.,cape,cape,Same Sense,0.09407132863998413,9,2.866666667,7,7,0,405334016,EleutherAI/pythia-410m,step8,seed6,6,8
It was a rocky cape.,It was an island cape.,cape,cape,Same Sense,0.09874802827835083,10,2.866666667,7,7,0,405334016,EleutherAI/pythia-410m,step8,seed6,6,8
It was a rocky cape.,It was an island cape.,cape,cape,Same Sense,0.09218966960906982,11,2.866666667,7,7,0,405334016,EleutherAI/pythia-410m,step8,seed6,6,8
It was a rocky cape.,It was an island cape.,cape,cape,Same Sense,0.0912427306175232,12,2.866666667,7,7,0,405334016,EleutherAI/pythia-410m,step8,seed6,6,8
It was a rocky cape.,It was an island cape.,cape,cape,Same Sense,0.09050577878952026,13,2.866666667,7,7,0,405334016,EleutherAI/pythia-410m,step8,seed6,6,8
It was a rocky cape.,It was an island cape.,cape,cape,Same Sense,0.08820849657058716,14,2.866666667,7,7,0,405334016,EleutherAI/pythia-410m,step8,seed6,6,8
It was a rocky cape.,It was an island cape.,cape,cape,Same Sense,0.0893297791481018,15,2.866666667,7,7,0,405334016,EleutherAI/pythia-410m,step8,seed6,6,8
It was a rocky cape.,It was an island cape.,cape,cape,Same Sense,0.0910874605178833,16,2.866666667,7,7,0,405334016,EleutherAI/pythia-410m,step8,seed6,6,8
It was a rocky cape.,It was an island cape.,cape,cape,Same Sense,0.08967697620391846,17,2.866666667,7,7,0,405334016,EleutherAI/pythia-410m,step8,seed6,6,8
It was a rocky cape.,It was an island cape.,cape,cape,Same Sense,0.08837646245956421,18,2.866666667,7,7,0,405334016,EleutherAI/pythia-410m,step8,seed6,6,8
It was a rocky cape.,It was an island cape.,cape,cape,Same Sense,0.08477896451950073,19,2.866666667,7,7,0,405334016,EleutherAI/pythia-410m,step8,seed6,6,8
It was a rocky cape.,It was an island cape.,cape,cape,Same Sense,0.08087408542633057,20,2.866666667,7,7,0,405334016,EleutherAI/pythia-410m,step8,seed6,6,8
It was a rocky cape.,It was an island cape.,cape,cape,Same Sense,0.08020728826522827,21,2.866666667,7,7,0,405334016,EleutherAI/pythia-410m,step8,seed6,6,8
It was a rocky cape.,It was an island cape.,cape,cape,Same Sense,0.07682806253433228,22,2.866666667,7,7,0,405334016,EleutherAI/pythia-410m,step8,seed6,6,8
It was a rocky cape.,It was an island cape.,cape,cape,Same Sense,0.07654201984405518,23,2.866666667,7,7,0,405334016,EleutherAI/pythia-410m,step8,seed6,6,8
It was a rocky cape.,It was an island cape.,cape,cape,Same Sense,0.07460033893585205,24,2.866666667,7,7,0,405334016,EleutherAI/pythia-410m,step8,seed6,6,8
It was a beer case.,It was a divorce case.,case,case,Different Sense,0.0,0,0.166666667,6,6,0,405334016,EleutherAI/pythia-410m,step8,seed6,6,8
It was a beer case.,It was a divorce case.,case,case,Different Sense,0.029356062412261963,1,0.166666667,6,6,0,405334016,EleutherAI/pythia-410m,step8,seed6,6,8
It was a beer case.,It was a divorce case.,case,case,Different Sense,0.03618729114532471,2,0.166666667,6,6,0,405334016,EleutherAI/pythia-410m,step8,seed6,6,8
It was a beer case.,It was a divorce case.,case,case,Different Sense,0.04184478521347046,3,0.166666667,6,6,0,405334016,EleutherAI/pythia-410m,step8,seed6,6,8
It was a beer case.,It was a divorce case.,case,case,Different Sense,0.04108089208602905,4,0.166666667,6,6,0,405334016,EleutherAI/pythia-410m,step8,seed6,6,8
It was a beer case.,It was a divorce case.,case,case,Different Sense,0.03959858417510986,5,0.166666667,6,6,0,405334016,EleutherAI/pythia-410m,step8,seed6,6,8
It was a beer case.,It was a divorce case.,case,case,Different Sense,0.03967130184173584,6,0.166666667,6,6,0,405334016,EleutherAI/pythia-410m,step8,seed6,6,8
It was a beer case.,It was a divorce case.,case,case,Different Sense,0.03775209188461304,7,0.166666667,6,6,0,405334016,EleutherAI/pythia-410m,step8,seed6,6,8
It was a beer case.,It was a divorce case.,case,case,Different Sense,0.03690028190612793,8,0.166666667,6,6,0,405334016,EleutherAI/pythia-410m,step8,seed6,6,8
It was a beer case.,It was a divorce case.,case,case,Different Sense,0.036690354347229004,9,0.166666667,6,6,0,405334016,EleutherAI/pythia-410m,step8,seed6,6,8
It was a beer case.,It was a divorce case.,case,case,Different Sense,0.03595203161239624,10,0.166666667,6,6,0,405334016,EleutherAI/pythia-410m,step8,seed6,6,8
It was a beer case.,It was a divorce case.,case,case,Different Sense,0.03389871120452881,11,0.166666667,6,6,0,405334016,EleutherAI/pythia-410m,step8,seed6,6,8
It was a beer case.,It was a divorce case.,case,case,Different Sense,0.03414297103881836,12,0.166666667,6,6,0,405334016,EleutherAI/pythia-410m,step8,seed6,6,8
It was a beer case.,It was a divorce case.,case,case,Different Sense,0.03405219316482544,13,0.166666667,6,6,0,405334016,EleutherAI/pythia-410m,step8,seed6,6,8
It was a beer case.,It was a divorce case.,case,case,Different Sense,0.03541874885559082,14,0.166666667,6,6,0,405334016,EleutherAI/pythia-410m,step8,seed6,6,8
It was a beer case.,It was a divorce case.,case,case,Different Sense,0.03504955768585205,15,0.166666667,6,6,0,405334016,EleutherAI/pythia-410m,step8,seed6,6,8
It was a beer case.,It was a divorce case.,case,case,Different Sense,0.03283393383026123,16,0.166666667,6,6,0,405334016,EleutherAI/pythia-410m,step8,seed6,6,8
It was a beer case.,It was a divorce case.,case,case,Different Sense,0.03204202651977539,17,0.166666667,6,6,0,405334016,EleutherAI/pythia-410m,step8,seed6,6,8
It was a beer case.,It was a divorce case.,case,case,Different Sense,0.030272841453552246,18,0.166666667,6,6,0,405334016,EleutherAI/pythia-410m,step8,seed6,6,8
It was a beer case.,It was a divorce case.,case,case,Different Sense,0.029372096061706543,19,0.166666667,6,6,0,405334016,EleutherAI/pythia-410m,step8,seed6,6,8
It was a beer case.,It was a divorce case.,case,case,Different Sense,0.028167903423309326,20,0.166666667,6,6,0,405334016,EleutherAI/pythia-410m,step8,seed6,6,8
It was a beer case.,It was a divorce case.,case,case,Different Sense,0.02879941463470459,21,0.166666667,6,6,0,405334016,EleutherAI/pythia-410m,step8,seed6,6,8
It was a beer case.,It was a divorce case.,case,case,Different Sense,0.02800387144088745,22,0.166666667,6,6,0,405334016,EleutherAI/pythia-410m,step8,seed6,6,8
It was a beer case.,It was a divorce case.,case,case,Different Sense,0.02742314338684082,23,0.166666667,6,6,0,405334016,EleutherAI/pythia-410m,step8,seed6,6,8
It was a beer case.,It was a divorce case.,case,case,Different Sense,0.027198493480682373,24,0.166666667,6,6,0,405334016,EleutherAI/pythia-410m,step8,seed6,6,8
It was a beer case.,It was a criminal case.,case,case,Different Sense,0.0,0,0.4,6,6,0,405334016,EleutherAI/pythia-410m,step8,seed6,6,8
It was a beer case.,It was a criminal case.,case,case,Different Sense,0.034023940563201904,1,0.4,6,6,0,405334016,EleutherAI/pythia-410m,step8,seed6,6,8
It was a beer case.,It was a criminal case.,case,case,Different Sense,0.04498326778411865,2,0.4,6,6,0,405334016,EleutherAI/pythia-410m,step8,seed6,6,8
It was a beer case.,It was a criminal case.,case,case,Different Sense,0.050761640071868896,3,0.4,6,6,0,405334016,EleutherAI/pythia-410m,step8,seed6,6,8
It was a beer case.,It was a criminal case.,case,case,Different Sense,0.049041688442230225,4,0.4,6,6,0,405334016,EleutherAI/pythia-410m,step8,seed6,6,8
It was a beer case.,It was a criminal case.,case,case,Different Sense,0.050749123096466064,5,0.4,6,6,0,405334016,EleutherAI/pythia-410m,step8,seed6,6,8
It was a beer case.,It was a criminal case.,case,case,Different Sense,0.04969578981399536,6,0.4,6,6,0,405334016,EleutherAI/pythia-410m,step8,seed6,6,8
It was a beer case.,It was a criminal case.,case,case,Different Sense,0.045575857162475586,7,0.4,6,6,0,405334016,EleutherAI/pythia-410m,step8,seed6,6,8
It was a beer case.,It was a criminal case.,case,case,Different Sense,0.04446524381637573,8,0.4,6,6,0,405334016,EleutherAI/pythia-410m,step8,seed6,6,8
It was a beer case.,It was a criminal case.,case,case,Different Sense,0.04409915208816528,9,0.4,6,6,0,405334016,EleutherAI/pythia-410m,step8,seed6,6,8
It was a beer case.,It was a criminal case.,case,case,Different Sense,0.04210209846496582,10,0.4,6,6,0,405334016,EleutherAI/pythia-410m,step8,seed6,6,8
It was a beer case.,It was a criminal case.,case,case,Different Sense,0.04118549823760986,11,0.4,6,6,0,405334016,EleutherAI/pythia-410m,step8,seed6,6,8
It was a beer case.,It was a criminal case.,case,case,Different Sense,0.04076951742172241,12,0.4,6,6,0,405334016,EleutherAI/pythia-410m,step8,seed6,6,8
It was a beer case.,It was a criminal case.,case,case,Different Sense,0.04039657115936279,13,0.4,6,6,0,405334016,EleutherAI/pythia-410m,step8,seed6,6,8
It was a beer case.,It was a criminal case.,case,case,Different Sense,0.04069805145263672,14,0.4,6,6,0,405334016,EleutherAI/pythia-410m,step8,seed6,6,8
It was a beer case.,It was a criminal case.,case,case,Different Sense,0.039392292499542236,15,0.4,6,6,0,405334016,EleutherAI/pythia-410m,step8,seed6,6,8
It was a beer case.,It was a criminal case.,case,case,Different Sense,0.038873374462127686,16,0.4,6,6,0,405334016,EleutherAI/pythia-410m,step8,seed6,6,8
It was a beer case.,It was a criminal case.,case,case,Different Sense,0.03826218843460083,17,0.4,6,6,0,405334016,EleutherAI/pythia-410m,step8,seed6,6,8
It was a beer case.,It was a criminal case.,case,case,Different Sense,0.03749817609786987,18,0.4,6,6,0,405334016,EleutherAI/pythia-410m,step8,seed6,6,8
It was a beer case.,It was a criminal case.,case,case,Different Sense,0.03619718551635742,19,0.4,6,6,0,405334016,EleutherAI/pythia-410m,step8,seed6,6,8
It was a beer case.,It was a criminal case.,case,case,Different Sense,0.03508836030960083,20,0.4,6,6,0,405334016,EleutherAI/pythia-410m,step8,seed6,6,8
It was a beer case.,It was a criminal case.,case,case,Different Sense,0.03537517786026001,21,0.4,6,6,0,405334016,EleutherAI/pythia-410m,step8,seed6,6,8
It was a beer case.,It was a criminal case.,case,case,Different Sense,0.03446751832962036,22,0.4,6,6,0,405334016,EleutherAI/pythia-410m,step8,seed6,6,8
It was a beer case.,It was a criminal case.,case,case,Different Sense,0.032855331897735596,23,0.4,6,6,0,405334016,EleutherAI/pythia-410m,step8,seed6,6,8
It was a beer case.,It was a criminal case.,case,case,Different Sense,0.03298860788345337,24,0.4,6,6,0,405334016,EleutherAI/pythia-410m,step8,seed6,6,8
It was a display case.,It was a divorce case.,case,case,Different Sense,0.0,0,0.25,6,6,0,405334016,EleutherAI/pythia-410m,step8,seed6,6,8
It was a display case.,It was a divorce case.,case,case,Different Sense,0.02086406946182251,1,0.25,6,6,0,405334016,EleutherAI/pythia-410m,step8,seed6,6,8
It was a display case.,It was a divorce case.,case,case,Different Sense,0.02982395887374878,2,0.25,6,6,0,405334016,EleutherAI/pythia-410m,step8,seed6,6,8
It was a display case.,It was a divorce case.,case,case,Different Sense,0.03452366590499878,3,0.25,6,6,0,405334016,EleutherAI/pythia-410m,step8,seed6,6,8
It was a display case.,It was a divorce case.,case,case,Different Sense,0.03608196973800659,4,0.25,6,6,0,405334016,EleutherAI/pythia-410m,step8,seed6,6,8
It was a display case.,It was a divorce case.,case,case,Different Sense,0.03743278980255127,5,0.25,6,6,0,405334016,EleutherAI/pythia-410m,step8,seed6,6,8
It was a display case.,It was a divorce case.,case,case,Different Sense,0.03650498390197754,6,0.25,6,6,0,405334016,EleutherAI/pythia-410m,step8,seed6,6,8
It was a display case.,It was a divorce case.,case,case,Different Sense,0.035884320735931396,7,0.25,6,6,0,405334016,EleutherAI/pythia-410m,step8,seed6,6,8
It was a display case.,It was a divorce case.,case,case,Different Sense,0.03437697887420654,8,0.25,6,6,0,405334016,EleutherAI/pythia-410m,step8,seed6,6,8
It was a display case.,It was a divorce case.,case,case,Different Sense,0.03408610820770264,9,0.25,6,6,0,405334016,EleutherAI/pythia-410m,step8,seed6,6,8
It was a display case.,It was a divorce case.,case,case,Different Sense,0.03449130058288574,10,0.25,6,6,0,405334016,EleutherAI/pythia-410m,step8,seed6,6,8
It was a display case.,It was a divorce case.,case,case,Different Sense,0.03293800354003906,11,0.25,6,6,0,405334016,EleutherAI/pythia-410m,step8,seed6,6,8
It was a display case.,It was a divorce case.,case,case,Different Sense,0.03337514400482178,12,0.25,6,6,0,405334016,EleutherAI/pythia-410m,step8,seed6,6,8
It was a display case.,It was a divorce case.,case,case,Different Sense,0.03303343057632446,13,0.25,6,6,0,405334016,EleutherAI/pythia-410m,step8,seed6,6,8
It was a display case.,It was a divorce case.,case,case,Different Sense,0.03373837471008301,14,0.25,6,6,0,405334016,EleutherAI/pythia-410m,step8,seed6,6,8
It was a display case.,It was a divorce case.,case,case,Different Sense,0.03373938798904419,15,0.25,6,6,0,405334016,EleutherAI/pythia-410m,step8,seed6,6,8
It was a display case.,It was a divorce case.,case,case,Different Sense,0.0321885347366333,16,0.25,6,6,0,405334016,EleutherAI/pythia-410m,step8,seed6,6,8
It was a display case.,It was a divorce case.,case,case,Different Sense,0.03154700994491577,17,0.25,6,6,0,405334016,EleutherAI/pythia-410m,step8,seed6,6,8
It was a display case.,It was a divorce case.,case,case,Different Sense,0.030185043811798096,18,0.25,6,6,0,405334016,EleutherAI/pythia-410m,step8,seed6,6,8
It was a display case.,It was a divorce case.,case,case,Different Sense,0.02973949909210205,19,0.25,6,6,0,405334016,EleutherAI/pythia-410m,step8,seed6,6,8
It was a display case.,It was a divorce case.,case,case,Different Sense,0.028450846672058105,20,0.25,6,6,0,405334016,EleutherAI/pythia-410m,step8,seed6,6,8
It was a display case.,It was a divorce case.,case,case,Different Sense,0.029086649417877197,21,0.25,6,6,0,405334016,EleutherAI/pythia-410m,step8,seed6,6,8
It was a display case.,It was a divorce case.,case,case,Different Sense,0.02873241901397705,22,0.25,6,6,0,405334016,EleutherAI/pythia-410m,step8,seed6,6,8
It was a display case.,It was a divorce case.,case,case,Different Sense,0.027703464031219482,23,0.25,6,6,0,405334016,EleutherAI/pythia-410m,step8,seed6,6,8
It was a display case.,It was a divorce case.,case,case,Different Sense,0.027492880821228027,24,0.25,6,6,0,405334016,EleutherAI/pythia-410m,step8,seed6,6,8
It was a display case.,It was a criminal case.,case,case,Different Sense,0.0,0,0.363636364,6,6,0,405334016,EleutherAI/pythia-410m,step8,seed6,6,8
It was a display case.,It was a criminal case.,case,case,Different Sense,0.027997851371765137,1,0.363636364,6,6,0,405334016,EleutherAI/pythia-410m,step8,seed6,6,8
It was a display case.,It was a criminal case.,case,case,Different Sense,0.03953146934509277,2,0.363636364,6,6,0,405334016,EleutherAI/pythia-410m,step8,seed6,6,8
It was a display case.,It was a criminal case.,case,case,Different Sense,0.044612348079681396,3,0.363636364,6,6,0,405334016,EleutherAI/pythia-410m,step8,seed6,6,8
It was a display case.,It was a criminal case.,case,case,Different Sense,0.04465174674987793,4,0.363636364,6,6,0,405334016,EleutherAI/pythia-410m,step8,seed6,6,8
It was a display case.,It was a criminal case.,case,case,Different Sense,0.04678821563720703,5,0.363636364,6,6,0,405334016,EleutherAI/pythia-410m,step8,seed6,6,8
It was a display case.,It was a criminal case.,case,case,Different Sense,0.04620736837387085,6,0.363636364,6,6,0,405334016,EleutherAI/pythia-410m,step8,seed6,6,8
It was a display case.,It was a criminal case.,case,case,Different Sense,0.04477161169052124,7,0.363636364,6,6,0,405334016,EleutherAI/pythia-410m,step8,seed6,6,8
It was a display case.,It was a criminal case.,case,case,Different Sense,0.043252527713775635,8,0.363636364,6,6,0,405334016,EleutherAI/pythia-410m,step8,seed6,6,8
It was a display case.,It was a criminal case.,case,case,Different Sense,0.04233860969543457,9,0.363636364,6,6,0,405334016,EleutherAI/pythia-410m,step8,seed6,6,8
It was a display case.,It was a criminal case.,case,case,Different Sense,0.040911078453063965,10,0.363636364,6,6,0,405334016,EleutherAI/pythia-410m,step8,seed6,6,8
It was a display case.,It was a criminal case.,case,case,Different Sense,0.039749741554260254,11,0.363636364,6,6,0,405334016,EleutherAI/pythia-410m,step8,seed6,6,8
It was a display case.,It was a criminal case.,case,case,Different Sense,0.039498746395111084,12,0.363636364,6,6,0,405334016,EleutherAI/pythia-410m,step8,seed6,6,8
It was a display case.,It was a criminal case.,case,case,Different Sense,0.03813648223876953,13,0.363636364,6,6,0,405334016,EleutherAI/pythia-410m,step8,seed6,6,8
It was a display case.,It was a criminal case.,case,case,Different Sense,0.038003504276275635,14,0.363636364,6,6,0,405334016,EleutherAI/pythia-410m,step8,seed6,6,8
It was a display case.,It was a criminal case.,case,case,Different Sense,0.037562787532806396,15,0.363636364,6,6,0,405334016,EleutherAI/pythia-410m,step8,seed6,6,8
It was a display case.,It was a criminal case.,case,case,Different Sense,0.03741806745529175,16,0.363636364,6,6,0,405334016,EleutherAI/pythia-410m,step8,seed6,6,8
It was a display case.,It was a criminal case.,case,case,Different Sense,0.037692248821258545,17,0.363636364,6,6,0,405334016,EleutherAI/pythia-410m,step8,seed6,6,8
It was a display case.,It was a criminal case.,case,case,Different Sense,0.036153554916381836,18,0.363636364,6,6,0,405334016,EleutherAI/pythia-410m,step8,seed6,6,8
It was a display case.,It was a criminal case.,case,case,Different Sense,0.034529685974121094,19,0.363636364,6,6,0,405334016,EleutherAI/pythia-410m,step8,seed6,6,8
It was a display case.,It was a criminal case.,case,case,Different Sense,0.03362995386123657,20,0.363636364,6,6,0,405334016,EleutherAI/pythia-410m,step8,seed6,6,8
It was a display case.,It was a criminal case.,case,case,Different Sense,0.03411865234375,21,0.363636364,6,6,0,405334016,EleutherAI/pythia-410m,step8,seed6,6,8
It was a display case.,It was a criminal case.,case,case,Different Sense,0.03272134065628052,22,0.363636364,6,6,0,405334016,EleutherAI/pythia-410m,step8,seed6,6,8
It was a display case.,It was a criminal case.,case,case,Different Sense,0.031366050243377686,23,0.363636364,6,6,0,405334016,EleutherAI/pythia-410m,step8,seed6,6,8
It was a display case.,It was a criminal case.,case,case,Different Sense,0.03135669231414795,24,0.363636364,6,6,0,405334016,EleutherAI/pythia-410m,step8,seed6,6,8
It was a beer case.,It was a display case.,case,case,Same Sense,0.0,0,1.75,6,6,0,405334016,EleutherAI/pythia-410m,step8,seed6,6,8
It was a beer case.,It was a display case.,case,case,Same Sense,0.02975374460220337,1,1.75,6,6,0,405334016,EleutherAI/pythia-410m,step8,seed6,6,8
It was a beer case.,It was a display case.,case,case,Same Sense,0.03479868173599243,2,1.75,6,6,0,405334016,EleutherAI/pythia-410m,step8,seed6,6,8
It was a beer case.,It was a display case.,case,case,Same Sense,0.0396992564201355,3,1.75,6,6,0,405334016,EleutherAI/pythia-410m,step8,seed6,6,8
It was a beer case.,It was a display case.,case,case,Same Sense,0.03891587257385254,4,1.75,6,6,0,405334016,EleutherAI/pythia-410m,step8,seed6,6,8
It was a beer case.,It was a display case.,case,case,Same Sense,0.03948920965194702,5,1.75,6,6,0,405334016,EleutherAI/pythia-410m,step8,seed6,6,8
It was a beer case.,It was a display case.,case,case,Same Sense,0.037744343280792236,6,1.75,6,6,0,405334016,EleutherAI/pythia-410m,step8,seed6,6,8
It was a beer case.,It was a display case.,case,case,Same Sense,0.03713250160217285,7,1.75,6,6,0,405334016,EleutherAI/pythia-410m,step8,seed6,6,8
It was a beer case.,It was a display case.,case,case,Same Sense,0.035419762134552,8,1.75,6,6,0,405334016,EleutherAI/pythia-410m,step8,seed6,6,8
It was a beer case.,It was a display case.,case,case,Same Sense,0.0339924693107605,9,1.75,6,6,0,405334016,EleutherAI/pythia-410m,step8,seed6,6,8
It was a beer case.,It was a display case.,case,case,Same Sense,0.03371089696884155,10,1.75,6,6,0,405334016,EleutherAI/pythia-410m,step8,seed6,6,8
It was a beer case.,It was a display case.,case,case,Same Sense,0.03163093328475952,11,1.75,6,6,0,405334016,EleutherAI/pythia-410m,step8,seed6,6,8
It was a beer case.,It was a display case.,case,case,Same Sense,0.030805885791778564,12,1.75,6,6,0,405334016,EleutherAI/pythia-410m,step8,seed6,6,8
It was a beer case.,It was a display case.,case,case,Same Sense,0.030990183353424072,13,1.75,6,6,0,405334016,EleutherAI/pythia-410m,step8,seed6,6,8
It was a beer case.,It was a display case.,case,case,Same Sense,0.03162062168121338,14,1.75,6,6,0,405334016,EleutherAI/pythia-410m,step8,seed6,6,8
It was a beer case.,It was a display case.,case,case,Same Sense,0.03108006715774536,15,1.75,6,6,0,405334016,EleutherAI/pythia-410m,step8,seed6,6,8
It was a beer case.,It was a display case.,case,case,Same Sense,0.02945113182067871,16,1.75,6,6,0,405334016,EleutherAI/pythia-410m,step8,seed6,6,8
It was a beer case.,It was a display case.,case,case,Same Sense,0.029174327850341797,17,1.75,6,6,0,405334016,EleutherAI/pythia-410m,step8,seed6,6,8
It was a beer case.,It was a display case.,case,case,Same Sense,0.028352797031402588,18,1.75,6,6,0,405334016,EleutherAI/pythia-410m,step8,seed6,6,8
It was a beer case.,It was a display case.,case,case,Same Sense,0.02771592140197754,19,1.75,6,6,0,405334016,EleutherAI/pythia-410m,step8,seed6,6,8
It was a beer case.,It was a display case.,case,case,Same Sense,0.02651125192642212,20,1.75,6,6,0,405334016,EleutherAI/pythia-410m,step8,seed6,6,8
It was a beer case.,It was a display case.,case,case,Same Sense,0.027317702770233154,21,1.75,6,6,0,405334016,EleutherAI/pythia-410m,step8,seed6,6,8
It was a beer case.,It was a display case.,case,case,Same Sense,0.026437819004058838,22,1.75,6,6,0,405334016,EleutherAI/pythia-410m,step8,seed6,6,8
It was a beer case.,It was a display case.,case,case,Same Sense,0.025740861892700195,23,1.75,6,6,0,405334016,EleutherAI/pythia-410m,step8,seed6,6,8
It was a beer case.,It was a display case.,case,case,Same Sense,0.02524811029434204,24,1.75,6,6,0,405334016,EleutherAI/pythia-410m,step8,seed6,6,8
It was a divorce case.,It was a criminal case.,case,case,Same Sense,0.0,0,3.928571429,6,6,0,405334016,EleutherAI/pythia-410m,step8,seed6,6,8
It was a divorce case.,It was a criminal case.,case,case,Same Sense,0.02709341049194336,1,3.928571429,6,6,0,405334016,EleutherAI/pythia-410m,step8,seed6,6,8
It was a divorce case.,It was a criminal case.,case,case,Same Sense,0.040514230728149414,2,3.928571429,6,6,0,405334016,EleutherAI/pythia-410m,step8,seed6,6,8
It was a divorce case.,It was a criminal case.,case,case,Same Sense,0.04844534397125244,3,3.928571429,6,6,0,405334016,EleutherAI/pythia-410m,step8,seed6,6,8
It was a divorce case.,It was a criminal case.,case,case,Same Sense,0.049727439880371094,4,3.928571429,6,6,0,405334016,EleutherAI/pythia-410m,step8,seed6,6,8
It was a divorce case.,It was a criminal case.,case,case,Same Sense,0.05209171772003174,5,3.928571429,6,6,0,405334016,EleutherAI/pythia-410m,step8,seed6,6,8
It was a divorce case.,It was a criminal case.,case,case,Same Sense,0.05086296796798706,6,3.928571429,6,6,0,405334016,EleutherAI/pythia-410m,step8,seed6,6,8
It was a divorce case.,It was a criminal case.,case,case,Same Sense,0.04795783758163452,7,3.928571429,6,6,0,405334016,EleutherAI/pythia-410m,step8,seed6,6,8
It was a divorce case.,It was a criminal case.,case,case,Same Sense,0.04751014709472656,8,3.928571429,6,6,0,405334016,EleutherAI/pythia-410m,step8,seed6,6,8
It was a divorce case.,It was a criminal case.,case,case,Same Sense,0.04755312204360962,9,3.928571429,6,6,0,405334016,EleutherAI/pythia-410m,step8,seed6,6,8
It was a divorce case.,It was a criminal case.,case,case,Same Sense,0.046604037284851074,10,3.928571429,6,6,0,405334016,EleutherAI/pythia-410m,step8,seed6,6,8
It was a divorce case.,It was a criminal case.,case,case,Same Sense,0.044683873653411865,11,3.928571429,6,6,0,405334016,EleutherAI/pythia-410m,step8,seed6,6,8
It was a divorce case.,It was a criminal case.,case,case,Same Sense,0.044559478759765625,12,3.928571429,6,6,0,405334016,EleutherAI/pythia-410m,step8,seed6,6,8
It was a divorce case.,It was a criminal case.,case,case,Same Sense,0.04338806867599487,13,3.928571429,6,6,0,405334016,EleutherAI/pythia-410m,step8,seed6,6,8
It was a divorce case.,It was a criminal case.,case,case,Same Sense,0.04408121109008789,14,3.928571429,6,6,0,405334016,EleutherAI/pythia-410m,step8,seed6,6,8
It was a divorce case.,It was a criminal case.,case,case,Same Sense,0.04339379072189331,15,3.928571429,6,6,0,405334016,EleutherAI/pythia-410m,step8,seed6,6,8
It was a divorce case.,It was a criminal case.,case,case,Same Sense,0.04178452491760254,16,3.928571429,6,6,0,405334016,EleutherAI/pythia-410m,step8,seed6,6,8
It was a divorce case.,It was a criminal case.,case,case,Same Sense,0.041397273540496826,17,3.928571429,6,6,0,405334016,EleutherAI/pythia-410m,step8,seed6,6,8
It was a divorce case.,It was a criminal case.,case,case,Same Sense,0.039734482765197754,18,3.928571429,6,6,0,405334016,EleutherAI/pythia-410m,step8,seed6,6,8
It was a divorce case.,It was a criminal case.,case,case,Same Sense,0.03891706466674805,19,3.928571429,6,6,0,405334016,EleutherAI/pythia-410m,step8,seed6,6,8
It was a divorce case.,It was a criminal case.,case,case,Same Sense,0.03875333070755005,20,3.928571429,6,6,0,405334016,EleutherAI/pythia-410m,step8,seed6,6,8
It was a divorce case.,It was a criminal case.,case,case,Same Sense,0.039768874645233154,21,3.928571429,6,6,0,405334016,EleutherAI/pythia-410m,step8,seed6,6,8
It was a divorce case.,It was a criminal case.,case,case,Same Sense,0.03862333297729492,22,3.928571429,6,6,0,405334016,EleutherAI/pythia-410m,step8,seed6,6,8
It was a divorce case.,It was a criminal case.,case,case,Same Sense,0.03693968057632446,23,3.928571429,6,6,0,405334016,EleutherAI/pythia-410m,step8,seed6,6,8
It was a divorce case.,It was a criminal case.,case,case,Same Sense,0.036998629570007324,24,3.928571429,6,6,0,405334016,EleutherAI/pythia-410m,step8,seed6,6,8
It was a worthy cause.,It was a main cause.,cause,cause,Different Sense,0.0,0,2.272727273,6,6,0,405334016,EleutherAI/pythia-410m,step8,seed6,6,8
It was a worthy cause.,It was a main cause.,cause,cause,Different Sense,0.02654719352722168,1,2.272727273,6,6,0,405334016,EleutherAI/pythia-410m,step8,seed6,6,8
It was a worthy cause.,It was a main cause.,cause,cause,Different Sense,0.036285221576690674,2,2.272727273,6,6,0,405334016,EleutherAI/pythia-410m,step8,seed6,6,8
It was a worthy cause.,It was a main cause.,cause,cause,Different Sense,0.03877454996109009,3,2.272727273,6,6,0,405334016,EleutherAI/pythia-410m,step8,seed6,6,8
It was a worthy cause.,It was a main cause.,cause,cause,Different Sense,0.04408848285675049,4,2.272727273,6,6,0,405334016,EleutherAI/pythia-410m,step8,seed6,6,8
It was a worthy cause.,It was a main cause.,cause,cause,Different Sense,0.049653828144073486,5,2.272727273,6,6,0,405334016,EleutherAI/pythia-410m,step8,seed6,6,8
It was a worthy cause.,It was a main cause.,cause,cause,Different Sense,0.04944288730621338,6,2.272727273,6,6,0,405334016,EleutherAI/pythia-410m,step8,seed6,6,8
It was a worthy cause.,It was a main cause.,cause,cause,Different Sense,0.04729461669921875,7,2.272727273,6,6,0,405334016,EleutherAI/pythia-410m,step8,seed6,6,8
It was a worthy cause.,It was a main cause.,cause,cause,Different Sense,0.047871291637420654,8,2.272727273,6,6,0,405334016,EleutherAI/pythia-410m,step8,seed6,6,8
It was a worthy cause.,It was a main cause.,cause,cause,Different Sense,0.04838031530380249,9,2.272727273,6,6,0,405334016,EleutherAI/pythia-410m,step8,seed6,6,8
It was a worthy cause.,It was a main cause.,cause,cause,Different Sense,0.04927581548690796,10,2.272727273,6,6,0,405334016,EleutherAI/pythia-410m,step8,seed6,6,8
It was a worthy cause.,It was a main cause.,cause,cause,Different Sense,0.04938304424285889,11,2.272727273,6,6,0,405334016,EleutherAI/pythia-410m,step8,seed6,6,8
It was a worthy cause.,It was a main cause.,cause,cause,Different Sense,0.04789280891418457,12,2.272727273,6,6,0,405334016,EleutherAI/pythia-410m,step8,seed6,6,8
It was a worthy cause.,It was a main cause.,cause,cause,Different Sense,0.04684805870056152,13,2.272727273,6,6,0,405334016,EleutherAI/pythia-410m,step8,seed6,6,8
It was a worthy cause.,It was a main cause.,cause,cause,Different Sense,0.0450822114944458,14,2.272727273,6,6,0,405334016,EleutherAI/pythia-410m,step8,seed6,6,8
It was a worthy cause.,It was a main cause.,cause,cause,Different Sense,0.04370194673538208,15,2.272727273,6,6,0,405334016,EleutherAI/pythia-410m,step8,seed6,6,8
It was a worthy cause.,It was a main cause.,cause,cause,Different Sense,0.04341644048690796,16,2.272727273,6,6,0,405334016,EleutherAI/pythia-410m,step8,seed6,6,8
It was a worthy cause.,It was a main cause.,cause,cause,Different Sense,0.044199228286743164,17,2.272727273,6,6,0,405334016,EleutherAI/pythia-410m,step8,seed6,6,8
It was a worthy cause.,It was a main cause.,cause,cause,Different Sense,0.045027732849121094,18,2.272727273,6,6,0,405334016,EleutherAI/pythia-410m,step8,seed6,6,8
It was a worthy cause.,It was a main cause.,cause,cause,Different Sense,0.044209420680999756,19,2.272727273,6,6,0,405334016,EleutherAI/pythia-410m,step8,seed6,6,8
It was a worthy cause.,It was a main cause.,cause,cause,Different Sense,0.04364275932312012,20,2.272727273,6,6,0,405334016,EleutherAI/pythia-410m,step8,seed6,6,8
It was a worthy cause.,It was a main cause.,cause,cause,Different Sense,0.04391622543334961,21,2.272727273,6,6,0,405334016,EleutherAI/pythia-410m,step8,seed6,6,8
It was a worthy cause.,It was a main cause.,cause,cause,Different Sense,0.04200679063796997,22,2.272727273,6,6,0,405334016,EleutherAI/pythia-410m,step8,seed6,6,8
It was a worthy cause.,It was a main cause.,cause,cause,Different Sense,0.041071951389312744,23,2.272727273,6,6,0,405334016,EleutherAI/pythia-410m,step8,seed6,6,8
It was a worthy cause.,It was a main cause.,cause,cause,Different Sense,0.041480183601379395,24,2.272727273,6,6,0,405334016,EleutherAI/pythia-410m,step8,seed6,6,8
It was a worthy cause.,It was a primary cause.,cause,cause,Different Sense,0.0,0,2.352941176,6,6,0,405334016,EleutherAI/pythia-410m,step8,seed6,6,8
It was a worthy cause.,It was a primary cause.,cause,cause,Different Sense,0.026301980018615723,1,2.352941176,6,6,0,405334016,EleutherAI/pythia-410m,step8,seed6,6,8
It was a worthy cause.,It was a primary cause.,cause,cause,Different Sense,0.0352131724357605,2,2.352941176,6,6,0,405334016,EleutherAI/pythia-410m,step8,seed6,6,8
It was a worthy cause.,It was a primary cause.,cause,cause,Different Sense,0.03820931911468506,3,2.352941176,6,6,0,405334016,EleutherAI/pythia-410m,step8,seed6,6,8
It was a worthy cause.,It was a primary cause.,cause,cause,Different Sense,0.04269266128540039,4,2.352941176,6,6,0,405334016,EleutherAI/pythia-410m,step8,seed6,6,8
It was a worthy cause.,It was a primary cause.,cause,cause,Different Sense,0.04657912254333496,5,2.352941176,6,6,0,405334016,EleutherAI/pythia-410m,step8,seed6,6,8
It was a worthy cause.,It was a primary cause.,cause,cause,Different Sense,0.04635709524154663,6,2.352941176,6,6,0,405334016,EleutherAI/pythia-410m,step8,seed6,6,8
It was a worthy cause.,It was a primary cause.,cause,cause,Different Sense,0.04451131820678711,7,2.352941176,6,6,0,405334016,EleutherAI/pythia-410m,step8,seed6,6,8
It was a worthy cause.,It was a primary cause.,cause,cause,Different Sense,0.046870529651641846,8,2.352941176,6,6,0,405334016,EleutherAI/pythia-410m,step8,seed6,6,8
It was a worthy cause.,It was a primary cause.,cause,cause,Different Sense,0.048631131649017334,9,2.352941176,6,6,0,405334016,EleutherAI/pythia-410m,step8,seed6,6,8
It was a worthy cause.,It was a primary cause.,cause,cause,Different Sense,0.04810142517089844,10,2.352941176,6,6,0,405334016,EleutherAI/pythia-410m,step8,seed6,6,8
It was a worthy cause.,It was a primary cause.,cause,cause,Different Sense,0.047859013080596924,11,2.352941176,6,6,0,405334016,EleutherAI/pythia-410m,step8,seed6,6,8
It was a worthy cause.,It was a primary cause.,cause,cause,Different Sense,0.046717941761016846,12,2.352941176,6,6,0,405334016,EleutherAI/pythia-410m,step8,seed6,6,8
It was a worthy cause.,It was a primary cause.,cause,cause,Different Sense,0.0444411039352417,13,2.352941176,6,6,0,405334016,EleutherAI/pythia-410m,step8,seed6,6,8
It was a worthy cause.,It was a primary cause.,cause,cause,Different Sense,0.04411602020263672,14,2.352941176,6,6,0,405334016,EleutherAI/pythia-410m,step8,seed6,6,8
It was a worthy cause.,It was a primary cause.,cause,cause,Different Sense,0.04392588138580322,15,2.352941176,6,6,0,405334016,EleutherAI/pythia-410m,step8,seed6,6,8
It was a worthy cause.,It was a primary cause.,cause,cause,Different Sense,0.04375779628753662,16,2.352941176,6,6,0,405334016,EleutherAI/pythia-410m,step8,seed6,6,8
It was a worthy cause.,It was a primary cause.,cause,cause,Different Sense,0.04460340738296509,17,2.352941176,6,6,0,405334016,EleutherAI/pythia-410m,step8,seed6,6,8
It was a worthy cause.,It was a primary cause.,cause,cause,Different Sense,0.04529273509979248,18,2.352941176,6,6,0,405334016,EleutherAI/pythia-410m,step8,seed6,6,8
It was a worthy cause.,It was a primary cause.,cause,cause,Different Sense,0.043948352336883545,19,2.352941176,6,6,0,405334016,EleutherAI/pythia-410m,step8,seed6,6,8
It was a worthy cause.,It was a primary cause.,cause,cause,Different Sense,0.043980538845062256,20,2.352941176,6,6,0,405334016,EleutherAI/pythia-410m,step8,seed6,6,8
It was a worthy cause.,It was a primary cause.,cause,cause,Different Sense,0.04466438293457031,21,2.352941176,6,6,0,405334016,EleutherAI/pythia-410m,step8,seed6,6,8
It was a worthy cause.,It was a primary cause.,cause,cause,Different Sense,0.04329657554626465,22,2.352941176,6,6,0,405334016,EleutherAI/pythia-410m,step8,seed6,6,8
It was a worthy cause.,It was a primary cause.,cause,cause,Different Sense,0.04201406240463257,23,2.352941176,6,6,0,405334016,EleutherAI/pythia-410m,step8,seed6,6,8
It was a worthy cause.,It was a primary cause.,cause,cause,Different Sense,0.04153686761856079,24,2.352941176,6,6,0,405334016,EleutherAI/pythia-410m,step8,seed6,6,8
It was a political cause.,It was a main cause.,cause,cause,Different Sense,0.0,0,2.5,6,6,0,405334016,EleutherAI/pythia-410m,step8,seed6,6,8
It was a political cause.,It was a main cause.,cause,cause,Different Sense,0.026290416717529297,1,2.5,6,6,0,405334016,EleutherAI/pythia-410m,step8,seed6,6,8
It was a political cause.,It was a main cause.,cause,cause,Different Sense,0.038901686668395996,2,2.5,6,6,0,405334016,EleutherAI/pythia-410m,step8,seed6,6,8
It was a political cause.,It was a main cause.,cause,cause,Different Sense,0.04249507188796997,3,2.5,6,6,0,405334016,EleutherAI/pythia-410m,step8,seed6,6,8
It was a political cause.,It was a main cause.,cause,cause,Different Sense,0.046127140522003174,4,2.5,6,6,0,405334016,EleutherAI/pythia-410m,step8,seed6,6,8
It was a political cause.,It was a main cause.,cause,cause,Different Sense,0.04808872938156128,5,2.5,6,6,0,405334016,EleutherAI/pythia-410m,step8,seed6,6,8
It was a political cause.,It was a main cause.,cause,cause,Different Sense,0.04733777046203613,6,2.5,6,6,0,405334016,EleutherAI/pythia-410m,step8,seed6,6,8
It was a political cause.,It was a main cause.,cause,cause,Different Sense,0.04789113998413086,7,2.5,6,6,0,405334016,EleutherAI/pythia-410m,step8,seed6,6,8
It was a political cause.,It was a main cause.,cause,cause,Different Sense,0.04865139722824097,8,2.5,6,6,0,405334016,EleutherAI/pythia-410m,step8,seed6,6,8
It was a political cause.,It was a main cause.,cause,cause,Different Sense,0.05236697196960449,9,2.5,6,6,0,405334016,EleutherAI/pythia-410m,step8,seed6,6,8
It was a political cause.,It was a main cause.,cause,cause,Different Sense,0.052444279193878174,10,2.5,6,6,0,405334016,EleutherAI/pythia-410m,step8,seed6,6,8
It was a political cause.,It was a main cause.,cause,cause,Different Sense,0.05349224805831909,11,2.5,6,6,0,405334016,EleutherAI/pythia-410m,step8,seed6,6,8
It was a political cause.,It was a main cause.,cause,cause,Different Sense,0.05369377136230469,12,2.5,6,6,0,405334016,EleutherAI/pythia-410m,step8,seed6,6,8
It was a political cause.,It was a main cause.,cause,cause,Different Sense,0.052997469902038574,13,2.5,6,6,0,405334016,EleutherAI/pythia-410m,step8,seed6,6,8
It was a political cause.,It was a main cause.,cause,cause,Different Sense,0.052265703678131104,14,2.5,6,6,0,405334016,EleutherAI/pythia-410m,step8,seed6,6,8
It was a political cause.,It was a main cause.,cause,cause,Different Sense,0.050438523292541504,15,2.5,6,6,0,405334016,EleutherAI/pythia-410m,step8,seed6,6,8
It was a political cause.,It was a main cause.,cause,cause,Different Sense,0.05060845613479614,16,2.5,6,6,0,405334016,EleutherAI/pythia-410m,step8,seed6,6,8
It was a political cause.,It was a main cause.,cause,cause,Different Sense,0.051527976989746094,17,2.5,6,6,0,405334016,EleutherAI/pythia-410m,step8,seed6,6,8
It was a political cause.,It was a main cause.,cause,cause,Different Sense,0.05148041248321533,18,2.5,6,6,0,405334016,EleutherAI/pythia-410m,step8,seed6,6,8
It was a political cause.,It was a main cause.,cause,cause,Different Sense,0.05104339122772217,19,2.5,6,6,0,405334016,EleutherAI/pythia-410m,step8,seed6,6,8
It was a political cause.,It was a main cause.,cause,cause,Different Sense,0.05067664384841919,20,2.5,6,6,0,405334016,EleutherAI/pythia-410m,step8,seed6,6,8
It was a political cause.,It was a main cause.,cause,cause,Different Sense,0.05127406120300293,21,2.5,6,6,0,405334016,EleutherAI/pythia-410m,step8,seed6,6,8
It was a political cause.,It was a main cause.,cause,cause,Different Sense,0.05068075656890869,22,2.5,6,6,0,405334016,EleutherAI/pythia-410m,step8,seed6,6,8
It was a political cause.,It was a main cause.,cause,cause,Different Sense,0.04986739158630371,23,2.5,6,6,0,405334016,EleutherAI/pythia-410m,step8,seed6,6,8
It was a political cause.,It was a main cause.,cause,cause,Different Sense,0.050769686698913574,24,2.5,6,6,0,405334016,EleutherAI/pythia-410m,step8,seed6,6,8
It was a political cause.,It was a primary cause.,cause,cause,Different Sense,0.0,0,2.071428571,6,6,0,405334016,EleutherAI/pythia-410m,step8,seed6,6,8
It was a political cause.,It was a primary cause.,cause,cause,Different Sense,0.026412129402160645,1,2.071428571,6,6,0,405334016,EleutherAI/pythia-410m,step8,seed6,6,8
It was a political cause.,It was a primary cause.,cause,cause,Different Sense,0.03366118669509888,2,2.071428571,6,6,0,405334016,EleutherAI/pythia-410m,step8,seed6,6,8
It was a political cause.,It was a primary cause.,cause,cause,Different Sense,0.037169575691223145,3,2.071428571,6,6,0,405334016,EleutherAI/pythia-410m,step8,seed6,6,8
It was a political cause.,It was a primary cause.,cause,cause,Different Sense,0.04048895835876465,4,2.071428571,6,6,0,405334016,EleutherAI/pythia-410m,step8,seed6,6,8
It was a political cause.,It was a primary cause.,cause,cause,Different Sense,0.0437999963760376,5,2.071428571,6,6,0,405334016,EleutherAI/pythia-410m,step8,seed6,6,8
It was a political cause.,It was a primary cause.,cause,cause,Different Sense,0.04665195941925049,6,2.071428571,6,6,0,405334016,EleutherAI/pythia-410m,step8,seed6,6,8
It was a political cause.,It was a primary cause.,cause,cause,Different Sense,0.04558980464935303,7,2.071428571,6,6,0,405334016,EleutherAI/pythia-410m,step8,seed6,6,8
It was a political cause.,It was a primary cause.,cause,cause,Different Sense,0.046016812324523926,8,2.071428571,6,6,0,405334016,EleutherAI/pythia-410m,step8,seed6,6,8
It was a political cause.,It was a primary cause.,cause,cause,Different Sense,0.04804950952529907,9,2.071428571,6,6,0,405334016,EleutherAI/pythia-410m,step8,seed6,6,8
It was a political cause.,It was a primary cause.,cause,cause,Different Sense,0.0485454797744751,10,2.071428571,6,6,0,405334016,EleutherAI/pythia-410m,step8,seed6,6,8
It was a political cause.,It was a primary cause.,cause,cause,Different Sense,0.04882258176803589,11,2.071428571,6,6,0,405334016,EleutherAI/pythia-410m,step8,seed6,6,8
It was a political cause.,It was a primary cause.,cause,cause,Different Sense,0.049086689949035645,12,2.071428571,6,6,0,405334016,EleutherAI/pythia-410m,step8,seed6,6,8
It was a political cause.,It was a primary cause.,cause,cause,Different Sense,0.04838752746582031,13,2.071428571,6,6,0,405334016,EleutherAI/pythia-410m,step8,seed6,6,8
It was a political cause.,It was a primary cause.,cause,cause,Different Sense,0.04718214273452759,14,2.071428571,6,6,0,405334016,EleutherAI/pythia-410m,step8,seed6,6,8
It was a political cause.,It was a primary cause.,cause,cause,Different Sense,0.04610633850097656,15,2.071428571,6,6,0,405334016,EleutherAI/pythia-410m,step8,seed6,6,8
It was a political cause.,It was a primary cause.,cause,cause,Different Sense,0.04645329713821411,16,2.071428571,6,6,0,405334016,EleutherAI/pythia-410m,step8,seed6,6,8
It was a political cause.,It was a primary cause.,cause,cause,Different Sense,0.046112895011901855,17,2.071428571,6,6,0,405334016,EleutherAI/pythia-410m,step8,seed6,6,8
It was a political cause.,It was a primary cause.,cause,cause,Different Sense,0.046006619930267334,18,2.071428571,6,6,0,405334016,EleutherAI/pythia-410m,step8,seed6,6,8
It was a political cause.,It was a primary cause.,cause,cause,Different Sense,0.04470360279083252,19,2.071428571,6,6,0,405334016,EleutherAI/pythia-410m,step8,seed6,6,8
It was a political cause.,It was a primary cause.,cause,cause,Different Sense,0.04499936103820801,20,2.071428571,6,6,0,405334016,EleutherAI/pythia-410m,step8,seed6,6,8
It was a political cause.,It was a primary cause.,cause,cause,Different Sense,0.046053171157836914,21,2.071428571,6,6,0,405334016,EleutherAI/pythia-410m,step8,seed6,6,8
It was a political cause.,It was a primary cause.,cause,cause,Different Sense,0.045008957386016846,22,2.071428571,6,6,0,405334016,EleutherAI/pythia-410m,step8,seed6,6,8
It was a political cause.,It was a primary cause.,cause,cause,Different Sense,0.043824076652526855,23,2.071428571,6,6,0,405334016,EleutherAI/pythia-410m,step8,seed6,6,8
It was a political cause.,It was a primary cause.,cause,cause,Different Sense,0.043827056884765625,24,2.071428571,6,6,0,405334016,EleutherAI/pythia-410m,step8,seed6,6,8
It was a worthy cause.,It was a political cause.,cause,cause,Same Sense,0.0,0,3.461538462,6,6,0,405334016,EleutherAI/pythia-410m,step8,seed6,6,8
It was a worthy cause.,It was a political cause.,cause,cause,Same Sense,0.03045278787612915,1,3.461538462,6,6,0,405334016,EleutherAI/pythia-410m,step8,seed6,6,8
It was a worthy cause.,It was a political cause.,cause,cause,Same Sense,0.03924357891082764,2,3.461538462,6,6,0,405334016,EleutherAI/pythia-410m,step8,seed6,6,8
It was a worthy cause.,It was a political cause.,cause,cause,Same Sense,0.04172539710998535,3,3.461538462,6,6,0,405334016,EleutherAI/pythia-410m,step8,seed6,6,8
It was a worthy cause.,It was a political cause.,cause,cause,Same Sense,0.046092331409454346,4,3.461538462,6,6,0,405334016,EleutherAI/pythia-410m,step8,seed6,6,8
It was a worthy cause.,It was a political cause.,cause,cause,Same Sense,0.051775336265563965,5,3.461538462,6,6,0,405334016,EleutherAI/pythia-410m,step8,seed6,6,8
It was a worthy cause.,It was a political cause.,cause,cause,Same Sense,0.052949607372283936,6,3.461538462,6,6,0,405334016,EleutherAI/pythia-410m,step8,seed6,6,8
It was a worthy cause.,It was a political cause.,cause,cause,Same Sense,0.05235922336578369,7,3.461538462,6,6,0,405334016,EleutherAI/pythia-410m,step8,seed6,6,8
It was a worthy cause.,It was a political cause.,cause,cause,Same Sense,0.05317246913909912,8,3.461538462,6,6,0,405334016,EleutherAI/pythia-410m,step8,seed6,6,8
It was a worthy cause.,It was a political cause.,cause,cause,Same Sense,0.05556446313858032,9,3.461538462,6,6,0,405334016,EleutherAI/pythia-410m,step8,seed6,6,8
It was a worthy cause.,It was a political cause.,cause,cause,Same Sense,0.056817829608917236,10,3.461538462,6,6,0,405334016,EleutherAI/pythia-410m,step8,seed6,6,8
It was a worthy cause.,It was a political cause.,cause,cause,Same Sense,0.05704545974731445,11,3.461538462,6,6,0,405334016,EleutherAI/pythia-410m,step8,seed6,6,8
It was a worthy cause.,It was a political cause.,cause,cause,Same Sense,0.05692845582962036,12,3.461538462,6,6,0,405334016,EleutherAI/pythia-410m,step8,seed6,6,8
It was a worthy cause.,It was a political cause.,cause,cause,Same Sense,0.05793088674545288,13,3.461538462,6,6,0,405334016,EleutherAI/pythia-410m,step8,seed6,6,8
It was a worthy cause.,It was a political cause.,cause,cause,Same Sense,0.058674156665802,14,3.461538462,6,6,0,405334016,EleutherAI/pythia-410m,step8,seed6,6,8
It was a worthy cause.,It was a political cause.,cause,cause,Same Sense,0.056935787200927734,15,3.461538462,6,6,0,405334016,EleutherAI/pythia-410m,step8,seed6,6,8
It was a worthy cause.,It was a political cause.,cause,cause,Same Sense,0.0561070442199707,16,3.461538462,6,6,0,405334016,EleutherAI/pythia-410m,step8,seed6,6,8
It was a worthy cause.,It was a political cause.,cause,cause,Same Sense,0.05780351161956787,17,3.461538462,6,6,0,405334016,EleutherAI/pythia-410m,step8,seed6,6,8
It was a worthy cause.,It was a political cause.,cause,cause,Same Sense,0.05734395980834961,18,3.461538462,6,6,0,405334016,EleutherAI/pythia-410m,step8,seed6,6,8
It was a worthy cause.,It was a political cause.,cause,cause,Same Sense,0.05558055639266968,19,3.461538462,6,6,0,405334016,EleutherAI/pythia-410m,step8,seed6,6,8
It was a worthy cause.,It was a political cause.,cause,cause,Same Sense,0.05528515577316284,20,3.461538462,6,6,0,405334016,EleutherAI/pythia-410m,step8,seed6,6,8
It was a worthy cause.,It was a political cause.,cause,cause,Same Sense,0.05620777606964111,21,3.461538462,6,6,0,405334016,EleutherAI/pythia-410m,step8,seed6,6,8
It was a worthy cause.,It was a political cause.,cause,cause,Same Sense,0.05524647235870361,22,3.461538462,6,6,0,405334016,EleutherAI/pythia-410m,step8,seed6,6,8
It was a worthy cause.,It was a political cause.,cause,cause,Same Sense,0.053753554821014404,23,3.461538462,6,6,0,405334016,EleutherAI/pythia-410m,step8,seed6,6,8
It was a worthy cause.,It was a political cause.,cause,cause,Same Sense,0.05425834655761719,24,3.461538462,6,6,0,405334016,EleutherAI/pythia-410m,step8,seed6,6,8
It was a main cause.,It was a primary cause.,cause,cause,Same Sense,0.0,0,4.0,6,6,0,405334016,EleutherAI/pythia-410m,step8,seed6,6,8
It was a main cause.,It was a primary cause.,cause,cause,Same Sense,0.02541053295135498,1,4.0,6,6,0,405334016,EleutherAI/pythia-410m,step8,seed6,6,8
It was a main cause.,It was a primary cause.,cause,cause,Same Sense,0.03494387865066528,2,4.0,6,6,0,405334016,EleutherAI/pythia-410m,step8,seed6,6,8
It was a main cause.,It was a primary cause.,cause,cause,Same Sense,0.0372355580329895,3,4.0,6,6,0,405334016,EleutherAI/pythia-410m,step8,seed6,6,8
It was a main cause.,It was a primary cause.,cause,cause,Same Sense,0.04110664129257202,4,4.0,6,6,0,405334016,EleutherAI/pythia-410m,step8,seed6,6,8
It was a main cause.,It was a primary cause.,cause,cause,Same Sense,0.042493999004364014,5,4.0,6,6,0,405334016,EleutherAI/pythia-410m,step8,seed6,6,8
It was a main cause.,It was a primary cause.,cause,cause,Same Sense,0.04364895820617676,6,4.0,6,6,0,405334016,EleutherAI/pythia-410m,step8,seed6,6,8
It was a main cause.,It was a primary cause.,cause,cause,Same Sense,0.04274857044219971,7,4.0,6,6,0,405334016,EleutherAI/pythia-410m,step8,seed6,6,8
It was a main cause.,It was a primary cause.,cause,cause,Same Sense,0.04265141487121582,8,4.0,6,6,0,405334016,EleutherAI/pythia-410m,step8,seed6,6,8
It was a main cause.,It was a primary cause.,cause,cause,Same Sense,0.04376792907714844,9,4.0,6,6,0,405334016,EleutherAI/pythia-410m,step8,seed6,6,8
It was a main cause.,It was a primary cause.,cause,cause,Same Sense,0.042968809604644775,10,4.0,6,6,0,405334016,EleutherAI/pythia-410m,step8,seed6,6,8
It was a main cause.,It was a primary cause.,cause,cause,Same Sense,0.04216206073760986,11,4.0,6,6,0,405334016,EleutherAI/pythia-410m,step8,seed6,6,8
It was a main cause.,It was a primary cause.,cause,cause,Same Sense,0.042206764221191406,12,4.0,6,6,0,405334016,EleutherAI/pythia-410m,step8,seed6,6,8
It was a main cause.,It was a primary cause.,cause,cause,Same Sense,0.039364755153656006,13,4.0,6,6,0,405334016,EleutherAI/pythia-410m,step8,seed6,6,8
It was a main cause.,It was a primary cause.,cause,cause,Same Sense,0.037501394748687744,14,4.0,6,6,0,405334016,EleutherAI/pythia-410m,step8,seed6,6,8
It was a main cause.,It was a primary cause.,cause,cause,Same Sense,0.03722578287124634,15,4.0,6,6,0,405334016,EleutherAI/pythia-410m,step8,seed6,6,8
It was a main cause.,It was a primary cause.,cause,cause,Same Sense,0.03724539279937744,16,4.0,6,6,0,405334016,EleutherAI/pythia-410m,step8,seed6,6,8
It was a main cause.,It was a primary cause.,cause,cause,Same Sense,0.037043213844299316,17,4.0,6,6,0,405334016,EleutherAI/pythia-410m,step8,seed6,6,8
It was a main cause.,It was a primary cause.,cause,cause,Same Sense,0.03667747974395752,18,4.0,6,6,0,405334016,EleutherAI/pythia-410m,step8,seed6,6,8
It was a main cause.,It was a primary cause.,cause,cause,Same Sense,0.03518611192703247,19,4.0,6,6,0,405334016,EleutherAI/pythia-410m,step8,seed6,6,8
It was a main cause.,It was a primary cause.,cause,cause,Same Sense,0.03522825241088867,20,4.0,6,6,0,405334016,EleutherAI/pythia-410m,step8,seed6,6,8
It was a main cause.,It was a primary cause.,cause,cause,Same Sense,0.03635847568511963,21,4.0,6,6,0,405334016,EleutherAI/pythia-410m,step8,seed6,6,8
It was a main cause.,It was a primary cause.,cause,cause,Same Sense,0.036435723304748535,22,4.0,6,6,0,405334016,EleutherAI/pythia-410m,step8,seed6,6,8
It was a main cause.,It was a primary cause.,cause,cause,Same Sense,0.03538411855697632,23,4.0,6,6,0,405334016,EleutherAI/pythia-410m,step8,seed6,6,8
It was a main cause.,It was a primary cause.,cause,cause,Same Sense,0.0360492467880249,24,4.0,6,6,0,405334016,EleutherAI/pythia-410m,step8,seed6,6,8
It was a skin cell.,It was a prison cell.,cell,cell,Different Sense,0.0,0,0.2,6,6,0,405334016,EleutherAI/pythia-410m,step8,seed6,6,8
It was a skin cell.,It was a prison cell.,cell,cell,Different Sense,0.0254860520362854,1,0.2,6,6,0,405334016,EleutherAI/pythia-410m,step8,seed6,6,8
It was a skin cell.,It was a prison cell.,cell,cell,Different Sense,0.03846156597137451,2,0.2,6,6,0,405334016,EleutherAI/pythia-410m,step8,seed6,6,8
It was a skin cell.,It was a prison cell.,cell,cell,Different Sense,0.037590086460113525,3,0.2,6,6,0,405334016,EleutherAI/pythia-410m,step8,seed6,6,8
It was a skin cell.,It was a prison cell.,cell,cell,Different Sense,0.03760635852813721,4,0.2,6,6,0,405334016,EleutherAI/pythia-410m,step8,seed6,6,8
It was a skin cell.,It was a prison cell.,cell,cell,Different Sense,0.039309680461883545,5,0.2,6,6,0,405334016,EleutherAI/pythia-410m,step8,seed6,6,8
It was a skin cell.,It was a prison cell.,cell,cell,Different Sense,0.039882779121398926,6,0.2,6,6,0,405334016,EleutherAI/pythia-410m,step8,seed6,6,8
It was a skin cell.,It was a prison cell.,cell,cell,Different Sense,0.03923600912094116,7,0.2,6,6,0,405334016,EleutherAI/pythia-410m,step8,seed6,6,8
It was a skin cell.,It was a prison cell.,cell,cell,Different Sense,0.03835153579711914,8,0.2,6,6,0,405334016,EleutherAI/pythia-410m,step8,seed6,6,8
It was a skin cell.,It was a prison cell.,cell,cell,Different Sense,0.038534700870513916,9,0.2,6,6,0,405334016,EleutherAI/pythia-410m,step8,seed6,6,8
It was a skin cell.,It was a prison cell.,cell,cell,Different Sense,0.03902637958526611,10,0.2,6,6,0,405334016,EleutherAI/pythia-410m,step8,seed6,6,8
It was a skin cell.,It was a prison cell.,cell,cell,Different Sense,0.03929334878921509,11,0.2,6,6,0,405334016,EleutherAI/pythia-410m,step8,seed6,6,8
It was a skin cell.,It was a prison cell.,cell,cell,Different Sense,0.03689926862716675,12,0.2,6,6,0,405334016,EleutherAI/pythia-410m,step8,seed6,6,8
It was a skin cell.,It was a prison cell.,cell,cell,Different Sense,0.03737694025039673,13,0.2,6,6,0,405334016,EleutherAI/pythia-410m,step8,seed6,6,8
It was a skin cell.,It was a prison cell.,cell,cell,Different Sense,0.036347806453704834,14,0.2,6,6,0,405334016,EleutherAI/pythia-410m,step8,seed6,6,8
It was a skin cell.,It was a prison cell.,cell,cell,Different Sense,0.035443902015686035,15,0.2,6,6,0,405334016,EleutherAI/pythia-410m,step8,seed6,6,8
It was a skin cell.,It was a prison cell.,cell,cell,Different Sense,0.035293757915496826,16,0.2,6,6,0,405334016,EleutherAI/pythia-410m,step8,seed6,6,8
It was a skin cell.,It was a prison cell.,cell,cell,Different Sense,0.03468501567840576,17,0.2,6,6,0,405334016,EleutherAI/pythia-410m,step8,seed6,6,8
It was a skin cell.,It was a prison cell.,cell,cell,Different Sense,0.034506380558013916,18,0.2,6,6,0,405334016,EleutherAI/pythia-410m,step8,seed6,6,8
It was a skin cell.,It was a prison cell.,cell,cell,Different Sense,0.03314638137817383,19,0.2,6,6,0,405334016,EleutherAI/pythia-410m,step8,seed6,6,8
It was a skin cell.,It was a prison cell.,cell,cell,Different Sense,0.0324893593788147,20,0.2,6,6,0,405334016,EleutherAI/pythia-410m,step8,seed6,6,8
It was a skin cell.,It was a prison cell.,cell,cell,Different Sense,0.032747864723205566,21,0.2,6,6,0,405334016,EleutherAI/pythia-410m,step8,seed6,6,8
It was a skin cell.,It was a prison cell.,cell,cell,Different Sense,0.03163272142410278,22,0.2,6,6,0,405334016,EleutherAI/pythia-410m,step8,seed6,6,8
It was a skin cell.,It was a prison cell.,cell,cell,Different Sense,0.030750513076782227,23,0.2,6,6,0,405334016,EleutherAI/pythia-410m,step8,seed6,6,8
It was a skin cell.,It was a prison cell.,cell,cell,Different Sense,0.03028702735900879,24,0.2,6,6,0,405334016,EleutherAI/pythia-410m,step8,seed6,6,8
It was a skin cell.,It was a jail cell.,cell,cell,Different Sense,0.0,0,0.428571429,6,6,0,405334016,EleutherAI/pythia-410m,step8,seed6,6,8
It was a skin cell.,It was a jail cell.,cell,cell,Different Sense,0.0258253812789917,1,0.428571429,6,6,0,405334016,EleutherAI/pythia-410m,step8,seed6,6,8
It was a skin cell.,It was a jail cell.,cell,cell,Different Sense,0.03868734836578369,2,0.428571429,6,6,0,405334016,EleutherAI/pythia-410m,step8,seed6,6,8
It was a skin cell.,It was a jail cell.,cell,cell,Different Sense,0.040221571922302246,3,0.428571429,6,6,0,405334016,EleutherAI/pythia-410m,step8,seed6,6,8
It was a skin cell.,It was a jail cell.,cell,cell,Different Sense,0.04181116819381714,4,0.428571429,6,6,0,405334016,EleutherAI/pythia-410m,step8,seed6,6,8
It was a skin cell.,It was a jail cell.,cell,cell,Different Sense,0.0439763069152832,5,0.428571429,6,6,0,405334016,EleutherAI/pythia-410m,step8,seed6,6,8
It was a skin cell.,It was a jail cell.,cell,cell,Different Sense,0.04479086399078369,6,0.428571429,6,6,0,405334016,EleutherAI/pythia-410m,step8,seed6,6,8
It was a skin cell.,It was a jail cell.,cell,cell,Different Sense,0.04230356216430664,7,0.428571429,6,6,0,405334016,EleutherAI/pythia-410m,step8,seed6,6,8
It was a skin cell.,It was a jail cell.,cell,cell,Different Sense,0.0426868200302124,8,0.428571429,6,6,0,405334016,EleutherAI/pythia-410m,step8,seed6,6,8
It was a skin cell.,It was a jail cell.,cell,cell,Different Sense,0.041595399379730225,9,0.428571429,6,6,0,405334016,EleutherAI/pythia-410m,step8,seed6,6,8
It was a skin cell.,It was a jail cell.,cell,cell,Different Sense,0.042446255683898926,10,0.428571429,6,6,0,405334016,EleutherAI/pythia-410m,step8,seed6,6,8
It was a skin cell.,It was a jail cell.,cell,cell,Different Sense,0.043098390102386475,11,0.428571429,6,6,0,405334016,EleutherAI/pythia-410m,step8,seed6,6,8
It was a skin cell.,It was a jail cell.,cell,cell,Different Sense,0.04212874174118042,12,0.428571429,6,6,0,405334016,EleutherAI/pythia-410m,step8,seed6,6,8
It was a skin cell.,It was a jail cell.,cell,cell,Different Sense,0.04190951585769653,13,0.428571429,6,6,0,405334016,EleutherAI/pythia-410m,step8,seed6,6,8
It was a skin cell.,It was a jail cell.,cell,cell,Different Sense,0.03994637727737427,14,0.428571429,6,6,0,405334016,EleutherAI/pythia-410m,step8,seed6,6,8
It was a skin cell.,It was a jail cell.,cell,cell,Different Sense,0.03935343027114868,15,0.428571429,6,6,0,405334016,EleutherAI/pythia-410m,step8,seed6,6,8
It was a skin cell.,It was a jail cell.,cell,cell,Different Sense,0.038648009300231934,16,0.428571429,6,6,0,405334016,EleutherAI/pythia-410m,step8,seed6,6,8
It was a skin cell.,It was a jail cell.,cell,cell,Different Sense,0.038837313652038574,17,0.428571429,6,6,0,405334016,EleutherAI/pythia-410m,step8,seed6,6,8
It was a skin cell.,It was a jail cell.,cell,cell,Different Sense,0.038154661655426025,18,0.428571429,6,6,0,405334016,EleutherAI/pythia-410m,step8,seed6,6,8
It was a skin cell.,It was a jail cell.,cell,cell,Different Sense,0.03574562072753906,19,0.428571429,6,6,0,405334016,EleutherAI/pythia-410m,step8,seed6,6,8
It was a skin cell.,It was a jail cell.,cell,cell,Different Sense,0.03534364700317383,20,0.428571429,6,6,0,405334016,EleutherAI/pythia-410m,step8,seed6,6,8
It was a skin cell.,It was a jail cell.,cell,cell,Different Sense,0.03488719463348389,21,0.428571429,6,6,0,405334016,EleutherAI/pythia-410m,step8,seed6,6,8
It was a skin cell.,It was a jail cell.,cell,cell,Different Sense,0.034323155879974365,22,0.428571429,6,6,0,405334016,EleutherAI/pythia-410m,step8,seed6,6,8
It was a skin cell.,It was a jail cell.,cell,cell,Different Sense,0.03319227695465088,23,0.428571429,6,6,0,405334016,EleutherAI/pythia-410m,step8,seed6,6,8
It was a skin cell.,It was a jail cell.,cell,cell,Different Sense,0.03278040885925293,24,0.428571429,6,6,0,405334016,EleutherAI/pythia-410m,step8,seed6,6,8
It was a brain cell.,It was a prison cell.,cell,cell,Different Sense,0.0,0,0.272727273,6,6,0,405334016,EleutherAI/pythia-410m,step8,seed6,6,8
It was a brain cell.,It was a prison cell.,cell,cell,Different Sense,0.025128722190856934,1,0.272727273,6,6,0,405334016,EleutherAI/pythia-410m,step8,seed6,6,8
It was a brain cell.,It was a prison cell.,cell,cell,Different Sense,0.041063785552978516,2,0.272727273,6,6,0,405334016,EleutherAI/pythia-410m,step8,seed6,6,8
It was a brain cell.,It was a prison cell.,cell,cell,Different Sense,0.04043710231781006,3,0.272727273,6,6,0,405334016,EleutherAI/pythia-410m,step8,seed6,6,8
It was a brain cell.,It was a prison cell.,cell,cell,Different Sense,0.04126185178756714,4,0.272727273,6,6,0,405334016,EleutherAI/pythia-410m,step8,seed6,6,8
It was a brain cell.,It was a prison cell.,cell,cell,Different Sense,0.0425494909286499,5,0.272727273,6,6,0,405334016,EleutherAI/pythia-410m,step8,seed6,6,8
It was a brain cell.,It was a prison cell.,cell,cell,Different Sense,0.04350382089614868,6,0.272727273,6,6,0,405334016,EleutherAI/pythia-410m,step8,seed6,6,8
It was a brain cell.,It was a prison cell.,cell,cell,Different Sense,0.04166102409362793,7,0.272727273,6,6,0,405334016,EleutherAI/pythia-410m,step8,seed6,6,8
It was a brain cell.,It was a prison cell.,cell,cell,Different Sense,0.04165029525756836,8,0.272727273,6,6,0,405334016,EleutherAI/pythia-410m,step8,seed6,6,8
It was a brain cell.,It was a prison cell.,cell,cell,Different Sense,0.04058384895324707,9,0.272727273,6,6,0,405334016,EleutherAI/pythia-410m,step8,seed6,6,8
It was a brain cell.,It was a prison cell.,cell,cell,Different Sense,0.04160255193710327,10,0.272727273,6,6,0,405334016,EleutherAI/pythia-410m,step8,seed6,6,8
It was a brain cell.,It was a prison cell.,cell,cell,Different Sense,0.041576385498046875,11,0.272727273,6,6,0,405334016,EleutherAI/pythia-410m,step8,seed6,6,8
It was a brain cell.,It was a prison cell.,cell,cell,Different Sense,0.04065316915512085,12,0.272727273,6,6,0,405334016,EleutherAI/pythia-410m,step8,seed6,6,8
It was a brain cell.,It was a prison cell.,cell,cell,Different Sense,0.04241377115249634,13,0.272727273,6,6,0,405334016,EleutherAI/pythia-410m,step8,seed6,6,8
It was a brain cell.,It was a prison cell.,cell,cell,Different Sense,0.041517674922943115,14,0.272727273,6,6,0,405334016,EleutherAI/pythia-410m,step8,seed6,6,8
It was a brain cell.,It was a prison cell.,cell,cell,Different Sense,0.041229426860809326,15,0.272727273,6,6,0,405334016,EleutherAI/pythia-410m,step8,seed6,6,8
It was a brain cell.,It was a prison cell.,cell,cell,Different Sense,0.040680110454559326,16,0.272727273,6,6,0,405334016,EleutherAI/pythia-410m,step8,seed6,6,8
It was a brain cell.,It was a prison cell.,cell,cell,Different Sense,0.0405426025390625,17,0.272727273,6,6,0,405334016,EleutherAI/pythia-410m,step8,seed6,6,8
It was a brain cell.,It was a prison cell.,cell,cell,Different Sense,0.039560139179229736,18,0.272727273,6,6,0,405334016,EleutherAI/pythia-410m,step8,seed6,6,8
It was a brain cell.,It was a prison cell.,cell,cell,Different Sense,0.038904666900634766,19,0.272727273,6,6,0,405334016,EleutherAI/pythia-410m,step8,seed6,6,8
It was a brain cell.,It was a prison cell.,cell,cell,Different Sense,0.038297414779663086,20,0.272727273,6,6,0,405334016,EleutherAI/pythia-410m,step8,seed6,6,8
It was a brain cell.,It was a prison cell.,cell,cell,Different Sense,0.0388835072517395,21,0.272727273,6,6,0,405334016,EleutherAI/pythia-410m,step8,seed6,6,8
It was a brain cell.,It was a prison cell.,cell,cell,Different Sense,0.03748893737792969,22,0.272727273,6,6,0,405334016,EleutherAI/pythia-410m,step8,seed6,6,8
It was a brain cell.,It was a prison cell.,cell,cell,Different Sense,0.037369608879089355,23,0.272727273,6,6,0,405334016,EleutherAI/pythia-410m,step8,seed6,6,8
It was a brain cell.,It was a prison cell.,cell,cell,Different Sense,0.03709077835083008,24,0.272727273,6,6,0,405334016,EleutherAI/pythia-410m,step8,seed6,6,8
It was a brain cell.,It was a jail cell.,cell,cell,Different Sense,0.0,0,0.133333333,6,6,0,405334016,EleutherAI/pythia-410m,step8,seed6,6,8
It was a brain cell.,It was a jail cell.,cell,cell,Different Sense,0.0226900577545166,1,0.133333333,6,6,0,405334016,EleutherAI/pythia-410m,step8,seed6,6,8
It was a brain cell.,It was a jail cell.,cell,cell,Different Sense,0.03541159629821777,2,0.133333333,6,6,0,405334016,EleutherAI/pythia-410m,step8,seed6,6,8
It was a brain cell.,It was a jail cell.,cell,cell,Different Sense,0.03767728805541992,3,0.133333333,6,6,0,405334016,EleutherAI/pythia-410m,step8,seed6,6,8
It was a brain cell.,It was a jail cell.,cell,cell,Different Sense,0.03698760271072388,4,0.133333333,6,6,0,405334016,EleutherAI/pythia-410m,step8,seed6,6,8
It was a brain cell.,It was a jail cell.,cell,cell,Different Sense,0.03871119022369385,5,0.133333333,6,6,0,405334016,EleutherAI/pythia-410m,step8,seed6,6,8
It was a brain cell.,It was a jail cell.,cell,cell,Different Sense,0.038683950901031494,6,0.133333333,6,6,0,405334016,EleutherAI/pythia-410m,step8,seed6,6,8
It was a brain cell.,It was a jail cell.,cell,cell,Different Sense,0.03790682554244995,7,0.133333333,6,6,0,405334016,EleutherAI/pythia-410m,step8,seed6,6,8
It was a brain cell.,It was a jail cell.,cell,cell,Different Sense,0.036816418170928955,8,0.133333333,6,6,0,405334016,EleutherAI/pythia-410m,step8,seed6,6,8
It was a brain cell.,It was a jail cell.,cell,cell,Different Sense,0.03607815504074097,9,0.133333333,6,6,0,405334016,EleutherAI/pythia-410m,step8,seed6,6,8
It was a brain cell.,It was a jail cell.,cell,cell,Different Sense,0.036874592304229736,10,0.133333333,6,6,0,405334016,EleutherAI/pythia-410m,step8,seed6,6,8
It was a brain cell.,It was a jail cell.,cell,cell,Different Sense,0.03637504577636719,11,0.133333333,6,6,0,405334016,EleutherAI/pythia-410m,step8,seed6,6,8
It was a brain cell.,It was a jail cell.,cell,cell,Different Sense,0.035907745361328125,12,0.133333333,6,6,0,405334016,EleutherAI/pythia-410m,step8,seed6,6,8
It was a brain cell.,It was a jail cell.,cell,cell,Different Sense,0.03687793016433716,13,0.133333333,6,6,0,405334016,EleutherAI/pythia-410m,step8,seed6,6,8
It was a brain cell.,It was a jail cell.,cell,cell,Different Sense,0.03621542453765869,14,0.133333333,6,6,0,405334016,EleutherAI/pythia-410m,step8,seed6,6,8
It was a brain cell.,It was a jail cell.,cell,cell,Different Sense,0.03568565845489502,15,0.133333333,6,6,0,405334016,EleutherAI/pythia-410m,step8,seed6,6,8
It was a brain cell.,It was a jail cell.,cell,cell,Different Sense,0.034609198570251465,16,0.133333333,6,6,0,405334016,EleutherAI/pythia-410m,step8,seed6,6,8
It was a brain cell.,It was a jail cell.,cell,cell,Different Sense,0.034691035747528076,17,0.133333333,6,6,0,405334016,EleutherAI/pythia-410m,step8,seed6,6,8
It was a brain cell.,It was a jail cell.,cell,cell,Different Sense,0.0344846248626709,18,0.133333333,6,6,0,405334016,EleutherAI/pythia-410m,step8,seed6,6,8
It was a brain cell.,It was a jail cell.,cell,cell,Different Sense,0.032659828662872314,19,0.133333333,6,6,0,405334016,EleutherAI/pythia-410m,step8,seed6,6,8
It was a brain cell.,It was a jail cell.,cell,cell,Different Sense,0.031910598278045654,20,0.133333333,6,6,0,405334016,EleutherAI/pythia-410m,step8,seed6,6,8
It was a brain cell.,It was a jail cell.,cell,cell,Different Sense,0.031869709491729736,21,0.133333333,6,6,0,405334016,EleutherAI/pythia-410m,step8,seed6,6,8
It was a brain cell.,It was a jail cell.,cell,cell,Different Sense,0.03091830015182495,22,0.133333333,6,6,0,405334016,EleutherAI/pythia-410m,step8,seed6,6,8
It was a brain cell.,It was a jail cell.,cell,cell,Different Sense,0.030177414417266846,23,0.133333333,6,6,0,405334016,EleutherAI/pythia-410m,step8,seed6,6,8
It was a brain cell.,It was a jail cell.,cell,cell,Different Sense,0.029919862747192383,24,0.133333333,6,6,0,405334016,EleutherAI/pythia-410m,step8,seed6,6,8
It was a skin cell.,It was a brain cell.,cell,cell,Same Sense,0.0,0,3.947368421,6,6,0,405334016,EleutherAI/pythia-410m,step8,seed6,6,8
It was a skin cell.,It was a brain cell.,cell,cell,Same Sense,0.02534782886505127,1,3.947368421,6,6,0,405334016,EleutherAI/pythia-410m,step8,seed6,6,8
It was a skin cell.,It was a brain cell.,cell,cell,Same Sense,0.04161787033081055,2,3.947368421,6,6,0,405334016,EleutherAI/pythia-410m,step8,seed6,6,8
It was a skin cell.,It was a brain cell.,cell,cell,Same Sense,0.04194074869155884,3,3.947368421,6,6,0,405334016,EleutherAI/pythia-410m,step8,seed6,6,8
It was a skin cell.,It was a brain cell.,cell,cell,Same Sense,0.04440605640411377,4,3.947368421,6,6,0,405334016,EleutherAI/pythia-410m,step8,seed6,6,8
It was a skin cell.,It was a brain cell.,cell,cell,Same Sense,0.04550129175186157,5,3.947368421,6,6,0,405334016,EleutherAI/pythia-410m,step8,seed6,6,8
It was a skin cell.,It was a brain cell.,cell,cell,Same Sense,0.04717916250228882,6,3.947368421,6,6,0,405334016,EleutherAI/pythia-410m,step8,seed6,6,8
It was a skin cell.,It was a brain cell.,cell,cell,Same Sense,0.046773433685302734,7,3.947368421,6,6,0,405334016,EleutherAI/pythia-410m,step8,seed6,6,8
It was a skin cell.,It was a brain cell.,cell,cell,Same Sense,0.046744465827941895,8,3.947368421,6,6,0,405334016,EleutherAI/pythia-410m,step8,seed6,6,8
It was a skin cell.,It was a brain cell.,cell,cell,Same Sense,0.04523026943206787,9,3.947368421,6,6,0,405334016,EleutherAI/pythia-410m,step8,seed6,6,8
It was a skin cell.,It was a brain cell.,cell,cell,Same Sense,0.04640322923660278,10,3.947368421,6,6,0,405334016,EleutherAI/pythia-410m,step8,seed6,6,8
It was a skin cell.,It was a brain cell.,cell,cell,Same Sense,0.04654783010482788,11,3.947368421,6,6,0,405334016,EleutherAI/pythia-410m,step8,seed6,6,8
It was a skin cell.,It was a brain cell.,cell,cell,Same Sense,0.04521530866622925,12,3.947368421,6,6,0,405334016,EleutherAI/pythia-410m,step8,seed6,6,8
It was a skin cell.,It was a brain cell.,cell,cell,Same Sense,0.046822428703308105,13,3.947368421,6,6,0,405334016,EleutherAI/pythia-410m,step8,seed6,6,8
It was a skin cell.,It was a brain cell.,cell,cell,Same Sense,0.04540222883224487,14,3.947368421,6,6,0,405334016,EleutherAI/pythia-410m,step8,seed6,6,8
It was a skin cell.,It was a brain cell.,cell,cell,Same Sense,0.04445117712020874,15,3.947368421,6,6,0,405334016,EleutherAI/pythia-410m,step8,seed6,6,8
It was a skin cell.,It was a brain cell.,cell,cell,Same Sense,0.043288588523864746,16,3.947368421,6,6,0,405334016,EleutherAI/pythia-410m,step8,seed6,6,8
It was a skin cell.,It was a brain cell.,cell,cell,Same Sense,0.04345202445983887,17,3.947368421,6,6,0,405334016,EleutherAI/pythia-410m,step8,seed6,6,8
It was a skin cell.,It was a brain cell.,cell,cell,Same Sense,0.04231470823287964,18,3.947368421,6,6,0,405334016,EleutherAI/pythia-410m,step8,seed6,6,8
It was a skin cell.,It was a brain cell.,cell,cell,Same Sense,0.04013478755950928,19,3.947368421,6,6,0,405334016,EleutherAI/pythia-410m,step8,seed6,6,8
It was a skin cell.,It was a brain cell.,cell,cell,Same Sense,0.03924751281738281,20,3.947368421,6,6,0,405334016,EleutherAI/pythia-410m,step8,seed6,6,8
It was a skin cell.,It was a brain cell.,cell,cell,Same Sense,0.039231836795806885,21,3.947368421,6,6,0,405334016,EleutherAI/pythia-410m,step8,seed6,6,8
It was a skin cell.,It was a brain cell.,cell,cell,Same Sense,0.03862881660461426,22,3.947368421,6,6,0,405334016,EleutherAI/pythia-410m,step8,seed6,6,8
It was a skin cell.,It was a brain cell.,cell,cell,Same Sense,0.037360548973083496,23,3.947368421,6,6,0,405334016,EleutherAI/pythia-410m,step8,seed6,6,8
It was a skin cell.,It was a brain cell.,cell,cell,Same Sense,0.03600412607192993,24,3.947368421,6,6,0,405334016,EleutherAI/pythia-410m,step8,seed6,6,8
It was a prison cell.,It was a jail cell.,cell,cell,Same Sense,0.0,0,4.0,6,6,0,405334016,EleutherAI/pythia-410m,step8,seed6,6,8
It was a prison cell.,It was a jail cell.,cell,cell,Same Sense,0.024155139923095703,1,4.0,6,6,0,405334016,EleutherAI/pythia-410m,step8,seed6,6,8
It was a prison cell.,It was a jail cell.,cell,cell,Same Sense,0.038443565368652344,2,4.0,6,6,0,405334016,EleutherAI/pythia-410m,step8,seed6,6,8
It was a prison cell.,It was a jail cell.,cell,cell,Same Sense,0.039825439453125,3,4.0,6,6,0,405334016,EleutherAI/pythia-410m,step8,seed6,6,8
It was a prison cell.,It was a jail cell.,cell,cell,Same Sense,0.04095196723937988,4,4.0,6,6,0,405334016,EleutherAI/pythia-410m,step8,seed6,6,8
It was a prison cell.,It was a jail cell.,cell,cell,Same Sense,0.04301100969314575,5,4.0,6,6,0,405334016,EleutherAI/pythia-410m,step8,seed6,6,8
It was a prison cell.,It was a jail cell.,cell,cell,Same Sense,0.04329800605773926,6,4.0,6,6,0,405334016,EleutherAI/pythia-410m,step8,seed6,6,8
It was a prison cell.,It was a jail cell.,cell,cell,Same Sense,0.040314674377441406,7,4.0,6,6,0,405334016,EleutherAI/pythia-410m,step8,seed6,6,8
It was a prison cell.,It was a jail cell.,cell,cell,Same Sense,0.039541661739349365,8,4.0,6,6,0,405334016,EleutherAI/pythia-410m,step8,seed6,6,8
It was a prison cell.,It was a jail cell.,cell,cell,Same Sense,0.037869393825531006,9,4.0,6,6,0,405334016,EleutherAI/pythia-410m,step8,seed6,6,8
It was a prison cell.,It was a jail cell.,cell,cell,Same Sense,0.03940314054489136,10,4.0,6,6,0,405334016,EleutherAI/pythia-410m,step8,seed6,6,8
It was a prison cell.,It was a jail cell.,cell,cell,Same Sense,0.04104721546173096,11,4.0,6,6,0,405334016,EleutherAI/pythia-410m,step8,seed6,6,8
It was a prison cell.,It was a jail cell.,cell,cell,Same Sense,0.0403897762298584,12,4.0,6,6,0,405334016,EleutherAI/pythia-410m,step8,seed6,6,8
It was a prison cell.,It was a jail cell.,cell,cell,Same Sense,0.041502416133880615,13,4.0,6,6,0,405334016,EleutherAI/pythia-410m,step8,seed6,6,8
It was a prison cell.,It was a jail cell.,cell,cell,Same Sense,0.04012894630432129,14,4.0,6,6,0,405334016,EleutherAI/pythia-410m,step8,seed6,6,8
It was a prison cell.,It was a jail cell.,cell,cell,Same Sense,0.03897416591644287,15,4.0,6,6,0,405334016,EleutherAI/pythia-410m,step8,seed6,6,8
It was a prison cell.,It was a jail cell.,cell,cell,Same Sense,0.03802996873855591,16,4.0,6,6,0,405334016,EleutherAI/pythia-410m,step8,seed6,6,8
It was a prison cell.,It was a jail cell.,cell,cell,Same Sense,0.03768795728683472,17,4.0,6,6,0,405334016,EleutherAI/pythia-410m,step8,seed6,6,8
It was a prison cell.,It was a jail cell.,cell,cell,Same Sense,0.03709602355957031,18,4.0,6,6,0,405334016,EleutherAI/pythia-410m,step8,seed6,6,8
It was a prison cell.,It was a jail cell.,cell,cell,Same Sense,0.03621363639831543,19,4.0,6,6,0,405334016,EleutherAI/pythia-410m,step8,seed6,6,8
It was a prison cell.,It was a jail cell.,cell,cell,Same Sense,0.035547614097595215,20,4.0,6,6,0,405334016,EleutherAI/pythia-410m,step8,seed6,6,8
It was a prison cell.,It was a jail cell.,cell,cell,Same Sense,0.03564143180847168,21,4.0,6,6,0,405334016,EleutherAI/pythia-410m,step8,seed6,6,8
It was a prison cell.,It was a jail cell.,cell,cell,Same Sense,0.0347520112991333,22,4.0,6,6,0,405334016,EleutherAI/pythia-410m,step8,seed6,6,8
It was a prison cell.,It was a jail cell.,cell,cell,Same Sense,0.0346638560295105,23,4.0,6,6,0,405334016,EleutherAI/pythia-410m,step8,seed6,6,8
It was a prison cell.,It was a jail cell.,cell,cell,Same Sense,0.03448820114135742,24,4.0,6,6,0,405334016,EleutherAI/pythia-410m,step8,seed6,6,8
She had a devilish charm.,She had a gold charm.,charm,charm,Different Sense,0.0,0,1.0,7,6,1,405334016,EleutherAI/pythia-410m,step8,seed6,6,8
She had a devilish charm.,She had a gold charm.,charm,charm,Different Sense,0.02972620725631714,1,1.0,7,6,1,405334016,EleutherAI/pythia-410m,step8,seed6,6,8
She had a devilish charm.,She had a gold charm.,charm,charm,Different Sense,0.04580855369567871,2,1.0,7,6,1,405334016,EleutherAI/pythia-410m,step8,seed6,6,8
She had a devilish charm.,She had a gold charm.,charm,charm,Different Sense,0.04861968755722046,3,1.0,7,6,1,405334016,EleutherAI/pythia-410m,step8,seed6,6,8
She had a devilish charm.,She had a gold charm.,charm,charm,Different Sense,0.05177241563796997,4,1.0,7,6,1,405334016,EleutherAI/pythia-410m,step8,seed6,6,8
She had a devilish charm.,She had a gold charm.,charm,charm,Different Sense,0.051858603954315186,5,1.0,7,6,1,405334016,EleutherAI/pythia-410m,step8,seed6,6,8
She had a devilish charm.,She had a gold charm.,charm,charm,Different Sense,0.05128270387649536,6,1.0,7,6,1,405334016,EleutherAI/pythia-410m,step8,seed6,6,8
She had a devilish charm.,She had a gold charm.,charm,charm,Different Sense,0.05111962556838989,7,1.0,7,6,1,405334016,EleutherAI/pythia-410m,step8,seed6,6,8
She had a devilish charm.,She had a gold charm.,charm,charm,Different Sense,0.05110853910446167,8,1.0,7,6,1,405334016,EleutherAI/pythia-410m,step8,seed6,6,8
She had a devilish charm.,She had a gold charm.,charm,charm,Different Sense,0.04893088340759277,9,1.0,7,6,1,405334016,EleutherAI/pythia-410m,step8,seed6,6,8
She had a devilish charm.,She had a gold charm.,charm,charm,Different Sense,0.05015158653259277,10,1.0,7,6,1,405334016,EleutherAI/pythia-410m,step8,seed6,6,8
She had a devilish charm.,She had a gold charm.,charm,charm,Different Sense,0.050254762172698975,11,1.0,7,6,1,405334016,EleutherAI/pythia-410m,step8,seed6,6,8
She had a devilish charm.,She had a gold charm.,charm,charm,Different Sense,0.05195605754852295,12,1.0,7,6,1,405334016,EleutherAI/pythia-410m,step8,seed6,6,8
She had a devilish charm.,She had a gold charm.,charm,charm,Different Sense,0.052467525005340576,13,1.0,7,6,1,405334016,EleutherAI/pythia-410m,step8,seed6,6,8
She had a devilish charm.,She had a gold charm.,charm,charm,Different Sense,0.05247914791107178,14,1.0,7,6,1,405334016,EleutherAI/pythia-410m,step8,seed6,6,8
She had a devilish charm.,She had a gold charm.,charm,charm,Different Sense,0.051512181758880615,15,1.0,7,6,1,405334016,EleutherAI/pythia-410m,step8,seed6,6,8
She had a devilish charm.,She had a gold charm.,charm,charm,Different Sense,0.05091303586959839,16,1.0,7,6,1,405334016,EleutherAI/pythia-410m,step8,seed6,6,8
She had a devilish charm.,She had a gold charm.,charm,charm,Different Sense,0.049816906452178955,17,1.0,7,6,1,405334016,EleutherAI/pythia-410m,step8,seed6,6,8
She had a devilish charm.,She had a gold charm.,charm,charm,Different Sense,0.048909664154052734,18,1.0,7,6,1,405334016,EleutherAI/pythia-410m,step8,seed6,6,8
She had a devilish charm.,She had a gold charm.,charm,charm,Different Sense,0.046697795391082764,19,1.0,7,6,1,405334016,EleutherAI/pythia-410m,step8,seed6,6,8
She had a devilish charm.,She had a gold charm.,charm,charm,Different Sense,0.0456690788269043,20,1.0,7,6,1,405334016,EleutherAI/pythia-410m,step8,seed6,6,8
She had a devilish charm.,She had a gold charm.,charm,charm,Different Sense,0.04542750120162964,21,1.0,7,6,1,405334016,EleutherAI/pythia-410m,step8,seed6,6,8
She had a devilish charm.,She had a gold charm.,charm,charm,Different Sense,0.04332047700881958,22,1.0,7,6,1,405334016,EleutherAI/pythia-410m,step8,seed6,6,8
She had a devilish charm.,She had a gold charm.,charm,charm,Different Sense,0.0425339937210083,23,1.0,7,6,1,405334016,EleutherAI/pythia-410m,step8,seed6,6,8
She had a devilish charm.,She had a gold charm.,charm,charm,Different Sense,0.04214179515838623,24,1.0,7,6,1,405334016,EleutherAI/pythia-410m,step8,seed6,6,8
She had a devilish charm.,She had a good-luck charm.,charm,charm,Different Sense,0.0,0,0.727272727,7,9,2,405334016,EleutherAI/pythia-410m,step8,seed6,6,8
She had a devilish charm.,She had a good-luck charm.,charm,charm,Different Sense,0.04178965091705322,1,0.727272727,7,9,2,405334016,EleutherAI/pythia-410m,step8,seed6,6,8
She had a devilish charm.,She had a good-luck charm.,charm,charm,Different Sense,0.06022226810455322,2,0.727272727,7,9,2,405334016,EleutherAI/pythia-410m,step8,seed6,6,8
She had a devilish charm.,She had a good-luck charm.,charm,charm,Different Sense,0.06694984436035156,3,0.727272727,7,9,2,405334016,EleutherAI/pythia-410m,step8,seed6,6,8
She had a devilish charm.,She had a good-luck charm.,charm,charm,Different Sense,0.06749749183654785,4,0.727272727,7,9,2,405334016,EleutherAI/pythia-410m,step8,seed6,6,8
She had a devilish charm.,She had a good-luck charm.,charm,charm,Different Sense,0.06646394729614258,5,0.727272727,7,9,2,405334016,EleutherAI/pythia-410m,step8,seed6,6,8
She had a devilish charm.,She had a good-luck charm.,charm,charm,Different Sense,0.06896603107452393,6,0.727272727,7,9,2,405334016,EleutherAI/pythia-410m,step8,seed6,6,8
She had a devilish charm.,She had a good-luck charm.,charm,charm,Different Sense,0.07129257917404175,7,0.727272727,7,9,2,405334016,EleutherAI/pythia-410m,step8,seed6,6,8
She had a devilish charm.,She had a good-luck charm.,charm,charm,Different Sense,0.07285010814666748,8,0.727272727,7,9,2,405334016,EleutherAI/pythia-410m,step8,seed6,6,8
She had a devilish charm.,She had a good-luck charm.,charm,charm,Different Sense,0.06958991289138794,9,0.727272727,7,9,2,405334016,EleutherAI/pythia-410m,step8,seed6,6,8
She had a devilish charm.,She had a good-luck charm.,charm,charm,Different Sense,0.06896036863327026,10,0.727272727,7,9,2,405334016,EleutherAI/pythia-410m,step8,seed6,6,8
She had a devilish charm.,She had a good-luck charm.,charm,charm,Different Sense,0.0705534815788269,11,0.727272727,7,9,2,405334016,EleutherAI/pythia-410m,step8,seed6,6,8
She had a devilish charm.,She had a good-luck charm.,charm,charm,Different Sense,0.07420283555984497,12,0.727272727,7,9,2,405334016,EleutherAI/pythia-410m,step8,seed6,6,8
She had a devilish charm.,She had a good-luck charm.,charm,charm,Different Sense,0.07434618473052979,13,0.727272727,7,9,2,405334016,EleutherAI/pythia-410m,step8,seed6,6,8
She had a devilish charm.,She had a good-luck charm.,charm,charm,Different Sense,0.07498657703399658,14,0.727272727,7,9,2,405334016,EleutherAI/pythia-410m,step8,seed6,6,8
She had a devilish charm.,She had a good-luck charm.,charm,charm,Different Sense,0.07444918155670166,15,0.727272727,7,9,2,405334016,EleutherAI/pythia-410m,step8,seed6,6,8
She had a devilish charm.,She had a good-luck charm.,charm,charm,Different Sense,0.0734444260597229,16,0.727272727,7,9,2,405334016,EleutherAI/pythia-410m,step8,seed6,6,8
She had a devilish charm.,She had a good-luck charm.,charm,charm,Different Sense,0.07406389713287354,17,0.727272727,7,9,2,405334016,EleutherAI/pythia-410m,step8,seed6,6,8
She had a devilish charm.,She had a good-luck charm.,charm,charm,Different Sense,0.07150894403457642,18,0.727272727,7,9,2,405334016,EleutherAI/pythia-410m,step8,seed6,6,8
She had a devilish charm.,She had a good-luck charm.,charm,charm,Different Sense,0.0687456727027893,19,0.727272727,7,9,2,405334016,EleutherAI/pythia-410m,step8,seed6,6,8
She had a devilish charm.,She had a good-luck charm.,charm,charm,Different Sense,0.06806939840316772,20,0.727272727,7,9,2,405334016,EleutherAI/pythia-410m,step8,seed6,6,8
She had a devilish charm.,She had a good-luck charm.,charm,charm,Different Sense,0.06895095109939575,21,0.727272727,7,9,2,405334016,EleutherAI/pythia-410m,step8,seed6,6,8
She had a devilish charm.,She had a good-luck charm.,charm,charm,Different Sense,0.0652768611907959,22,0.727272727,7,9,2,405334016,EleutherAI/pythia-410m,step8,seed6,6,8
She had a devilish charm.,She had a good-luck charm.,charm,charm,Different Sense,0.06333518028259277,23,0.727272727,7,9,2,405334016,EleutherAI/pythia-410m,step8,seed6,6,8
She had a devilish charm.,She had a good-luck charm.,charm,charm,Different Sense,0.06259465217590332,24,0.727272727,7,9,2,405334016,EleutherAI/pythia-410m,step8,seed6,6,8
She had a natural charm.,She had a gold charm.,charm,charm,Different Sense,0.0,0,0.588235294,6,6,0,405334016,EleutherAI/pythia-410m,step8,seed6,6,8
She had a natural charm.,She had a gold charm.,charm,charm,Different Sense,0.024516284465789795,1,0.588235294,6,6,0,405334016,EleutherAI/pythia-410m,step8,seed6,6,8
She had a natural charm.,She had a gold charm.,charm,charm,Different Sense,0.034728169441223145,2,0.588235294,6,6,0,405334016,EleutherAI/pythia-410m,step8,seed6,6,8
She had a natural charm.,She had a gold charm.,charm,charm,Different Sense,0.0359421968460083,3,0.588235294,6,6,0,405334016,EleutherAI/pythia-410m,step8,seed6,6,8
She had a natural charm.,She had a gold charm.,charm,charm,Different Sense,0.037925124168395996,4,0.588235294,6,6,0,405334016,EleutherAI/pythia-410m,step8,seed6,6,8
She had a natural charm.,She had a gold charm.,charm,charm,Different Sense,0.03735607862472534,5,0.588235294,6,6,0,405334016,EleutherAI/pythia-410m,step8,seed6,6,8
She had a natural charm.,She had a gold charm.,charm,charm,Different Sense,0.03788870573043823,6,0.588235294,6,6,0,405334016,EleutherAI/pythia-410m,step8,seed6,6,8
She had a natural charm.,She had a gold charm.,charm,charm,Different Sense,0.03922516107559204,7,0.588235294,6,6,0,405334016,EleutherAI/pythia-410m,step8,seed6,6,8
She had a natural charm.,She had a gold charm.,charm,charm,Different Sense,0.039678752422332764,8,0.588235294,6,6,0,405334016,EleutherAI/pythia-410m,step8,seed6,6,8
She had a natural charm.,She had a gold charm.,charm,charm,Different Sense,0.03791874647140503,9,0.588235294,6,6,0,405334016,EleutherAI/pythia-410m,step8,seed6,6,8
She had a natural charm.,She had a gold charm.,charm,charm,Different Sense,0.03818821907043457,10,0.588235294,6,6,0,405334016,EleutherAI/pythia-410m,step8,seed6,6,8
She had a natural charm.,She had a gold charm.,charm,charm,Different Sense,0.03907275199890137,11,0.588235294,6,6,0,405334016,EleutherAI/pythia-410m,step8,seed6,6,8
She had a natural charm.,She had a gold charm.,charm,charm,Different Sense,0.03970211744308472,12,0.588235294,6,6,0,405334016,EleutherAI/pythia-410m,step8,seed6,6,8
She had a natural charm.,She had a gold charm.,charm,charm,Different Sense,0.04068160057067871,13,0.588235294,6,6,0,405334016,EleutherAI/pythia-410m,step8,seed6,6,8
She had a natural charm.,She had a gold charm.,charm,charm,Different Sense,0.03994268178939819,14,0.588235294,6,6,0,405334016,EleutherAI/pythia-410m,step8,seed6,6,8
She had a natural charm.,She had a gold charm.,charm,charm,Different Sense,0.03946053981781006,15,0.588235294,6,6,0,405334016,EleutherAI/pythia-410m,step8,seed6,6,8
She had a natural charm.,She had a gold charm.,charm,charm,Different Sense,0.03790640830993652,16,0.588235294,6,6,0,405334016,EleutherAI/pythia-410m,step8,seed6,6,8
She had a natural charm.,She had a gold charm.,charm,charm,Different Sense,0.037549376487731934,17,0.588235294,6,6,0,405334016,EleutherAI/pythia-410m,step8,seed6,6,8
She had a natural charm.,She had a gold charm.,charm,charm,Different Sense,0.037171363830566406,18,0.588235294,6,6,0,405334016,EleutherAI/pythia-410m,step8,seed6,6,8
She had a natural charm.,She had a gold charm.,charm,charm,Different Sense,0.03496736288070679,19,0.588235294,6,6,0,405334016,EleutherAI/pythia-410m,step8,seed6,6,8
She had a natural charm.,She had a gold charm.,charm,charm,Different Sense,0.0348474383354187,20,0.588235294,6,6,0,405334016,EleutherAI/pythia-410m,step8,seed6,6,8
She had a natural charm.,She had a gold charm.,charm,charm,Different Sense,0.03421294689178467,21,0.588235294,6,6,0,405334016,EleutherAI/pythia-410m,step8,seed6,6,8
She had a natural charm.,She had a gold charm.,charm,charm,Different Sense,0.03311026096343994,22,0.588235294,6,6,0,405334016,EleutherAI/pythia-410m,step8,seed6,6,8
She had a natural charm.,She had a gold charm.,charm,charm,Different Sense,0.03283560276031494,23,0.588235294,6,6,0,405334016,EleutherAI/pythia-410m,step8,seed6,6,8
She had a natural charm.,She had a gold charm.,charm,charm,Different Sense,0.032524049282073975,24,0.588235294,6,6,0,405334016,EleutherAI/pythia-410m,step8,seed6,6,8
She had a natural charm.,She had a good-luck charm.,charm,charm,Different Sense,0.0,0,1.285714286,6,9,3,405334016,EleutherAI/pythia-410m,step8,seed6,6,8
She had a natural charm.,She had a good-luck charm.,charm,charm,Different Sense,0.04381275177001953,1,1.285714286,6,9,3,405334016,EleutherAI/pythia-410m,step8,seed6,6,8
She had a natural charm.,She had a good-luck charm.,charm,charm,Different Sense,0.05796241760253906,2,1.285714286,6,9,3,405334016,EleutherAI/pythia-410m,step8,seed6,6,8
She had a natural charm.,She had a good-luck charm.,charm,charm,Different Sense,0.05950319766998291,3,1.285714286,6,9,3,405334016,EleutherAI/pythia-410m,step8,seed6,6,8
She had a natural charm.,She had a good-luck charm.,charm,charm,Different Sense,0.06598567962646484,4,1.285714286,6,9,3,405334016,EleutherAI/pythia-410m,step8,seed6,6,8
She had a natural charm.,She had a good-luck charm.,charm,charm,Different Sense,0.06335264444351196,5,1.285714286,6,9,3,405334016,EleutherAI/pythia-410m,step8,seed6,6,8
She had a natural charm.,She had a good-luck charm.,charm,charm,Different Sense,0.06550031900405884,6,1.285714286,6,9,3,405334016,EleutherAI/pythia-410m,step8,seed6,6,8
She had a natural charm.,She had a good-luck charm.,charm,charm,Different Sense,0.06467694044113159,7,1.285714286,6,9,3,405334016,EleutherAI/pythia-410m,step8,seed6,6,8
She had a natural charm.,She had a good-luck charm.,charm,charm,Different Sense,0.06570851802825928,8,1.285714286,6,9,3,405334016,EleutherAI/pythia-410m,step8,seed6,6,8
She had a natural charm.,She had a good-luck charm.,charm,charm,Different Sense,0.06301653385162354,9,1.285714286,6,9,3,405334016,EleutherAI/pythia-410m,step8,seed6,6,8
She had a natural charm.,She had a good-luck charm.,charm,charm,Different Sense,0.0634620189666748,10,1.285714286,6,9,3,405334016,EleutherAI/pythia-410m,step8,seed6,6,8
She had a natural charm.,She had a good-luck charm.,charm,charm,Different Sense,0.06473016738891602,11,1.285714286,6,9,3,405334016,EleutherAI/pythia-410m,step8,seed6,6,8
She had a natural charm.,She had a good-luck charm.,charm,charm,Different Sense,0.06645578145980835,12,1.285714286,6,9,3,405334016,EleutherAI/pythia-410m,step8,seed6,6,8
She had a natural charm.,She had a good-luck charm.,charm,charm,Different Sense,0.06666356325149536,13,1.285714286,6,9,3,405334016,EleutherAI/pythia-410m,step8,seed6,6,8
She had a natural charm.,She had a good-luck charm.,charm,charm,Different Sense,0.06535959243774414,14,1.285714286,6,9,3,405334016,EleutherAI/pythia-410m,step8,seed6,6,8
She had a natural charm.,She had a good-luck charm.,charm,charm,Different Sense,0.06385743618011475,15,1.285714286,6,9,3,405334016,EleutherAI/pythia-410m,step8,seed6,6,8
She had a natural charm.,She had a good-luck charm.,charm,charm,Different Sense,0.06178539991378784,16,1.285714286,6,9,3,405334016,EleutherAI/pythia-410m,step8,seed6,6,8
She had a natural charm.,She had a good-luck charm.,charm,charm,Different Sense,0.06168490648269653,17,1.285714286,6,9,3,405334016,EleutherAI/pythia-410m,step8,seed6,6,8
She had a natural charm.,She had a good-luck charm.,charm,charm,Different Sense,0.06014561653137207,18,1.285714286,6,9,3,405334016,EleutherAI/pythia-410m,step8,seed6,6,8
She had a natural charm.,She had a good-luck charm.,charm,charm,Different Sense,0.05776500701904297,19,1.285714286,6,9,3,405334016,EleutherAI/pythia-410m,step8,seed6,6,8
She had a natural charm.,She had a good-luck charm.,charm,charm,Different Sense,0.05644279718399048,20,1.285714286,6,9,3,405334016,EleutherAI/pythia-410m,step8,seed6,6,8
She had a natural charm.,She had a good-luck charm.,charm,charm,Different Sense,0.05847060680389404,21,1.285714286,6,9,3,405334016,EleutherAI/pythia-410m,step8,seed6,6,8
She had a natural charm.,She had a good-luck charm.,charm,charm,Different Sense,0.055512428283691406,22,1.285714286,6,9,3,405334016,EleutherAI/pythia-410m,step8,seed6,6,8
She had a natural charm.,She had a good-luck charm.,charm,charm,Different Sense,0.055236101150512695,23,1.285714286,6,9,3,405334016,EleutherAI/pythia-410m,step8,seed6,6,8
She had a natural charm.,She had a good-luck charm.,charm,charm,Different Sense,0.054537415504455566,24,1.285714286,6,9,3,405334016,EleutherAI/pythia-410m,step8,seed6,6,8
She had a devilish charm.,She had a natural charm.,charm,charm,Same Sense,0.0,0,3.846153846,7,6,1,405334016,EleutherAI/pythia-410m,step8,seed6,6,8
She had a devilish charm.,She had a natural charm.,charm,charm,Same Sense,0.0307997465133667,1,3.846153846,7,6,1,405334016,EleutherAI/pythia-410m,step8,seed6,6,8
She had a devilish charm.,She had a natural charm.,charm,charm,Same Sense,0.044594526290893555,2,3.846153846,7,6,1,405334016,EleutherAI/pythia-410m,step8,seed6,6,8
She had a devilish charm.,She had a natural charm.,charm,charm,Same Sense,0.04739922285079956,3,3.846153846,7,6,1,405334016,EleutherAI/pythia-410m,step8,seed6,6,8
She had a devilish charm.,She had a natural charm.,charm,charm,Same Sense,0.04749411344528198,4,3.846153846,7,6,1,405334016,EleutherAI/pythia-410m,step8,seed6,6,8
She had a devilish charm.,She had a natural charm.,charm,charm,Same Sense,0.04678744077682495,5,3.846153846,7,6,1,405334016,EleutherAI/pythia-410m,step8,seed6,6,8
She had a devilish charm.,She had a natural charm.,charm,charm,Same Sense,0.04937565326690674,6,3.846153846,7,6,1,405334016,EleutherAI/pythia-410m,step8,seed6,6,8
She had a devilish charm.,She had a natural charm.,charm,charm,Same Sense,0.048497021198272705,7,3.846153846,7,6,1,405334016,EleutherAI/pythia-410m,step8,seed6,6,8
She had a devilish charm.,She had a natural charm.,charm,charm,Same Sense,0.04753684997558594,8,3.846153846,7,6,1,405334016,EleutherAI/pythia-410m,step8,seed6,6,8
She had a devilish charm.,She had a natural charm.,charm,charm,Same Sense,0.04571312665939331,9,3.846153846,7,6,1,405334016,EleutherAI/pythia-410m,step8,seed6,6,8
She had a devilish charm.,She had a natural charm.,charm,charm,Same Sense,0.04580420255661011,10,3.846153846,7,6,1,405334016,EleutherAI/pythia-410m,step8,seed6,6,8
She had a devilish charm.,She had a natural charm.,charm,charm,Same Sense,0.04821038246154785,11,3.846153846,7,6,1,405334016,EleutherAI/pythia-410m,step8,seed6,6,8
She had a devilish charm.,She had a natural charm.,charm,charm,Same Sense,0.04935574531555176,12,3.846153846,7,6,1,405334016,EleutherAI/pythia-410m,step8,seed6,6,8
She had a devilish charm.,She had a natural charm.,charm,charm,Same Sense,0.05024826526641846,13,3.846153846,7,6,1,405334016,EleutherAI/pythia-410m,step8,seed6,6,8
She had a devilish charm.,She had a natural charm.,charm,charm,Same Sense,0.04862320423126221,14,3.846153846,7,6,1,405334016,EleutherAI/pythia-410m,step8,seed6,6,8
She had a devilish charm.,She had a natural charm.,charm,charm,Same Sense,0.04820823669433594,15,3.846153846,7,6,1,405334016,EleutherAI/pythia-410m,step8,seed6,6,8
She had a devilish charm.,She had a natural charm.,charm,charm,Same Sense,0.04784339666366577,16,3.846153846,7,6,1,405334016,EleutherAI/pythia-410m,step8,seed6,6,8
She had a devilish charm.,She had a natural charm.,charm,charm,Same Sense,0.047218382358551025,17,3.846153846,7,6,1,405334016,EleutherAI/pythia-410m,step8,seed6,6,8
She had a devilish charm.,She had a natural charm.,charm,charm,Same Sense,0.04595059156417847,18,3.846153846,7,6,1,405334016,EleutherAI/pythia-410m,step8,seed6,6,8
She had a devilish charm.,She had a natural charm.,charm,charm,Same Sense,0.0446208119392395,19,3.846153846,7,6,1,405334016,EleutherAI/pythia-410m,step8,seed6,6,8
She had a devilish charm.,She had a natural charm.,charm,charm,Same Sense,0.04457002878189087,20,3.846153846,7,6,1,405334016,EleutherAI/pythia-410m,step8,seed6,6,8
She had a devilish charm.,She had a natural charm.,charm,charm,Same Sense,0.04513901472091675,21,3.846153846,7,6,1,405334016,EleutherAI/pythia-410m,step8,seed6,6,8
She had a devilish charm.,She had a natural charm.,charm,charm,Same Sense,0.04228252172470093,22,3.846153846,7,6,1,405334016,EleutherAI/pythia-410m,step8,seed6,6,8
She had a devilish charm.,She had a natural charm.,charm,charm,Same Sense,0.041426658630371094,23,3.846153846,7,6,1,405334016,EleutherAI/pythia-410m,step8,seed6,6,8
She had a devilish charm.,She had a natural charm.,charm,charm,Same Sense,0.04109501838684082,24,3.846153846,7,6,1,405334016,EleutherAI/pythia-410m,step8,seed6,6,8
She had a gold charm.,She had a good-luck charm.,charm,charm,Same Sense,0.0,0,3.166666667,6,9,3,405334016,EleutherAI/pythia-410m,step8,seed6,6,8
She had a gold charm.,She had a good-luck charm.,charm,charm,Same Sense,0.040438055992126465,1,3.166666667,6,9,3,405334016,EleutherAI/pythia-410m,step8,seed6,6,8
She had a gold charm.,She had a good-luck charm.,charm,charm,Same Sense,0.05970919132232666,2,3.166666667,6,9,3,405334016,EleutherAI/pythia-410m,step8,seed6,6,8
She had a gold charm.,She had a good-luck charm.,charm,charm,Same Sense,0.06210380792617798,3,3.166666667,6,9,3,405334016,EleutherAI/pythia-410m,step8,seed6,6,8
She had a gold charm.,She had a good-luck charm.,charm,charm,Same Sense,0.06998223066329956,4,3.166666667,6,9,3,405334016,EleutherAI/pythia-410m,step8,seed6,6,8
She had a gold charm.,She had a good-luck charm.,charm,charm,Same Sense,0.06752371788024902,5,3.166666667,6,9,3,405334016,EleutherAI/pythia-410m,step8,seed6,6,8
She had a gold charm.,She had a good-luck charm.,charm,charm,Same Sense,0.0673743486404419,6,3.166666667,6,9,3,405334016,EleutherAI/pythia-410m,step8,seed6,6,8
She had a gold charm.,She had a good-luck charm.,charm,charm,Same Sense,0.06729871034622192,7,3.166666667,6,9,3,405334016,EleutherAI/pythia-410m,step8,seed6,6,8
She had a gold charm.,She had a good-luck charm.,charm,charm,Same Sense,0.06857842206954956,8,3.166666667,6,9,3,405334016,EleutherAI/pythia-410m,step8,seed6,6,8
She had a gold charm.,She had a good-luck charm.,charm,charm,Same Sense,0.06666839122772217,9,3.166666667,6,9,3,405334016,EleutherAI/pythia-410m,step8,seed6,6,8
She had a gold charm.,She had a good-luck charm.,charm,charm,Same Sense,0.06620669364929199,10,3.166666667,6,9,3,405334016,EleutherAI/pythia-410m,step8,seed6,6,8
She had a gold charm.,She had a good-luck charm.,charm,charm,Same Sense,0.06740915775299072,11,3.166666667,6,9,3,405334016,EleutherAI/pythia-410m,step8,seed6,6,8
She had a gold charm.,She had a good-luck charm.,charm,charm,Same Sense,0.0695488452911377,12,3.166666667,6,9,3,405334016,EleutherAI/pythia-410m,step8,seed6,6,8
She had a gold charm.,She had a good-luck charm.,charm,charm,Same Sense,0.06977522373199463,13,3.166666667,6,9,3,405334016,EleutherAI/pythia-410m,step8,seed6,6,8
She had a gold charm.,She had a good-luck charm.,charm,charm,Same Sense,0.07091069221496582,14,3.166666667,6,9,3,405334016,EleutherAI/pythia-410m,step8,seed6,6,8
She had a gold charm.,She had a good-luck charm.,charm,charm,Same Sense,0.06992721557617188,15,3.166666667,6,9,3,405334016,EleutherAI/pythia-410m,step8,seed6,6,8
She had a gold charm.,She had a good-luck charm.,charm,charm,Same Sense,0.06915950775146484,16,3.166666667,6,9,3,405334016,EleutherAI/pythia-410m,step8,seed6,6,8
She had a gold charm.,She had a good-luck charm.,charm,charm,Same Sense,0.0696442723274231,17,3.166666667,6,9,3,405334016,EleutherAI/pythia-410m,step8,seed6,6,8
She had a gold charm.,She had a good-luck charm.,charm,charm,Same Sense,0.06822574138641357,18,3.166666667,6,9,3,405334016,EleutherAI/pythia-410m,step8,seed6,6,8
She had a gold charm.,She had a good-luck charm.,charm,charm,Same Sense,0.06542336940765381,19,3.166666667,6,9,3,405334016,EleutherAI/pythia-410m,step8,seed6,6,8
She had a gold charm.,She had a good-luck charm.,charm,charm,Same Sense,0.0643802285194397,20,3.166666667,6,9,3,405334016,EleutherAI/pythia-410m,step8,seed6,6,8
She had a gold charm.,She had a good-luck charm.,charm,charm,Same Sense,0.06502670049667358,21,3.166666667,6,9,3,405334016,EleutherAI/pythia-410m,step8,seed6,6,8
She had a gold charm.,She had a good-luck charm.,charm,charm,Same Sense,0.062497854232788086,22,3.166666667,6,9,3,405334016,EleutherAI/pythia-410m,step8,seed6,6,8
She had a gold charm.,She had a good-luck charm.,charm,charm,Same Sense,0.060614824295043945,23,3.166666667,6,9,3,405334016,EleutherAI/pythia-410m,step8,seed6,6,8
She had a gold charm.,She had a good-luck charm.,charm,charm,Same Sense,0.05967056751251221,24,3.166666667,6,9,3,405334016,EleutherAI/pythia-410m,step8,seed6,6,8
They liked the juicy chicken.,They liked the clucking chicken.,chicken,chicken,Different Sense,0.0,0,3.0,7,7,0,405334016,EleutherAI/pythia-410m,step8,seed6,6,8
They liked the juicy chicken.,They liked the clucking chicken.,chicken,chicken,Different Sense,0.034908950328826904,1,3.0,7,7,0,405334016,EleutherAI/pythia-410m,step8,seed6,6,8
They liked the juicy chicken.,They liked the clucking chicken.,chicken,chicken,Different Sense,0.051452696323394775,2,3.0,7,7,0,405334016,EleutherAI/pythia-410m,step8,seed6,6,8
They liked the juicy chicken.,They liked the clucking chicken.,chicken,chicken,Different Sense,0.056100428104400635,3,3.0,7,7,0,405334016,EleutherAI/pythia-410m,step8,seed6,6,8
They liked the juicy chicken.,They liked the clucking chicken.,chicken,chicken,Different Sense,0.05990409851074219,4,3.0,7,7,0,405334016,EleutherAI/pythia-410m,step8,seed6,6,8
They liked the juicy chicken.,They liked the clucking chicken.,chicken,chicken,Different Sense,0.06206244230270386,5,3.0,7,7,0,405334016,EleutherAI/pythia-410m,step8,seed6,6,8
They liked the juicy chicken.,They liked the clucking chicken.,chicken,chicken,Different Sense,0.06325966119766235,6,3.0,7,7,0,405334016,EleutherAI/pythia-410m,step8,seed6,6,8
They liked the juicy chicken.,They liked the clucking chicken.,chicken,chicken,Different Sense,0.064022958278656,7,3.0,7,7,0,405334016,EleutherAI/pythia-410m,step8,seed6,6,8
They liked the juicy chicken.,They liked the clucking chicken.,chicken,chicken,Different Sense,0.06306004524230957,8,3.0,7,7,0,405334016,EleutherAI/pythia-410m,step8,seed6,6,8
They liked the juicy chicken.,They liked the clucking chicken.,chicken,chicken,Different Sense,0.05864757299423218,9,3.0,7,7,0,405334016,EleutherAI/pythia-410m,step8,seed6,6,8
They liked the juicy chicken.,They liked the clucking chicken.,chicken,chicken,Different Sense,0.060761213302612305,10,3.0,7,7,0,405334016,EleutherAI/pythia-410m,step8,seed6,6,8
They liked the juicy chicken.,They liked the clucking chicken.,chicken,chicken,Different Sense,0.05819159746170044,11,3.0,7,7,0,405334016,EleutherAI/pythia-410m,step8,seed6,6,8
They liked the juicy chicken.,They liked the clucking chicken.,chicken,chicken,Different Sense,0.05891913175582886,12,3.0,7,7,0,405334016,EleutherAI/pythia-410m,step8,seed6,6,8
They liked the juicy chicken.,They liked the clucking chicken.,chicken,chicken,Different Sense,0.056635260581970215,13,3.0,7,7,0,405334016,EleutherAI/pythia-410m,step8,seed6,6,8
They liked the juicy chicken.,They liked the clucking chicken.,chicken,chicken,Different Sense,0.053577721118927,14,3.0,7,7,0,405334016,EleutherAI/pythia-410m,step8,seed6,6,8
They liked the juicy chicken.,They liked the clucking chicken.,chicken,chicken,Different Sense,0.052582502365112305,15,3.0,7,7,0,405334016,EleutherAI/pythia-410m,step8,seed6,6,8
They liked the juicy chicken.,They liked the clucking chicken.,chicken,chicken,Different Sense,0.05176734924316406,16,3.0,7,7,0,405334016,EleutherAI/pythia-410m,step8,seed6,6,8
They liked the juicy chicken.,They liked the clucking chicken.,chicken,chicken,Different Sense,0.05190110206604004,17,3.0,7,7,0,405334016,EleutherAI/pythia-410m,step8,seed6,6,8
They liked the juicy chicken.,They liked the clucking chicken.,chicken,chicken,Different Sense,0.04984450340270996,18,3.0,7,7,0,405334016,EleutherAI/pythia-410m,step8,seed6,6,8
They liked the juicy chicken.,They liked the clucking chicken.,chicken,chicken,Different Sense,0.048398733139038086,19,3.0,7,7,0,405334016,EleutherAI/pythia-410m,step8,seed6,6,8
They liked the juicy chicken.,They liked the clucking chicken.,chicken,chicken,Different Sense,0.048481285572052,20,3.0,7,7,0,405334016,EleutherAI/pythia-410m,step8,seed6,6,8
They liked the juicy chicken.,They liked the clucking chicken.,chicken,chicken,Different Sense,0.04734182357788086,21,3.0,7,7,0,405334016,EleutherAI/pythia-410m,step8,seed6,6,8
They liked the juicy chicken.,They liked the clucking chicken.,chicken,chicken,Different Sense,0.04521209001541138,22,3.0,7,7,0,405334016,EleutherAI/pythia-410m,step8,seed6,6,8
They liked the juicy chicken.,They liked the clucking chicken.,chicken,chicken,Different Sense,0.044593214988708496,23,3.0,7,7,0,405334016,EleutherAI/pythia-410m,step8,seed6,6,8
They liked the juicy chicken.,They liked the clucking chicken.,chicken,chicken,Different Sense,0.04301798343658447,24,3.0,7,7,0,405334016,EleutherAI/pythia-410m,step8,seed6,6,8
They liked the juicy chicken.,They liked the pet chicken.,chicken,chicken,Different Sense,0.0,0,2.888888889,7,6,1,405334016,EleutherAI/pythia-410m,step8,seed6,6,8
They liked the juicy chicken.,They liked the pet chicken.,chicken,chicken,Different Sense,0.03393566608428955,1,2.888888889,7,6,1,405334016,EleutherAI/pythia-410m,step8,seed6,6,8
They liked the juicy chicken.,They liked the pet chicken.,chicken,chicken,Different Sense,0.046344757080078125,2,2.888888889,7,6,1,405334016,EleutherAI/pythia-410m,step8,seed6,6,8
They liked the juicy chicken.,They liked the pet chicken.,chicken,chicken,Different Sense,0.04767441749572754,3,2.888888889,7,6,1,405334016,EleutherAI/pythia-410m,step8,seed6,6,8
They liked the juicy chicken.,They liked the pet chicken.,chicken,chicken,Different Sense,0.052230894565582275,4,2.888888889,7,6,1,405334016,EleutherAI/pythia-410m,step8,seed6,6,8
They liked the juicy chicken.,They liked the pet chicken.,chicken,chicken,Different Sense,0.05245274305343628,5,2.888888889,7,6,1,405334016,EleutherAI/pythia-410m,step8,seed6,6,8
They liked the juicy chicken.,They liked the pet chicken.,chicken,chicken,Different Sense,0.05322510004043579,6,2.888888889,7,6,1,405334016,EleutherAI/pythia-410m,step8,seed6,6,8
They liked the juicy chicken.,They liked the pet chicken.,chicken,chicken,Different Sense,0.054475605487823486,7,2.888888889,7,6,1,405334016,EleutherAI/pythia-410m,step8,seed6,6,8
They liked the juicy chicken.,They liked the pet chicken.,chicken,chicken,Different Sense,0.05367422103881836,8,2.888888889,7,6,1,405334016,EleutherAI/pythia-410m,step8,seed6,6,8
They liked the juicy chicken.,They liked the pet chicken.,chicken,chicken,Different Sense,0.051885247230529785,9,2.888888889,7,6,1,405334016,EleutherAI/pythia-410m,step8,seed6,6,8
They liked the juicy chicken.,They liked the pet chicken.,chicken,chicken,Different Sense,0.05330240726470947,10,2.888888889,7,6,1,405334016,EleutherAI/pythia-410m,step8,seed6,6,8
They liked the juicy chicken.,They liked the pet chicken.,chicken,chicken,Different Sense,0.05105721950531006,11,2.888888889,7,6,1,405334016,EleutherAI/pythia-410m,step8,seed6,6,8
They liked the juicy chicken.,They liked the pet chicken.,chicken,chicken,Different Sense,0.05016452074050903,12,2.888888889,7,6,1,405334016,EleutherAI/pythia-410m,step8,seed6,6,8
They liked the juicy chicken.,They liked the pet chicken.,chicken,chicken,Different Sense,0.04799836874008179,13,2.888888889,7,6,1,405334016,EleutherAI/pythia-410m,step8,seed6,6,8
They liked the juicy chicken.,They liked the pet chicken.,chicken,chicken,Different Sense,0.045155107975006104,14,2.888888889,7,6,1,405334016,EleutherAI/pythia-410m,step8,seed6,6,8
They liked the juicy chicken.,They liked the pet chicken.,chicken,chicken,Different Sense,0.04376029968261719,15,2.888888889,7,6,1,405334016,EleutherAI/pythia-410m,step8,seed6,6,8
They liked the juicy chicken.,They liked the pet chicken.,chicken,chicken,Different Sense,0.04315894842147827,16,2.888888889,7,6,1,405334016,EleutherAI/pythia-410m,step8,seed6,6,8
They liked the juicy chicken.,They liked the pet chicken.,chicken,chicken,Different Sense,0.043858468532562256,17,2.888888889,7,6,1,405334016,EleutherAI/pythia-410m,step8,seed6,6,8
They liked the juicy chicken.,They liked the pet chicken.,chicken,chicken,Different Sense,0.04096221923828125,18,2.888888889,7,6,1,405334016,EleutherAI/pythia-410m,step8,seed6,6,8
They liked the juicy chicken.,They liked the pet chicken.,chicken,chicken,Different Sense,0.04026764631271362,19,2.888888889,7,6,1,405334016,EleutherAI/pythia-410m,step8,seed6,6,8
They liked the juicy chicken.,They liked the pet chicken.,chicken,chicken,Different Sense,0.040111660957336426,20,2.888888889,7,6,1,405334016,EleutherAI/pythia-410m,step8,seed6,6,8
They liked the juicy chicken.,They liked the pet chicken.,chicken,chicken,Different Sense,0.03924602270126343,21,2.888888889,7,6,1,405334016,EleutherAI/pythia-410m,step8,seed6,6,8
They liked the juicy chicken.,They liked the pet chicken.,chicken,chicken,Different Sense,0.03763014078140259,22,2.888888889,7,6,1,405334016,EleutherAI/pythia-410m,step8,seed6,6,8
They liked the juicy chicken.,They liked the pet chicken.,chicken,chicken,Different Sense,0.0361211895942688,23,2.888888889,7,6,1,405334016,EleutherAI/pythia-410m,step8,seed6,6,8
They liked the juicy chicken.,They liked the pet chicken.,chicken,chicken,Different Sense,0.03524374961853027,24,2.888888889,7,6,1,405334016,EleutherAI/pythia-410m,step8,seed6,6,8
They liked the roasted chicken.,They liked the clucking chicken.,chicken,chicken,Different Sense,0.0,0,3.555555556,6,7,1,405334016,EleutherAI/pythia-410m,step8,seed6,6,8
They liked the roasted chicken.,They liked the clucking chicken.,chicken,chicken,Different Sense,0.025985777378082275,1,3.555555556,6,7,1,405334016,EleutherAI/pythia-410m,step8,seed6,6,8
They liked the roasted chicken.,They liked the clucking chicken.,chicken,chicken,Different Sense,0.037050485610961914,2,3.555555556,6,7,1,405334016,EleutherAI/pythia-410m,step8,seed6,6,8
They liked the roasted chicken.,They liked the clucking chicken.,chicken,chicken,Different Sense,0.0446094274520874,3,3.555555556,6,7,1,405334016,EleutherAI/pythia-410m,step8,seed6,6,8
They liked the roasted chicken.,They liked the clucking chicken.,chicken,chicken,Different Sense,0.0504378080368042,4,3.555555556,6,7,1,405334016,EleutherAI/pythia-410m,step8,seed6,6,8
They liked the roasted chicken.,They liked the clucking chicken.,chicken,chicken,Different Sense,0.05141085386276245,5,3.555555556,6,7,1,405334016,EleutherAI/pythia-410m,step8,seed6,6,8
They liked the roasted chicken.,They liked the clucking chicken.,chicken,chicken,Different Sense,0.053653717041015625,6,3.555555556,6,7,1,405334016,EleutherAI/pythia-410m,step8,seed6,6,8
They liked the roasted chicken.,They liked the clucking chicken.,chicken,chicken,Different Sense,0.05171483755111694,7,3.555555556,6,7,1,405334016,EleutherAI/pythia-410m,step8,seed6,6,8
They liked the roasted chicken.,They liked the clucking chicken.,chicken,chicken,Different Sense,0.05248117446899414,8,3.555555556,6,7,1,405334016,EleutherAI/pythia-410m,step8,seed6,6,8
They liked the roasted chicken.,They liked the clucking chicken.,chicken,chicken,Different Sense,0.05062228441238403,9,3.555555556,6,7,1,405334016,EleutherAI/pythia-410m,step8,seed6,6,8
They liked the roasted chicken.,They liked the clucking chicken.,chicken,chicken,Different Sense,0.05200165510177612,10,3.555555556,6,7,1,405334016,EleutherAI/pythia-410m,step8,seed6,6,8
They liked the roasted chicken.,They liked the clucking chicken.,chicken,chicken,Different Sense,0.049862802028656006,11,3.555555556,6,7,1,405334016,EleutherAI/pythia-410m,step8,seed6,6,8
They liked the roasted chicken.,They liked the clucking chicken.,chicken,chicken,Different Sense,0.04921680688858032,12,3.555555556,6,7,1,405334016,EleutherAI/pythia-410m,step8,seed6,6,8
They liked the roasted chicken.,They liked the clucking chicken.,chicken,chicken,Different Sense,0.047919631004333496,13,3.555555556,6,7,1,405334016,EleutherAI/pythia-410m,step8,seed6,6,8
They liked the roasted chicken.,They liked the clucking chicken.,chicken,chicken,Different Sense,0.04601478576660156,14,3.555555556,6,7,1,405334016,EleutherAI/pythia-410m,step8,seed6,6,8
They liked the roasted chicken.,They liked the clucking chicken.,chicken,chicken,Different Sense,0.045778512954711914,15,3.555555556,6,7,1,405334016,EleutherAI/pythia-410m,step8,seed6,6,8
They liked the roasted chicken.,They liked the clucking chicken.,chicken,chicken,Different Sense,0.044458627700805664,16,3.555555556,6,7,1,405334016,EleutherAI/pythia-410m,step8,seed6,6,8
They liked the roasted chicken.,They liked the clucking chicken.,chicken,chicken,Different Sense,0.043724656105041504,17,3.555555556,6,7,1,405334016,EleutherAI/pythia-410m,step8,seed6,6,8
They liked the roasted chicken.,They liked the clucking chicken.,chicken,chicken,Different Sense,0.04278743267059326,18,3.555555556,6,7,1,405334016,EleutherAI/pythia-410m,step8,seed6,6,8
They liked the roasted chicken.,They liked the clucking chicken.,chicken,chicken,Different Sense,0.04162096977233887,19,3.555555556,6,7,1,405334016,EleutherAI/pythia-410m,step8,seed6,6,8
They liked the roasted chicken.,They liked the clucking chicken.,chicken,chicken,Different Sense,0.04096168279647827,20,3.555555556,6,7,1,405334016,EleutherAI/pythia-410m,step8,seed6,6,8
They liked the roasted chicken.,They liked the clucking chicken.,chicken,chicken,Different Sense,0.039687275886535645,21,3.555555556,6,7,1,405334016,EleutherAI/pythia-410m,step8,seed6,6,8
They liked the roasted chicken.,They liked the clucking chicken.,chicken,chicken,Different Sense,0.038263022899627686,22,3.555555556,6,7,1,405334016,EleutherAI/pythia-410m,step8,seed6,6,8
They liked the roasted chicken.,They liked the clucking chicken.,chicken,chicken,Different Sense,0.037091612815856934,23,3.555555556,6,7,1,405334016,EleutherAI/pythia-410m,step8,seed6,6,8
They liked the roasted chicken.,They liked the clucking chicken.,chicken,chicken,Different Sense,0.036216795444488525,24,3.555555556,6,7,1,405334016,EleutherAI/pythia-410m,step8,seed6,6,8
They liked the roasted chicken.,They liked the pet chicken.,chicken,chicken,Different Sense,0.0,0,3.571428571,6,6,0,405334016,EleutherAI/pythia-410m,step8,seed6,6,8
They liked the roasted chicken.,They liked the pet chicken.,chicken,chicken,Different Sense,0.024273812770843506,1,3.571428571,6,6,0,405334016,EleutherAI/pythia-410m,step8,seed6,6,8
They liked the roasted chicken.,They liked the pet chicken.,chicken,chicken,Different Sense,0.03091663122177124,2,3.571428571,6,6,0,405334016,EleutherAI/pythia-410m,step8,seed6,6,8
They liked the roasted chicken.,They liked the pet chicken.,chicken,chicken,Different Sense,0.035652101039886475,3,3.571428571,6,6,0,405334016,EleutherAI/pythia-410m,step8,seed6,6,8
They liked the roasted chicken.,They liked the pet chicken.,chicken,chicken,Different Sense,0.03775334358215332,4,3.571428571,6,6,0,405334016,EleutherAI/pythia-410m,step8,seed6,6,8
They liked the roasted chicken.,They liked the pet chicken.,chicken,chicken,Different Sense,0.037119269371032715,5,3.571428571,6,6,0,405334016,EleutherAI/pythia-410m,step8,seed6,6,8
They liked the roasted chicken.,They liked the pet chicken.,chicken,chicken,Different Sense,0.037168920040130615,6,3.571428571,6,6,0,405334016,EleutherAI/pythia-410m,step8,seed6,6,8
They liked the roasted chicken.,They liked the pet chicken.,chicken,chicken,Different Sense,0.03756517171859741,7,3.571428571,6,6,0,405334016,EleutherAI/pythia-410m,step8,seed6,6,8
They liked the roasted chicken.,They liked the pet chicken.,chicken,chicken,Different Sense,0.03687864542007446,8,3.571428571,6,6,0,405334016,EleutherAI/pythia-410m,step8,seed6,6,8
They liked the roasted chicken.,They liked the pet chicken.,chicken,chicken,Different Sense,0.03523910045623779,9,3.571428571,6,6,0,405334016,EleutherAI/pythia-410m,step8,seed6,6,8
They liked the roasted chicken.,They liked the pet chicken.,chicken,chicken,Different Sense,0.036969780921936035,10,3.571428571,6,6,0,405334016,EleutherAI/pythia-410m,step8,seed6,6,8
They liked the roasted chicken.,They liked the pet chicken.,chicken,chicken,Different Sense,0.03587615489959717,11,3.571428571,6,6,0,405334016,EleutherAI/pythia-410m,step8,seed6,6,8
They liked the roasted chicken.,They liked the pet chicken.,chicken,chicken,Different Sense,0.035873353481292725,12,3.571428571,6,6,0,405334016,EleutherAI/pythia-410m,step8,seed6,6,8
They liked the roasted chicken.,They liked the pet chicken.,chicken,chicken,Different Sense,0.034406304359436035,13,3.571428571,6,6,0,405334016,EleutherAI/pythia-410m,step8,seed6,6,8
They liked the roasted chicken.,They liked the pet chicken.,chicken,chicken,Different Sense,0.0330585241317749,14,3.571428571,6,6,0,405334016,EleutherAI/pythia-410m,step8,seed6,6,8
They liked the roasted chicken.,They liked the pet chicken.,chicken,chicken,Different Sense,0.03279101848602295,15,3.571428571,6,6,0,405334016,EleutherAI/pythia-410m,step8,seed6,6,8
They liked the roasted chicken.,They liked the pet chicken.,chicken,chicken,Different Sense,0.03176760673522949,16,3.571428571,6,6,0,405334016,EleutherAI/pythia-410m,step8,seed6,6,8
They liked the roasted chicken.,They liked the pet chicken.,chicken,chicken,Different Sense,0.03152501583099365,17,3.571428571,6,6,0,405334016,EleutherAI/pythia-410m,step8,seed6,6,8
They liked the roasted chicken.,They liked the pet chicken.,chicken,chicken,Different Sense,0.030932486057281494,18,3.571428571,6,6,0,405334016,EleutherAI/pythia-410m,step8,seed6,6,8
They liked the roasted chicken.,They liked the pet chicken.,chicken,chicken,Different Sense,0.029986560344696045,19,3.571428571,6,6,0,405334016,EleutherAI/pythia-410m,step8,seed6,6,8
They liked the roasted chicken.,They liked the pet chicken.,chicken,chicken,Different Sense,0.02961421012878418,20,3.571428571,6,6,0,405334016,EleutherAI/pythia-410m,step8,seed6,6,8
They liked the roasted chicken.,They liked the pet chicken.,chicken,chicken,Different Sense,0.02867192029953003,21,3.571428571,6,6,0,405334016,EleutherAI/pythia-410m,step8,seed6,6,8
They liked the roasted chicken.,They liked the pet chicken.,chicken,chicken,Different Sense,0.02774500846862793,22,3.571428571,6,6,0,405334016,EleutherAI/pythia-410m,step8,seed6,6,8
They liked the roasted chicken.,They liked the pet chicken.,chicken,chicken,Different Sense,0.02672022581100464,23,3.571428571,6,6,0,405334016,EleutherAI/pythia-410m,step8,seed6,6,8
They liked the roasted chicken.,They liked the pet chicken.,chicken,chicken,Different Sense,0.026687443256378174,24,3.571428571,6,6,0,405334016,EleutherAI/pythia-410m,step8,seed6,6,8
They liked the juicy chicken.,They liked the roasted chicken.,chicken,chicken,Same Sense,0.0,0,4.0,7,6,1,405334016,EleutherAI/pythia-410m,step8,seed6,6,8
They liked the juicy chicken.,They liked the roasted chicken.,chicken,chicken,Same Sense,0.034241437911987305,1,4.0,7,6,1,405334016,EleutherAI/pythia-410m,step8,seed6,6,8
They liked the juicy chicken.,They liked the roasted chicken.,chicken,chicken,Same Sense,0.04403722286224365,2,4.0,7,6,1,405334016,EleutherAI/pythia-410m,step8,seed6,6,8
They liked the juicy chicken.,They liked the roasted chicken.,chicken,chicken,Same Sense,0.04847121238708496,3,4.0,7,6,1,405334016,EleutherAI/pythia-410m,step8,seed6,6,8
They liked the juicy chicken.,They liked the roasted chicken.,chicken,chicken,Same Sense,0.052167654037475586,4,4.0,7,6,1,405334016,EleutherAI/pythia-410m,step8,seed6,6,8
They liked the juicy chicken.,They liked the roasted chicken.,chicken,chicken,Same Sense,0.05396527051925659,5,4.0,7,6,1,405334016,EleutherAI/pythia-410m,step8,seed6,6,8
They liked the juicy chicken.,They liked the roasted chicken.,chicken,chicken,Same Sense,0.05564248561859131,6,4.0,7,6,1,405334016,EleutherAI/pythia-410m,step8,seed6,6,8
They liked the juicy chicken.,They liked the roasted chicken.,chicken,chicken,Same Sense,0.055512845516204834,7,4.0,7,6,1,405334016,EleutherAI/pythia-410m,step8,seed6,6,8
They liked the juicy chicken.,They liked the roasted chicken.,chicken,chicken,Same Sense,0.055477023124694824,8,4.0,7,6,1,405334016,EleutherAI/pythia-410m,step8,seed6,6,8
They liked the juicy chicken.,They liked the roasted chicken.,chicken,chicken,Same Sense,0.054324209690093994,9,4.0,7,6,1,405334016,EleutherAI/pythia-410m,step8,seed6,6,8
They liked the juicy chicken.,They liked the roasted chicken.,chicken,chicken,Same Sense,0.056711673736572266,10,4.0,7,6,1,405334016,EleutherAI/pythia-410m,step8,seed6,6,8
They liked the juicy chicken.,They liked the roasted chicken.,chicken,chicken,Same Sense,0.053962111473083496,11,4.0,7,6,1,405334016,EleutherAI/pythia-410m,step8,seed6,6,8
They liked the juicy chicken.,They liked the roasted chicken.,chicken,chicken,Same Sense,0.05351245403289795,12,4.0,7,6,1,405334016,EleutherAI/pythia-410m,step8,seed6,6,8
They liked the juicy chicken.,They liked the roasted chicken.,chicken,chicken,Same Sense,0.051328182220458984,13,4.0,7,6,1,405334016,EleutherAI/pythia-410m,step8,seed6,6,8
They liked the juicy chicken.,They liked the roasted chicken.,chicken,chicken,Same Sense,0.04879558086395264,14,4.0,7,6,1,405334016,EleutherAI/pythia-410m,step8,seed6,6,8
They liked the juicy chicken.,They liked the roasted chicken.,chicken,chicken,Same Sense,0.047206103801727295,15,4.0,7,6,1,405334016,EleutherAI/pythia-410m,step8,seed6,6,8
They liked the juicy chicken.,They liked the roasted chicken.,chicken,chicken,Same Sense,0.04634946584701538,16,4.0,7,6,1,405334016,EleutherAI/pythia-410m,step8,seed6,6,8
They liked the juicy chicken.,They liked the roasted chicken.,chicken,chicken,Same Sense,0.04622519016265869,17,4.0,7,6,1,405334016,EleutherAI/pythia-410m,step8,seed6,6,8
They liked the juicy chicken.,They liked the roasted chicken.,chicken,chicken,Same Sense,0.04475808143615723,18,4.0,7,6,1,405334016,EleutherAI/pythia-410m,step8,seed6,6,8
They liked the juicy chicken.,They liked the roasted chicken.,chicken,chicken,Same Sense,0.04381471872329712,19,4.0,7,6,1,405334016,EleutherAI/pythia-410m,step8,seed6,6,8
They liked the juicy chicken.,They liked the roasted chicken.,chicken,chicken,Same Sense,0.04385495185852051,20,4.0,7,6,1,405334016,EleutherAI/pythia-410m,step8,seed6,6,8
They liked the juicy chicken.,They liked the roasted chicken.,chicken,chicken,Same Sense,0.04283338785171509,21,4.0,7,6,1,405334016,EleutherAI/pythia-410m,step8,seed6,6,8
They liked the juicy chicken.,They liked the roasted chicken.,chicken,chicken,Same Sense,0.04187893867492676,22,4.0,7,6,1,405334016,EleutherAI/pythia-410m,step8,seed6,6,8
They liked the juicy chicken.,They liked the roasted chicken.,chicken,chicken,Same Sense,0.04081088304519653,23,4.0,7,6,1,405334016,EleutherAI/pythia-410m,step8,seed6,6,8
They liked the juicy chicken.,They liked the roasted chicken.,chicken,chicken,Same Sense,0.03952533006668091,24,4.0,7,6,1,405334016,EleutherAI/pythia-410m,step8,seed6,6,8
They liked the clucking chicken.,They liked the pet chicken.,chicken,chicken,Same Sense,0.0,0,3.5625,7,6,1,405334016,EleutherAI/pythia-410m,step8,seed6,6,8
They liked the clucking chicken.,They liked the pet chicken.,chicken,chicken,Same Sense,0.032096922397613525,1,3.5625,7,6,1,405334016,EleutherAI/pythia-410m,step8,seed6,6,8
They liked the clucking chicken.,They liked the pet chicken.,chicken,chicken,Same Sense,0.04447203874588013,2,3.5625,7,6,1,405334016,EleutherAI/pythia-410m,step8,seed6,6,8
They liked the clucking chicken.,They liked the pet chicken.,chicken,chicken,Same Sense,0.04897505044937134,3,3.5625,7,6,1,405334016,EleutherAI/pythia-410m,step8,seed6,6,8
They liked the clucking chicken.,They liked the pet chicken.,chicken,chicken,Same Sense,0.0521693229675293,4,3.5625,7,6,1,405334016,EleutherAI/pythia-410m,step8,seed6,6,8
They liked the clucking chicken.,They liked the pet chicken.,chicken,chicken,Same Sense,0.05215036869049072,5,3.5625,7,6,1,405334016,EleutherAI/pythia-410m,step8,seed6,6,8
They liked the clucking chicken.,They liked the pet chicken.,chicken,chicken,Same Sense,0.05088454484939575,6,3.5625,7,6,1,405334016,EleutherAI/pythia-410m,step8,seed6,6,8
They liked the clucking chicken.,They liked the pet chicken.,chicken,chicken,Same Sense,0.05030655860900879,7,3.5625,7,6,1,405334016,EleutherAI/pythia-410m,step8,seed6,6,8
They liked the clucking chicken.,They liked the pet chicken.,chicken,chicken,Same Sense,0.04864770174026489,8,3.5625,7,6,1,405334016,EleutherAI/pythia-410m,step8,seed6,6,8
They liked the clucking chicken.,They liked the pet chicken.,chicken,chicken,Same Sense,0.047854602336883545,9,3.5625,7,6,1,405334016,EleutherAI/pythia-410m,step8,seed6,6,8
They liked the clucking chicken.,They liked the pet chicken.,chicken,chicken,Same Sense,0.04889857769012451,10,3.5625,7,6,1,405334016,EleutherAI/pythia-410m,step8,seed6,6,8
They liked the clucking chicken.,They liked the pet chicken.,chicken,chicken,Same Sense,0.047733843326568604,11,3.5625,7,6,1,405334016,EleutherAI/pythia-410m,step8,seed6,6,8
They liked the clucking chicken.,They liked the pet chicken.,chicken,chicken,Same Sense,0.04712587594985962,12,3.5625,7,6,1,405334016,EleutherAI/pythia-410m,step8,seed6,6,8
They liked the clucking chicken.,They liked the pet chicken.,chicken,chicken,Same Sense,0.04558706283569336,13,3.5625,7,6,1,405334016,EleutherAI/pythia-410m,step8,seed6,6,8
They liked the clucking chicken.,They liked the pet chicken.,chicken,chicken,Same Sense,0.0434914231300354,14,3.5625,7,6,1,405334016,EleutherAI/pythia-410m,step8,seed6,6,8
They liked the clucking chicken.,They liked the pet chicken.,chicken,chicken,Same Sense,0.04261070489883423,15,3.5625,7,6,1,405334016,EleutherAI/pythia-410m,step8,seed6,6,8
They liked the clucking chicken.,They liked the pet chicken.,chicken,chicken,Same Sense,0.04156416654586792,16,3.5625,7,6,1,405334016,EleutherAI/pythia-410m,step8,seed6,6,8
They liked the clucking chicken.,They liked the pet chicken.,chicken,chicken,Same Sense,0.04087376594543457,17,3.5625,7,6,1,405334016,EleutherAI/pythia-410m,step8,seed6,6,8
They liked the clucking chicken.,They liked the pet chicken.,chicken,chicken,Same Sense,0.03916192054748535,18,3.5625,7,6,1,405334016,EleutherAI/pythia-410m,step8,seed6,6,8
They liked the clucking chicken.,They liked the pet chicken.,chicken,chicken,Same Sense,0.037817955017089844,19,3.5625,7,6,1,405334016,EleutherAI/pythia-410m,step8,seed6,6,8
They liked the clucking chicken.,They liked the pet chicken.,chicken,chicken,Same Sense,0.03860652446746826,20,3.5625,7,6,1,405334016,EleutherAI/pythia-410m,step8,seed6,6,8
They liked the clucking chicken.,They liked the pet chicken.,chicken,chicken,Same Sense,0.03746587038040161,21,3.5625,7,6,1,405334016,EleutherAI/pythia-410m,step8,seed6,6,8
They liked the clucking chicken.,They liked the pet chicken.,chicken,chicken,Same Sense,0.03613525629043579,22,3.5625,7,6,1,405334016,EleutherAI/pythia-410m,step8,seed6,6,8
They liked the clucking chicken.,They liked the pet chicken.,chicken,chicken,Same Sense,0.03476470708847046,23,3.5625,7,6,1,405334016,EleutherAI/pythia-410m,step8,seed6,6,8
They liked the clucking chicken.,They liked the pet chicken.,chicken,chicken,Same Sense,0.03345412015914917,24,3.5625,7,6,1,405334016,EleutherAI/pythia-410m,step8,seed6,6,8
It was a perceptive class.,It was a boring class.,class,class,Different Sense,0.0,0,3.545454545,7,6,1,405334016,EleutherAI/pythia-410m,step8,seed6,6,8
It was a perceptive class.,It was a boring class.,class,class,Different Sense,0.027626752853393555,1,3.545454545,7,6,1,405334016,EleutherAI/pythia-410m,step8,seed6,6,8
It was a perceptive class.,It was a boring class.,class,class,Different Sense,0.044078946113586426,2,3.545454545,7,6,1,405334016,EleutherAI/pythia-410m,step8,seed6,6,8
It was a perceptive class.,It was a boring class.,class,class,Different Sense,0.04622608423233032,3,3.545454545,7,6,1,405334016,EleutherAI/pythia-410m,step8,seed6,6,8
It was a perceptive class.,It was a boring class.,class,class,Different Sense,0.047597646713256836,4,3.545454545,7,6,1,405334016,EleutherAI/pythia-410m,step8,seed6,6,8
It was a perceptive class.,It was a boring class.,class,class,Different Sense,0.05395221710205078,5,3.545454545,7,6,1,405334016,EleutherAI/pythia-410m,step8,seed6,6,8
It was a perceptive class.,It was a boring class.,class,class,Different Sense,0.054227590560913086,6,3.545454545,7,6,1,405334016,EleutherAI/pythia-410m,step8,seed6,6,8
It was a perceptive class.,It was a boring class.,class,class,Different Sense,0.05578070878982544,7,3.545454545,7,6,1,405334016,EleutherAI/pythia-410m,step8,seed6,6,8
It was a perceptive class.,It was a boring class.,class,class,Different Sense,0.05268287658691406,8,3.545454545,7,6,1,405334016,EleutherAI/pythia-410m,step8,seed6,6,8
It was a perceptive class.,It was a boring class.,class,class,Different Sense,0.053601622581481934,9,3.545454545,7,6,1,405334016,EleutherAI/pythia-410m,step8,seed6,6,8
It was a perceptive class.,It was a boring class.,class,class,Different Sense,0.05196946859359741,10,3.545454545,7,6,1,405334016,EleutherAI/pythia-410m,step8,seed6,6,8
It was a perceptive class.,It was a boring class.,class,class,Different Sense,0.049208641052246094,11,3.545454545,7,6,1,405334016,EleutherAI/pythia-410m,step8,seed6,6,8
It was a perceptive class.,It was a boring class.,class,class,Different Sense,0.04861193895339966,12,3.545454545,7,6,1,405334016,EleutherAI/pythia-410m,step8,seed6,6,8
It was a perceptive class.,It was a boring class.,class,class,Different Sense,0.049698829650878906,13,3.545454545,7,6,1,405334016,EleutherAI/pythia-410m,step8,seed6,6,8
It was a perceptive class.,It was a boring class.,class,class,Different Sense,0.04708582162857056,14,3.545454545,7,6,1,405334016,EleutherAI/pythia-410m,step8,seed6,6,8
It was a perceptive class.,It was a boring class.,class,class,Different Sense,0.04819148778915405,15,3.545454545,7,6,1,405334016,EleutherAI/pythia-410m,step8,seed6,6,8
It was a perceptive class.,It was a boring class.,class,class,Different Sense,0.045980632305145264,16,3.545454545,7,6,1,405334016,EleutherAI/pythia-410m,step8,seed6,6,8
It was a perceptive class.,It was a boring class.,class,class,Different Sense,0.04455500841140747,17,3.545454545,7,6,1,405334016,EleutherAI/pythia-410m,step8,seed6,6,8
It was a perceptive class.,It was a boring class.,class,class,Different Sense,0.0452655553817749,18,3.545454545,7,6,1,405334016,EleutherAI/pythia-410m,step8,seed6,6,8
It was a perceptive class.,It was a boring class.,class,class,Different Sense,0.04344797134399414,19,3.545454545,7,6,1,405334016,EleutherAI/pythia-410m,step8,seed6,6,8
It was a perceptive class.,It was a boring class.,class,class,Different Sense,0.04309743642807007,20,3.545454545,7,6,1,405334016,EleutherAI/pythia-410m,step8,seed6,6,8
It was a perceptive class.,It was a boring class.,class,class,Different Sense,0.04172009229660034,21,3.545454545,7,6,1,405334016,EleutherAI/pythia-410m,step8,seed6,6,8
It was a perceptive class.,It was a boring class.,class,class,Different Sense,0.040017902851104736,22,3.545454545,7,6,1,405334016,EleutherAI/pythia-410m,step8,seed6,6,8
It was a perceptive class.,It was a boring class.,class,class,Different Sense,0.03946077823638916,23,3.545454545,7,6,1,405334016,EleutherAI/pythia-410m,step8,seed6,6,8
It was a perceptive class.,It was a boring class.,class,class,Different Sense,0.03890228271484375,24,3.545454545,7,6,1,405334016,EleutherAI/pythia-410m,step8,seed6,6,8
It was a perceptive class.,It was a stimulating class.,class,class,Different Sense,0.0,0,3.583333333,7,6,1,405334016,EleutherAI/pythia-410m,step8,seed6,6,8
It was a perceptive class.,It was a stimulating class.,class,class,Different Sense,0.030748724937438965,1,3.583333333,7,6,1,405334016,EleutherAI/pythia-410m,step8,seed6,6,8
It was a perceptive class.,It was a stimulating class.,class,class,Different Sense,0.045870065689086914,2,3.583333333,7,6,1,405334016,EleutherAI/pythia-410m,step8,seed6,6,8
It was a perceptive class.,It was a stimulating class.,class,class,Different Sense,0.04770380258560181,3,3.583333333,7,6,1,405334016,EleutherAI/pythia-410m,step8,seed6,6,8
It was a perceptive class.,It was a stimulating class.,class,class,Different Sense,0.048098742961883545,4,3.583333333,7,6,1,405334016,EleutherAI/pythia-410m,step8,seed6,6,8
It was a perceptive class.,It was a stimulating class.,class,class,Different Sense,0.05144786834716797,5,3.583333333,7,6,1,405334016,EleutherAI/pythia-410m,step8,seed6,6,8
It was a perceptive class.,It was a stimulating class.,class,class,Different Sense,0.05227160453796387,6,3.583333333,7,6,1,405334016,EleutherAI/pythia-410m,step8,seed6,6,8
It was a perceptive class.,It was a stimulating class.,class,class,Different Sense,0.05306720733642578,7,3.583333333,7,6,1,405334016,EleutherAI/pythia-410m,step8,seed6,6,8
It was a perceptive class.,It was a stimulating class.,class,class,Different Sense,0.05089837312698364,8,3.583333333,7,6,1,405334016,EleutherAI/pythia-410m,step8,seed6,6,8
It was a perceptive class.,It was a stimulating class.,class,class,Different Sense,0.05208110809326172,9,3.583333333,7,6,1,405334016,EleutherAI/pythia-410m,step8,seed6,6,8
It was a perceptive class.,It was a stimulating class.,class,class,Different Sense,0.05097317695617676,10,3.583333333,7,6,1,405334016,EleutherAI/pythia-410m,step8,seed6,6,8
It was a perceptive class.,It was a stimulating class.,class,class,Different Sense,0.04791843891143799,11,3.583333333,7,6,1,405334016,EleutherAI/pythia-410m,step8,seed6,6,8
It was a perceptive class.,It was a stimulating class.,class,class,Different Sense,0.04917258024215698,12,3.583333333,7,6,1,405334016,EleutherAI/pythia-410m,step8,seed6,6,8
It was a perceptive class.,It was a stimulating class.,class,class,Different Sense,0.04878556728363037,13,3.583333333,7,6,1,405334016,EleutherAI/pythia-410m,step8,seed6,6,8
It was a perceptive class.,It was a stimulating class.,class,class,Different Sense,0.04862028360366821,14,3.583333333,7,6,1,405334016,EleutherAI/pythia-410m,step8,seed6,6,8
It was a perceptive class.,It was a stimulating class.,class,class,Different Sense,0.04720550775527954,15,3.583333333,7,6,1,405334016,EleutherAI/pythia-410m,step8,seed6,6,8
It was a perceptive class.,It was a stimulating class.,class,class,Different Sense,0.04544645547866821,16,3.583333333,7,6,1,405334016,EleutherAI/pythia-410m,step8,seed6,6,8
It was a perceptive class.,It was a stimulating class.,class,class,Different Sense,0.04443782567977905,17,3.583333333,7,6,1,405334016,EleutherAI/pythia-410m,step8,seed6,6,8
It was a perceptive class.,It was a stimulating class.,class,class,Different Sense,0.044434189796447754,18,3.583333333,7,6,1,405334016,EleutherAI/pythia-410m,step8,seed6,6,8
It was a perceptive class.,It was a stimulating class.,class,class,Different Sense,0.04251372814178467,19,3.583333333,7,6,1,405334016,EleutherAI/pythia-410m,step8,seed6,6,8
It was a perceptive class.,It was a stimulating class.,class,class,Different Sense,0.04185241460800171,20,3.583333333,7,6,1,405334016,EleutherAI/pythia-410m,step8,seed6,6,8
It was a perceptive class.,It was a stimulating class.,class,class,Different Sense,0.0408361554145813,21,3.583333333,7,6,1,405334016,EleutherAI/pythia-410m,step8,seed6,6,8
It was a perceptive class.,It was a stimulating class.,class,class,Different Sense,0.03948432207107544,22,3.583333333,7,6,1,405334016,EleutherAI/pythia-410m,step8,seed6,6,8
It was a perceptive class.,It was a stimulating class.,class,class,Different Sense,0.0379633903503418,23,3.583333333,7,6,1,405334016,EleutherAI/pythia-410m,step8,seed6,6,8
It was a perceptive class.,It was a stimulating class.,class,class,Different Sense,0.03756314516067505,24,3.583333333,7,6,1,405334016,EleutherAI/pythia-410m,step8,seed6,6,8
It was a misbehaving class.,It was a boring class.,class,class,Different Sense,0.0,0,2.9375,8,6,2,405334016,EleutherAI/pythia-410m,step8,seed6,6,8
It was a misbehaving class.,It was a boring class.,class,class,Different Sense,0.040577709674835205,1,2.9375,8,6,2,405334016,EleutherAI/pythia-410m,step8,seed6,6,8
It was a misbehaving class.,It was a boring class.,class,class,Different Sense,0.0587272047996521,2,2.9375,8,6,2,405334016,EleutherAI/pythia-410m,step8,seed6,6,8
It was a misbehaving class.,It was a boring class.,class,class,Different Sense,0.06270110607147217,3,2.9375,8,6,2,405334016,EleutherAI/pythia-410m,step8,seed6,6,8
It was a misbehaving class.,It was a boring class.,class,class,Different Sense,0.06355124711990356,4,2.9375,8,6,2,405334016,EleutherAI/pythia-410m,step8,seed6,6,8
It was a misbehaving class.,It was a boring class.,class,class,Different Sense,0.0760185718536377,5,2.9375,8,6,2,405334016,EleutherAI/pythia-410m,step8,seed6,6,8
It was a misbehaving class.,It was a boring class.,class,class,Different Sense,0.07562386989593506,6,2.9375,8,6,2,405334016,EleutherAI/pythia-410m,step8,seed6,6,8
It was a misbehaving class.,It was a boring class.,class,class,Different Sense,0.07448816299438477,7,2.9375,8,6,2,405334016,EleutherAI/pythia-410m,step8,seed6,6,8
It was a misbehaving class.,It was a boring class.,class,class,Different Sense,0.06972920894622803,8,2.9375,8,6,2,405334016,EleutherAI/pythia-410m,step8,seed6,6,8
It was a misbehaving class.,It was a boring class.,class,class,Different Sense,0.07230138778686523,9,2.9375,8,6,2,405334016,EleutherAI/pythia-410m,step8,seed6,6,8
It was a misbehaving class.,It was a boring class.,class,class,Different Sense,0.06976711750030518,10,2.9375,8,6,2,405334016,EleutherAI/pythia-410m,step8,seed6,6,8
It was a misbehaving class.,It was a boring class.,class,class,Different Sense,0.06734740734100342,11,2.9375,8,6,2,405334016,EleutherAI/pythia-410m,step8,seed6,6,8
It was a misbehaving class.,It was a boring class.,class,class,Different Sense,0.06716984510421753,12,2.9375,8,6,2,405334016,EleutherAI/pythia-410m,step8,seed6,6,8
It was a misbehaving class.,It was a boring class.,class,class,Different Sense,0.0672844648361206,13,2.9375,8,6,2,405334016,EleutherAI/pythia-410m,step8,seed6,6,8
It was a misbehaving class.,It was a boring class.,class,class,Different Sense,0.0654032826423645,14,2.9375,8,6,2,405334016,EleutherAI/pythia-410m,step8,seed6,6,8
It was a misbehaving class.,It was a boring class.,class,class,Different Sense,0.06580168008804321,15,2.9375,8,6,2,405334016,EleutherAI/pythia-410m,step8,seed6,6,8
It was a misbehaving class.,It was a boring class.,class,class,Different Sense,0.0643538236618042,16,2.9375,8,6,2,405334016,EleutherAI/pythia-410m,step8,seed6,6,8
It was a misbehaving class.,It was a boring class.,class,class,Different Sense,0.06335443258285522,17,2.9375,8,6,2,405334016,EleutherAI/pythia-410m,step8,seed6,6,8
It was a misbehaving class.,It was a boring class.,class,class,Different Sense,0.06272000074386597,18,2.9375,8,6,2,405334016,EleutherAI/pythia-410m,step8,seed6,6,8
It was a misbehaving class.,It was a boring class.,class,class,Different Sense,0.061612486839294434,19,2.9375,8,6,2,405334016,EleutherAI/pythia-410m,step8,seed6,6,8
It was a misbehaving class.,It was a boring class.,class,class,Different Sense,0.06028968095779419,20,2.9375,8,6,2,405334016,EleutherAI/pythia-410m,step8,seed6,6,8
It was a misbehaving class.,It was a boring class.,class,class,Different Sense,0.058808088302612305,21,2.9375,8,6,2,405334016,EleutherAI/pythia-410m,step8,seed6,6,8
It was a misbehaving class.,It was a boring class.,class,class,Different Sense,0.056079745292663574,22,2.9375,8,6,2,405334016,EleutherAI/pythia-410m,step8,seed6,6,8
It was a misbehaving class.,It was a boring class.,class,class,Different Sense,0.053980350494384766,23,2.9375,8,6,2,405334016,EleutherAI/pythia-410m,step8,seed6,6,8
It was a misbehaving class.,It was a boring class.,class,class,Different Sense,0.05336427688598633,24,2.9375,8,6,2,405334016,EleutherAI/pythia-410m,step8,seed6,6,8
It was a misbehaving class.,It was a stimulating class.,class,class,Different Sense,0.0,0,2.8,8,6,2,405334016,EleutherAI/pythia-410m,step8,seed6,6,8
It was a misbehaving class.,It was a stimulating class.,class,class,Different Sense,0.03664112091064453,1,2.8,8,6,2,405334016,EleutherAI/pythia-410m,step8,seed6,6,8
It was a misbehaving class.,It was a stimulating class.,class,class,Different Sense,0.05399119853973389,2,2.8,8,6,2,405334016,EleutherAI/pythia-410m,step8,seed6,6,8
It was a misbehaving class.,It was a stimulating class.,class,class,Different Sense,0.06048828363418579,3,2.8,8,6,2,405334016,EleutherAI/pythia-410m,step8,seed6,6,8
It was a misbehaving class.,It was a stimulating class.,class,class,Different Sense,0.06009882688522339,4,2.8,8,6,2,405334016,EleutherAI/pythia-410m,step8,seed6,6,8
It was a misbehaving class.,It was a stimulating class.,class,class,Different Sense,0.06872057914733887,5,2.8,8,6,2,405334016,EleutherAI/pythia-410m,step8,seed6,6,8
It was a misbehaving class.,It was a stimulating class.,class,class,Different Sense,0.06903016567230225,6,2.8,8,6,2,405334016,EleutherAI/pythia-410m,step8,seed6,6,8
It was a misbehaving class.,It was a stimulating class.,class,class,Different Sense,0.06662720441818237,7,2.8,8,6,2,405334016,EleutherAI/pythia-410m,step8,seed6,6,8
It was a misbehaving class.,It was a stimulating class.,class,class,Different Sense,0.06391400098800659,8,2.8,8,6,2,405334016,EleutherAI/pythia-410m,step8,seed6,6,8
It was a misbehaving class.,It was a stimulating class.,class,class,Different Sense,0.06650060415267944,9,2.8,8,6,2,405334016,EleutherAI/pythia-410m,step8,seed6,6,8
It was a misbehaving class.,It was a stimulating class.,class,class,Different Sense,0.06581908464431763,10,2.8,8,6,2,405334016,EleutherAI/pythia-410m,step8,seed6,6,8
It was a misbehaving class.,It was a stimulating class.,class,class,Different Sense,0.06178390979766846,11,2.8,8,6,2,405334016,EleutherAI/pythia-410m,step8,seed6,6,8
It was a misbehaving class.,It was a stimulating class.,class,class,Different Sense,0.06408631801605225,12,2.8,8,6,2,405334016,EleutherAI/pythia-410m,step8,seed6,6,8
It was a misbehaving class.,It was a stimulating class.,class,class,Different Sense,0.06274563074111938,13,2.8,8,6,2,405334016,EleutherAI/pythia-410m,step8,seed6,6,8
It was a misbehaving class.,It was a stimulating class.,class,class,Different Sense,0.06134885549545288,14,2.8,8,6,2,405334016,EleutherAI/pythia-410m,step8,seed6,6,8
It was a misbehaving class.,It was a stimulating class.,class,class,Different Sense,0.06056243181228638,15,2.8,8,6,2,405334016,EleutherAI/pythia-410m,step8,seed6,6,8
It was a misbehaving class.,It was a stimulating class.,class,class,Different Sense,0.0591888427734375,16,2.8,8,6,2,405334016,EleutherAI/pythia-410m,step8,seed6,6,8
It was a misbehaving class.,It was a stimulating class.,class,class,Different Sense,0.05811566114425659,17,2.8,8,6,2,405334016,EleutherAI/pythia-410m,step8,seed6,6,8
It was a misbehaving class.,It was a stimulating class.,class,class,Different Sense,0.055955588817596436,18,2.8,8,6,2,405334016,EleutherAI/pythia-410m,step8,seed6,6,8
It was a misbehaving class.,It was a stimulating class.,class,class,Different Sense,0.054721057415008545,19,2.8,8,6,2,405334016,EleutherAI/pythia-410m,step8,seed6,6,8
It was a misbehaving class.,It was a stimulating class.,class,class,Different Sense,0.05467194318771362,20,2.8,8,6,2,405334016,EleutherAI/pythia-410m,step8,seed6,6,8
It was a misbehaving class.,It was a stimulating class.,class,class,Different Sense,0.05376249551773071,21,2.8,8,6,2,405334016,EleutherAI/pythia-410m,step8,seed6,6,8
It was a misbehaving class.,It was a stimulating class.,class,class,Different Sense,0.05215895175933838,22,2.8,8,6,2,405334016,EleutherAI/pythia-410m,step8,seed6,6,8
It was a misbehaving class.,It was a stimulating class.,class,class,Different Sense,0.05016845464706421,23,2.8,8,6,2,405334016,EleutherAI/pythia-410m,step8,seed6,6,8
It was a misbehaving class.,It was a stimulating class.,class,class,Different Sense,0.050657570362091064,24,2.8,8,6,2,405334016,EleutherAI/pythia-410m,step8,seed6,6,8
It was a perceptive class.,It was a misbehaving class.,class,class,Same Sense,0.0,0,2.545454545,7,8,1,405334016,EleutherAI/pythia-410m,step8,seed6,6,8
It was a perceptive class.,It was a misbehaving class.,class,class,Same Sense,0.03994542360305786,1,2.545454545,7,8,1,405334016,EleutherAI/pythia-410m,step8,seed6,6,8
It was a perceptive class.,It was a misbehaving class.,class,class,Same Sense,0.06365269422531128,2,2.545454545,7,8,1,405334016,EleutherAI/pythia-410m,step8,seed6,6,8
It was a perceptive class.,It was a misbehaving class.,class,class,Same Sense,0.06960684061050415,3,2.545454545,7,8,1,405334016,EleutherAI/pythia-410m,step8,seed6,6,8
It was a perceptive class.,It was a misbehaving class.,class,class,Same Sense,0.07049506902694702,4,2.545454545,7,8,1,405334016,EleutherAI/pythia-410m,step8,seed6,6,8
It was a perceptive class.,It was a misbehaving class.,class,class,Same Sense,0.07993024587631226,5,2.545454545,7,8,1,405334016,EleutherAI/pythia-410m,step8,seed6,6,8
It was a perceptive class.,It was a misbehaving class.,class,class,Same Sense,0.07868200540542603,6,2.545454545,7,8,1,405334016,EleutherAI/pythia-410m,step8,seed6,6,8
It was a perceptive class.,It was a misbehaving class.,class,class,Same Sense,0.07838201522827148,7,2.545454545,7,8,1,405334016,EleutherAI/pythia-410m,step8,seed6,6,8
It was a perceptive class.,It was a misbehaving class.,class,class,Same Sense,0.07612502574920654,8,2.545454545,7,8,1,405334016,EleutherAI/pythia-410m,step8,seed6,6,8
It was a perceptive class.,It was a misbehaving class.,class,class,Same Sense,0.07651722431182861,9,2.545454545,7,8,1,405334016,EleutherAI/pythia-410m,step8,seed6,6,8
It was a perceptive class.,It was a misbehaving class.,class,class,Same Sense,0.07406336069107056,10,2.545454545,7,8,1,405334016,EleutherAI/pythia-410m,step8,seed6,6,8
It was a perceptive class.,It was a misbehaving class.,class,class,Same Sense,0.0714295506477356,11,2.545454545,7,8,1,405334016,EleutherAI/pythia-410m,step8,seed6,6,8
It was a perceptive class.,It was a misbehaving class.,class,class,Same Sense,0.0725526213645935,12,2.545454545,7,8,1,405334016,EleutherAI/pythia-410m,step8,seed6,6,8
It was a perceptive class.,It was a misbehaving class.,class,class,Same Sense,0.0699511170387268,13,2.545454545,7,8,1,405334016,EleutherAI/pythia-410m,step8,seed6,6,8
It was a perceptive class.,It was a misbehaving class.,class,class,Same Sense,0.06772071123123169,14,2.545454545,7,8,1,405334016,EleutherAI/pythia-410m,step8,seed6,6,8
It was a perceptive class.,It was a misbehaving class.,class,class,Same Sense,0.0672612190246582,15,2.545454545,7,8,1,405334016,EleutherAI/pythia-410m,step8,seed6,6,8
It was a perceptive class.,It was a misbehaving class.,class,class,Same Sense,0.06737333536148071,16,2.545454545,7,8,1,405334016,EleutherAI/pythia-410m,step8,seed6,6,8
It was a perceptive class.,It was a misbehaving class.,class,class,Same Sense,0.06557732820510864,17,2.545454545,7,8,1,405334016,EleutherAI/pythia-410m,step8,seed6,6,8
It was a perceptive class.,It was a misbehaving class.,class,class,Same Sense,0.06396454572677612,18,2.545454545,7,8,1,405334016,EleutherAI/pythia-410m,step8,seed6,6,8
It was a perceptive class.,It was a misbehaving class.,class,class,Same Sense,0.06185370683670044,19,2.545454545,7,8,1,405334016,EleutherAI/pythia-410m,step8,seed6,6,8
It was a perceptive class.,It was a misbehaving class.,class,class,Same Sense,0.06149756908416748,20,2.545454545,7,8,1,405334016,EleutherAI/pythia-410m,step8,seed6,6,8
It was a perceptive class.,It was a misbehaving class.,class,class,Same Sense,0.06019014120101929,21,2.545454545,7,8,1,405334016,EleutherAI/pythia-410m,step8,seed6,6,8
It was a perceptive class.,It was a misbehaving class.,class,class,Same Sense,0.05806070566177368,22,2.545454545,7,8,1,405334016,EleutherAI/pythia-410m,step8,seed6,6,8
It was a perceptive class.,It was a misbehaving class.,class,class,Same Sense,0.05613529682159424,23,2.545454545,7,8,1,405334016,EleutherAI/pythia-410m,step8,seed6,6,8
It was a perceptive class.,It was a misbehaving class.,class,class,Same Sense,0.05609005689620972,24,2.545454545,7,8,1,405334016,EleutherAI/pythia-410m,step8,seed6,6,8
It was a boring class.,It was a stimulating class.,class,class,Same Sense,0.0,0,3.833333333,6,6,0,405334016,EleutherAI/pythia-410m,step8,seed6,6,8
It was a boring class.,It was a stimulating class.,class,class,Same Sense,0.026489078998565674,1,3.833333333,6,6,0,405334016,EleutherAI/pythia-410m,step8,seed6,6,8
It was a boring class.,It was a stimulating class.,class,class,Same Sense,0.03684884309768677,2,3.833333333,6,6,0,405334016,EleutherAI/pythia-410m,step8,seed6,6,8
It was a boring class.,It was a stimulating class.,class,class,Same Sense,0.03690522909164429,3,3.833333333,6,6,0,405334016,EleutherAI/pythia-410m,step8,seed6,6,8
It was a boring class.,It was a stimulating class.,class,class,Same Sense,0.035828590393066406,4,3.833333333,6,6,0,405334016,EleutherAI/pythia-410m,step8,seed6,6,8
It was a boring class.,It was a stimulating class.,class,class,Same Sense,0.040265440940856934,5,3.833333333,6,6,0,405334016,EleutherAI/pythia-410m,step8,seed6,6,8
It was a boring class.,It was a stimulating class.,class,class,Same Sense,0.04007995128631592,6,3.833333333,6,6,0,405334016,EleutherAI/pythia-410m,step8,seed6,6,8
It was a boring class.,It was a stimulating class.,class,class,Same Sense,0.039866626262664795,7,3.833333333,6,6,0,405334016,EleutherAI/pythia-410m,step8,seed6,6,8
It was a boring class.,It was a stimulating class.,class,class,Same Sense,0.03791332244873047,8,3.833333333,6,6,0,405334016,EleutherAI/pythia-410m,step8,seed6,6,8
It was a boring class.,It was a stimulating class.,class,class,Same Sense,0.03885883092880249,9,3.833333333,6,6,0,405334016,EleutherAI/pythia-410m,step8,seed6,6,8
It was a boring class.,It was a stimulating class.,class,class,Same Sense,0.03857964277267456,10,3.833333333,6,6,0,405334016,EleutherAI/pythia-410m,step8,seed6,6,8
It was a boring class.,It was a stimulating class.,class,class,Same Sense,0.03726273775100708,11,3.833333333,6,6,0,405334016,EleutherAI/pythia-410m,step8,seed6,6,8
It was a boring class.,It was a stimulating class.,class,class,Same Sense,0.03758138418197632,12,3.833333333,6,6,0,405334016,EleutherAI/pythia-410m,step8,seed6,6,8
It was a boring class.,It was a stimulating class.,class,class,Same Sense,0.03734320402145386,13,3.833333333,6,6,0,405334016,EleutherAI/pythia-410m,step8,seed6,6,8
It was a boring class.,It was a stimulating class.,class,class,Same Sense,0.03636842966079712,14,3.833333333,6,6,0,405334016,EleutherAI/pythia-410m,step8,seed6,6,8
It was a boring class.,It was a stimulating class.,class,class,Same Sense,0.035111963748931885,15,3.833333333,6,6,0,405334016,EleutherAI/pythia-410m,step8,seed6,6,8
It was a boring class.,It was a stimulating class.,class,class,Same Sense,0.03341740369796753,16,3.833333333,6,6,0,405334016,EleutherAI/pythia-410m,step8,seed6,6,8
It was a boring class.,It was a stimulating class.,class,class,Same Sense,0.03320521116256714,17,3.833333333,6,6,0,405334016,EleutherAI/pythia-410m,step8,seed6,6,8
It was a boring class.,It was a stimulating class.,class,class,Same Sense,0.03234243392944336,18,3.833333333,6,6,0,405334016,EleutherAI/pythia-410m,step8,seed6,6,8
It was a boring class.,It was a stimulating class.,class,class,Same Sense,0.031990110874176025,19,3.833333333,6,6,0,405334016,EleutherAI/pythia-410m,step8,seed6,6,8
It was a boring class.,It was a stimulating class.,class,class,Same Sense,0.031968772411346436,20,3.833333333,6,6,0,405334016,EleutherAI/pythia-410m,step8,seed6,6,8
It was a boring class.,It was a stimulating class.,class,class,Same Sense,0.031075358390808105,21,3.833333333,6,6,0,405334016,EleutherAI/pythia-410m,step8,seed6,6,8
It was a boring class.,It was a stimulating class.,class,class,Same Sense,0.029574871063232422,22,3.833333333,6,6,0,405334016,EleutherAI/pythia-410m,step8,seed6,6,8
It was a boring class.,It was a stimulating class.,class,class,Same Sense,0.028785109519958496,23,3.833333333,6,6,0,405334016,EleutherAI/pythia-410m,step8,seed6,6,8
It was a boring class.,It was a stimulating class.,class,class,Same Sense,0.02826148271560669,24,3.833333333,6,6,0,405334016,EleutherAI/pythia-410m,step8,seed6,6,8
It was a film clip.,It was a hair clip.,clip,clip,Different Sense,0.0,0,0.7,6,6,0,405334016,EleutherAI/pythia-410m,step8,seed6,6,8
It was a film clip.,It was a hair clip.,clip,clip,Different Sense,0.021148502826690674,1,0.7,6,6,0,405334016,EleutherAI/pythia-410m,step8,seed6,6,8
It was a film clip.,It was a hair clip.,clip,clip,Different Sense,0.030476033687591553,2,0.7,6,6,0,405334016,EleutherAI/pythia-410m,step8,seed6,6,8
It was a film clip.,It was a hair clip.,clip,clip,Different Sense,0.03327536582946777,3,0.7,6,6,0,405334016,EleutherAI/pythia-410m,step8,seed6,6,8
It was a film clip.,It was a hair clip.,clip,clip,Different Sense,0.03749185800552368,4,0.7,6,6,0,405334016,EleutherAI/pythia-410m,step8,seed6,6,8
It was a film clip.,It was a hair clip.,clip,clip,Different Sense,0.03864490985870361,5,0.7,6,6,0,405334016,EleutherAI/pythia-410m,step8,seed6,6,8
It was a film clip.,It was a hair clip.,clip,clip,Different Sense,0.03950315713882446,6,0.7,6,6,0,405334016,EleutherAI/pythia-410m,step8,seed6,6,8
It was a film clip.,It was a hair clip.,clip,clip,Different Sense,0.04014575481414795,7,0.7,6,6,0,405334016,EleutherAI/pythia-410m,step8,seed6,6,8
It was a film clip.,It was a hair clip.,clip,clip,Different Sense,0.03941190242767334,8,0.7,6,6,0,405334016,EleutherAI/pythia-410m,step8,seed6,6,8
It was a film clip.,It was a hair clip.,clip,clip,Different Sense,0.03928971290588379,9,0.7,6,6,0,405334016,EleutherAI/pythia-410m,step8,seed6,6,8
It was a film clip.,It was a hair clip.,clip,clip,Different Sense,0.03968691825866699,10,0.7,6,6,0,405334016,EleutherAI/pythia-410m,step8,seed6,6,8
It was a film clip.,It was a hair clip.,clip,clip,Different Sense,0.039503633975982666,11,0.7,6,6,0,405334016,EleutherAI/pythia-410m,step8,seed6,6,8
It was a film clip.,It was a hair clip.,clip,clip,Different Sense,0.03896141052246094,12,0.7,6,6,0,405334016,EleutherAI/pythia-410m,step8,seed6,6,8
It was a film clip.,It was a hair clip.,clip,clip,Different Sense,0.03836369514465332,13,0.7,6,6,0,405334016,EleutherAI/pythia-410m,step8,seed6,6,8
It was a film clip.,It was a hair clip.,clip,clip,Different Sense,0.037391483783721924,14,0.7,6,6,0,405334016,EleutherAI/pythia-410m,step8,seed6,6,8
It was a film clip.,It was a hair clip.,clip,clip,Different Sense,0.03696471452713013,15,0.7,6,6,0,405334016,EleutherAI/pythia-410m,step8,seed6,6,8
It was a film clip.,It was a hair clip.,clip,clip,Different Sense,0.03617990016937256,16,0.7,6,6,0,405334016,EleutherAI/pythia-410m,step8,seed6,6,8
It was a film clip.,It was a hair clip.,clip,clip,Different Sense,0.03575330972671509,17,0.7,6,6,0,405334016,EleutherAI/pythia-410m,step8,seed6,6,8
It was a film clip.,It was a hair clip.,clip,clip,Different Sense,0.03462141752243042,18,0.7,6,6,0,405334016,EleutherAI/pythia-410m,step8,seed6,6,8
It was a film clip.,It was a hair clip.,clip,clip,Different Sense,0.03374505043029785,19,0.7,6,6,0,405334016,EleutherAI/pythia-410m,step8,seed6,6,8
It was a film clip.,It was a hair clip.,clip,clip,Different Sense,0.03284347057342529,20,0.7,6,6,0,405334016,EleutherAI/pythia-410m,step8,seed6,6,8
It was a film clip.,It was a hair clip.,clip,clip,Different Sense,0.03290450572967529,21,0.7,6,6,0,405334016,EleutherAI/pythia-410m,step8,seed6,6,8
It was a film clip.,It was a hair clip.,clip,clip,Different Sense,0.031202614307403564,22,0.7,6,6,0,405334016,EleutherAI/pythia-410m,step8,seed6,6,8
It was a film clip.,It was a hair clip.,clip,clip,Different Sense,0.029885172843933105,23,0.7,6,6,0,405334016,EleutherAI/pythia-410m,step8,seed6,6,8
It was a film clip.,It was a hair clip.,clip,clip,Different Sense,0.029926598072052002,24,0.7,6,6,0,405334016,EleutherAI/pythia-410m,step8,seed6,6,8
It was a film clip.,It was a metal clip.,clip,clip,Different Sense,0.0,0,0.555555556,6,6,0,405334016,EleutherAI/pythia-410m,step8,seed6,6,8
It was a film clip.,It was a metal clip.,clip,clip,Different Sense,0.021158695220947266,1,0.555555556,6,6,0,405334016,EleutherAI/pythia-410m,step8,seed6,6,8
It was a film clip.,It was a metal clip.,clip,clip,Different Sense,0.027630329132080078,2,0.555555556,6,6,0,405334016,EleutherAI/pythia-410m,step8,seed6,6,8
It was a film clip.,It was a metal clip.,clip,clip,Different Sense,0.029959797859191895,3,0.555555556,6,6,0,405334016,EleutherAI/pythia-410m,step8,seed6,6,8
It was a film clip.,It was a metal clip.,clip,clip,Different Sense,0.03596782684326172,4,0.555555556,6,6,0,405334016,EleutherAI/pythia-410m,step8,seed6,6,8
It was a film clip.,It was a metal clip.,clip,clip,Different Sense,0.03786343336105347,5,0.555555556,6,6,0,405334016,EleutherAI/pythia-410m,step8,seed6,6,8
It was a film clip.,It was a metal clip.,clip,clip,Different Sense,0.037152767181396484,6,0.555555556,6,6,0,405334016,EleutherAI/pythia-410m,step8,seed6,6,8
It was a film clip.,It was a metal clip.,clip,clip,Different Sense,0.03670281171798706,7,0.555555556,6,6,0,405334016,EleutherAI/pythia-410m,step8,seed6,6,8
It was a film clip.,It was a metal clip.,clip,clip,Different Sense,0.0364764928817749,8,0.555555556,6,6,0,405334016,EleutherAI/pythia-410m,step8,seed6,6,8
It was a film clip.,It was a metal clip.,clip,clip,Different Sense,0.036209821701049805,9,0.555555556,6,6,0,405334016,EleutherAI/pythia-410m,step8,seed6,6,8
It was a film clip.,It was a metal clip.,clip,clip,Different Sense,0.03728717565536499,10,0.555555556,6,6,0,405334016,EleutherAI/pythia-410m,step8,seed6,6,8
It was a film clip.,It was a metal clip.,clip,clip,Different Sense,0.037675440311431885,11,0.555555556,6,6,0,405334016,EleutherAI/pythia-410m,step8,seed6,6,8
It was a film clip.,It was a metal clip.,clip,clip,Different Sense,0.03639507293701172,12,0.555555556,6,6,0,405334016,EleutherAI/pythia-410m,step8,seed6,6,8
It was a film clip.,It was a metal clip.,clip,clip,Different Sense,0.034812211990356445,13,0.555555556,6,6,0,405334016,EleutherAI/pythia-410m,step8,seed6,6,8
It was a film clip.,It was a metal clip.,clip,clip,Different Sense,0.034885525703430176,14,0.555555556,6,6,0,405334016,EleutherAI/pythia-410m,step8,seed6,6,8
It was a film clip.,It was a metal clip.,clip,clip,Different Sense,0.03467315435409546,15,0.555555556,6,6,0,405334016,EleutherAI/pythia-410m,step8,seed6,6,8
It was a film clip.,It was a metal clip.,clip,clip,Different Sense,0.034238338470458984,16,0.555555556,6,6,0,405334016,EleutherAI/pythia-410m,step8,seed6,6,8
It was a film clip.,It was a metal clip.,clip,clip,Different Sense,0.03323554992675781,17,0.555555556,6,6,0,405334016,EleutherAI/pythia-410m,step8,seed6,6,8
It was a film clip.,It was a metal clip.,clip,clip,Different Sense,0.032329559326171875,18,0.555555556,6,6,0,405334016,EleutherAI/pythia-410m,step8,seed6,6,8
It was a film clip.,It was a metal clip.,clip,clip,Different Sense,0.03238499164581299,19,0.555555556,6,6,0,405334016,EleutherAI/pythia-410m,step8,seed6,6,8
It was a film clip.,It was a metal clip.,clip,clip,Different Sense,0.03155559301376343,20,0.555555556,6,6,0,405334016,EleutherAI/pythia-410m,step8,seed6,6,8
It was a film clip.,It was a metal clip.,clip,clip,Different Sense,0.03199148178100586,21,0.555555556,6,6,0,405334016,EleutherAI/pythia-410m,step8,seed6,6,8
It was a film clip.,It was a metal clip.,clip,clip,Different Sense,0.031095385551452637,22,0.555555556,6,6,0,405334016,EleutherAI/pythia-410m,step8,seed6,6,8
It was a film clip.,It was a metal clip.,clip,clip,Different Sense,0.030460238456726074,23,0.555555556,6,6,0,405334016,EleutherAI/pythia-410m,step8,seed6,6,8
It was a film clip.,It was a metal clip.,clip,clip,Different Sense,0.02997487783432007,24,0.555555556,6,6,0,405334016,EleutherAI/pythia-410m,step8,seed6,6,8
It was a video clip.,It was a hair clip.,clip,clip,Different Sense,0.0,0,0.4,6,6,0,405334016,EleutherAI/pythia-410m,step8,seed6,6,8
It was a video clip.,It was a hair clip.,clip,clip,Different Sense,0.024457693099975586,1,0.4,6,6,0,405334016,EleutherAI/pythia-410m,step8,seed6,6,8
It was a video clip.,It was a hair clip.,clip,clip,Different Sense,0.03170579671859741,2,0.4,6,6,0,405334016,EleutherAI/pythia-410m,step8,seed6,6,8
It was a video clip.,It was a hair clip.,clip,clip,Different Sense,0.03550225496292114,3,0.4,6,6,0,405334016,EleutherAI/pythia-410m,step8,seed6,6,8
It was a video clip.,It was a hair clip.,clip,clip,Different Sense,0.038224756717681885,4,0.4,6,6,0,405334016,EleutherAI/pythia-410m,step8,seed6,6,8
It was a video clip.,It was a hair clip.,clip,clip,Different Sense,0.041113436222076416,5,0.4,6,6,0,405334016,EleutherAI/pythia-410m,step8,seed6,6,8
It was a video clip.,It was a hair clip.,clip,clip,Different Sense,0.04090893268585205,6,0.4,6,6,0,405334016,EleutherAI/pythia-410m,step8,seed6,6,8
It was a video clip.,It was a hair clip.,clip,clip,Different Sense,0.04181206226348877,7,0.4,6,6,0,405334016,EleutherAI/pythia-410m,step8,seed6,6,8
It was a video clip.,It was a hair clip.,clip,clip,Different Sense,0.04175657033920288,8,0.4,6,6,0,405334016,EleutherAI/pythia-410m,step8,seed6,6,8
It was a video clip.,It was a hair clip.,clip,clip,Different Sense,0.04296642541885376,9,0.4,6,6,0,405334016,EleutherAI/pythia-410m,step8,seed6,6,8
It was a video clip.,It was a hair clip.,clip,clip,Different Sense,0.04394584894180298,10,0.4,6,6,0,405334016,EleutherAI/pythia-410m,step8,seed6,6,8
It was a video clip.,It was a hair clip.,clip,clip,Different Sense,0.044500768184661865,11,0.4,6,6,0,405334016,EleutherAI/pythia-410m,step8,seed6,6,8
It was a video clip.,It was a hair clip.,clip,clip,Different Sense,0.043383657932281494,12,0.4,6,6,0,405334016,EleutherAI/pythia-410m,step8,seed6,6,8
It was a video clip.,It was a hair clip.,clip,clip,Different Sense,0.04277539253234863,13,0.4,6,6,0,405334016,EleutherAI/pythia-410m,step8,seed6,6,8
It was a video clip.,It was a hair clip.,clip,clip,Different Sense,0.04184544086456299,14,0.4,6,6,0,405334016,EleutherAI/pythia-410m,step8,seed6,6,8
It was a video clip.,It was a hair clip.,clip,clip,Different Sense,0.04277855157852173,15,0.4,6,6,0,405334016,EleutherAI/pythia-410m,step8,seed6,6,8
It was a video clip.,It was a hair clip.,clip,clip,Different Sense,0.04176449775695801,16,0.4,6,6,0,405334016,EleutherAI/pythia-410m,step8,seed6,6,8
It was a video clip.,It was a hair clip.,clip,clip,Different Sense,0.04050028324127197,17,0.4,6,6,0,405334016,EleutherAI/pythia-410m,step8,seed6,6,8
It was a video clip.,It was a hair clip.,clip,clip,Different Sense,0.0394742488861084,18,0.4,6,6,0,405334016,EleutherAI/pythia-410m,step8,seed6,6,8
It was a video clip.,It was a hair clip.,clip,clip,Different Sense,0.039138734340667725,19,0.4,6,6,0,405334016,EleutherAI/pythia-410m,step8,seed6,6,8
It was a video clip.,It was a hair clip.,clip,clip,Different Sense,0.03880274295806885,20,0.4,6,6,0,405334016,EleutherAI/pythia-410m,step8,seed6,6,8
It was a video clip.,It was a hair clip.,clip,clip,Different Sense,0.0381280779838562,21,0.4,6,6,0,405334016,EleutherAI/pythia-410m,step8,seed6,6,8
It was a video clip.,It was a hair clip.,clip,clip,Different Sense,0.03758639097213745,22,0.4,6,6,0,405334016,EleutherAI/pythia-410m,step8,seed6,6,8
It was a video clip.,It was a hair clip.,clip,clip,Different Sense,0.03678023815155029,23,0.4,6,6,0,405334016,EleutherAI/pythia-410m,step8,seed6,6,8
It was a video clip.,It was a hair clip.,clip,clip,Different Sense,0.03631782531738281,24,0.4,6,6,0,405334016,EleutherAI/pythia-410m,step8,seed6,6,8
It was a video clip.,It was a metal clip.,clip,clip,Different Sense,0.0,0,0.222222222,6,6,0,405334016,EleutherAI/pythia-410m,step8,seed6,6,8
It was a video clip.,It was a metal clip.,clip,clip,Different Sense,0.019969463348388672,1,0.222222222,6,6,0,405334016,EleutherAI/pythia-410m,step8,seed6,6,8
It was a video clip.,It was a metal clip.,clip,clip,Different Sense,0.02810150384902954,2,0.222222222,6,6,0,405334016,EleutherAI/pythia-410m,step8,seed6,6,8
It was a video clip.,It was a metal clip.,clip,clip,Different Sense,0.03112626075744629,3,0.222222222,6,6,0,405334016,EleutherAI/pythia-410m,step8,seed6,6,8
It was a video clip.,It was a metal clip.,clip,clip,Different Sense,0.03477466106414795,4,0.222222222,6,6,0,405334016,EleutherAI/pythia-410m,step8,seed6,6,8
It was a video clip.,It was a metal clip.,clip,clip,Different Sense,0.03684502840042114,5,0.222222222,6,6,0,405334016,EleutherAI/pythia-410m,step8,seed6,6,8
It was a video clip.,It was a metal clip.,clip,clip,Different Sense,0.03527975082397461,6,0.222222222,6,6,0,405334016,EleutherAI/pythia-410m,step8,seed6,6,8
It was a video clip.,It was a metal clip.,clip,clip,Different Sense,0.03646117448806763,7,0.222222222,6,6,0,405334016,EleutherAI/pythia-410m,step8,seed6,6,8
It was a video clip.,It was a metal clip.,clip,clip,Different Sense,0.03713279962539673,8,0.222222222,6,6,0,405334016,EleutherAI/pythia-410m,step8,seed6,6,8
It was a video clip.,It was a metal clip.,clip,clip,Different Sense,0.0375705361366272,9,0.222222222,6,6,0,405334016,EleutherAI/pythia-410m,step8,seed6,6,8
It was a video clip.,It was a metal clip.,clip,clip,Different Sense,0.038024961948394775,10,0.222222222,6,6,0,405334016,EleutherAI/pythia-410m,step8,seed6,6,8
It was a video clip.,It was a metal clip.,clip,clip,Different Sense,0.03882396221160889,11,0.222222222,6,6,0,405334016,EleutherAI/pythia-410m,step8,seed6,6,8
It was a video clip.,It was a metal clip.,clip,clip,Different Sense,0.03827834129333496,12,0.222222222,6,6,0,405334016,EleutherAI/pythia-410m,step8,seed6,6,8
It was a video clip.,It was a metal clip.,clip,clip,Different Sense,0.03700542449951172,13,0.222222222,6,6,0,405334016,EleutherAI/pythia-410m,step8,seed6,6,8
It was a video clip.,It was a metal clip.,clip,clip,Different Sense,0.035746991634368896,14,0.222222222,6,6,0,405334016,EleutherAI/pythia-410m,step8,seed6,6,8
It was a video clip.,It was a metal clip.,clip,clip,Different Sense,0.035776734352111816,15,0.222222222,6,6,0,405334016,EleutherAI/pythia-410m,step8,seed6,6,8
It was a video clip.,It was a metal clip.,clip,clip,Different Sense,0.03566622734069824,16,0.222222222,6,6,0,405334016,EleutherAI/pythia-410m,step8,seed6,6,8
It was a video clip.,It was a metal clip.,clip,clip,Different Sense,0.034375786781311035,17,0.222222222,6,6,0,405334016,EleutherAI/pythia-410m,step8,seed6,6,8
It was a video clip.,It was a metal clip.,clip,clip,Different Sense,0.03307473659515381,18,0.222222222,6,6,0,405334016,EleutherAI/pythia-410m,step8,seed6,6,8
It was a video clip.,It was a metal clip.,clip,clip,Different Sense,0.033237993717193604,19,0.222222222,6,6,0,405334016,EleutherAI/pythia-410m,step8,seed6,6,8
It was a video clip.,It was a metal clip.,clip,clip,Different Sense,0.03255665302276611,20,0.222222222,6,6,0,405334016,EleutherAI/pythia-410m,step8,seed6,6,8
It was a video clip.,It was a metal clip.,clip,clip,Different Sense,0.03242146968841553,21,0.222222222,6,6,0,405334016,EleutherAI/pythia-410m,step8,seed6,6,8
It was a video clip.,It was a metal clip.,clip,clip,Different Sense,0.03182041645050049,22,0.222222222,6,6,0,405334016,EleutherAI/pythia-410m,step8,seed6,6,8
It was a video clip.,It was a metal clip.,clip,clip,Different Sense,0.030705034732818604,23,0.222222222,6,6,0,405334016,EleutherAI/pythia-410m,step8,seed6,6,8
It was a video clip.,It was a metal clip.,clip,clip,Different Sense,0.030714690685272217,24,0.222222222,6,6,0,405334016,EleutherAI/pythia-410m,step8,seed6,6,8
It was a film clip.,It was a video clip.,clip,clip,Same Sense,0.0,0,4.0,6,6,0,405334016,EleutherAI/pythia-410m,step8,seed6,6,8
It was a film clip.,It was a video clip.,clip,clip,Same Sense,0.02439570426940918,1,4.0,6,6,0,405334016,EleutherAI/pythia-410m,step8,seed6,6,8
It was a film clip.,It was a video clip.,clip,clip,Same Sense,0.032974839210510254,2,4.0,6,6,0,405334016,EleutherAI/pythia-410m,step8,seed6,6,8
It was a film clip.,It was a video clip.,clip,clip,Same Sense,0.03719669580459595,3,4.0,6,6,0,405334016,EleutherAI/pythia-410m,step8,seed6,6,8
It was a film clip.,It was a video clip.,clip,clip,Same Sense,0.04055297374725342,4,4.0,6,6,0,405334016,EleutherAI/pythia-410m,step8,seed6,6,8
It was a film clip.,It was a video clip.,clip,clip,Same Sense,0.04295557737350464,5,4.0,6,6,0,405334016,EleutherAI/pythia-410m,step8,seed6,6,8
It was a film clip.,It was a video clip.,clip,clip,Same Sense,0.04207587242126465,6,4.0,6,6,0,405334016,EleutherAI/pythia-410m,step8,seed6,6,8
It was a film clip.,It was a video clip.,clip,clip,Same Sense,0.04288274049758911,7,4.0,6,6,0,405334016,EleutherAI/pythia-410m,step8,seed6,6,8
It was a film clip.,It was a video clip.,clip,clip,Same Sense,0.042733848094940186,8,4.0,6,6,0,405334016,EleutherAI/pythia-410m,step8,seed6,6,8
It was a film clip.,It was a video clip.,clip,clip,Same Sense,0.043353378772735596,9,4.0,6,6,0,405334016,EleutherAI/pythia-410m,step8,seed6,6,8
It was a film clip.,It was a video clip.,clip,clip,Same Sense,0.04423820972442627,10,4.0,6,6,0,405334016,EleutherAI/pythia-410m,step8,seed6,6,8
It was a film clip.,It was a video clip.,clip,clip,Same Sense,0.04308450222015381,11,4.0,6,6,0,405334016,EleutherAI/pythia-410m,step8,seed6,6,8
It was a film clip.,It was a video clip.,clip,clip,Same Sense,0.04132187366485596,12,4.0,6,6,0,405334016,EleutherAI/pythia-410m,step8,seed6,6,8
It was a film clip.,It was a video clip.,clip,clip,Same Sense,0.03993499279022217,13,4.0,6,6,0,405334016,EleutherAI/pythia-410m,step8,seed6,6,8
It was a film clip.,It was a video clip.,clip,clip,Same Sense,0.038719236850738525,14,4.0,6,6,0,405334016,EleutherAI/pythia-410m,step8,seed6,6,8
It was a film clip.,It was a video clip.,clip,clip,Same Sense,0.03848254680633545,15,4.0,6,6,0,405334016,EleutherAI/pythia-410m,step8,seed6,6,8
It was a film clip.,It was a video clip.,clip,clip,Same Sense,0.03832685947418213,16,4.0,6,6,0,405334016,EleutherAI/pythia-410m,step8,seed6,6,8
It was a film clip.,It was a video clip.,clip,clip,Same Sense,0.03698354959487915,17,4.0,6,6,0,405334016,EleutherAI/pythia-410m,step8,seed6,6,8
It was a film clip.,It was a video clip.,clip,clip,Same Sense,0.03632760047912598,18,4.0,6,6,0,405334016,EleutherAI/pythia-410m,step8,seed6,6,8
It was a film clip.,It was a video clip.,clip,clip,Same Sense,0.034984707832336426,19,4.0,6,6,0,405334016,EleutherAI/pythia-410m,step8,seed6,6,8
It was a film clip.,It was a video clip.,clip,clip,Same Sense,0.034460604190826416,20,4.0,6,6,0,405334016,EleutherAI/pythia-410m,step8,seed6,6,8
It was a film clip.,It was a video clip.,clip,clip,Same Sense,0.03463590145111084,21,4.0,6,6,0,405334016,EleutherAI/pythia-410m,step8,seed6,6,8
It was a film clip.,It was a video clip.,clip,clip,Same Sense,0.0338556170463562,22,4.0,6,6,0,405334016,EleutherAI/pythia-410m,step8,seed6,6,8
It was a film clip.,It was a video clip.,clip,clip,Same Sense,0.033467113971710205,23,4.0,6,6,0,405334016,EleutherAI/pythia-410m,step8,seed6,6,8
It was a film clip.,It was a video clip.,clip,clip,Same Sense,0.03290337324142456,24,4.0,6,6,0,405334016,EleutherAI/pythia-410m,step8,seed6,6,8
It was a hair clip.,It was a metal clip.,clip,clip,Same Sense,0.0,0,2.714285714,6,6,0,405334016,EleutherAI/pythia-410m,step8,seed6,6,8
It was a hair clip.,It was a metal clip.,clip,clip,Same Sense,0.02070307731628418,1,2.714285714,6,6,0,405334016,EleutherAI/pythia-410m,step8,seed6,6,8
It was a hair clip.,It was a metal clip.,clip,clip,Same Sense,0.027607619762420654,2,2.714285714,6,6,0,405334016,EleutherAI/pythia-410m,step8,seed6,6,8
It was a hair clip.,It was a metal clip.,clip,clip,Same Sense,0.030871033668518066,3,2.714285714,6,6,0,405334016,EleutherAI/pythia-410m,step8,seed6,6,8
It was a hair clip.,It was a metal clip.,clip,clip,Same Sense,0.03456592559814453,4,2.714285714,6,6,0,405334016,EleutherAI/pythia-410m,step8,seed6,6,8
It was a hair clip.,It was a metal clip.,clip,clip,Same Sense,0.03716075420379639,5,2.714285714,6,6,0,405334016,EleutherAI/pythia-410m,step8,seed6,6,8
It was a hair clip.,It was a metal clip.,clip,clip,Same Sense,0.03757011890411377,6,2.714285714,6,6,0,405334016,EleutherAI/pythia-410m,step8,seed6,6,8
It was a hair clip.,It was a metal clip.,clip,clip,Same Sense,0.037824928760528564,7,2.714285714,6,6,0,405334016,EleutherAI/pythia-410m,step8,seed6,6,8
It was a hair clip.,It was a metal clip.,clip,clip,Same Sense,0.0368344783782959,8,2.714285714,6,6,0,405334016,EleutherAI/pythia-410m,step8,seed6,6,8
It was a hair clip.,It was a metal clip.,clip,clip,Same Sense,0.037277817726135254,9,2.714285714,6,6,0,405334016,EleutherAI/pythia-410m,step8,seed6,6,8
It was a hair clip.,It was a metal clip.,clip,clip,Same Sense,0.03856152296066284,10,2.714285714,6,6,0,405334016,EleutherAI/pythia-410m,step8,seed6,6,8
It was a hair clip.,It was a metal clip.,clip,clip,Same Sense,0.03927946090698242,11,2.714285714,6,6,0,405334016,EleutherAI/pythia-410m,step8,seed6,6,8
It was a hair clip.,It was a metal clip.,clip,clip,Same Sense,0.03869450092315674,12,2.714285714,6,6,0,405334016,EleutherAI/pythia-410m,step8,seed6,6,8
It was a hair clip.,It was a metal clip.,clip,clip,Same Sense,0.036576271057128906,13,2.714285714,6,6,0,405334016,EleutherAI/pythia-410m,step8,seed6,6,8
It was a hair clip.,It was a metal clip.,clip,clip,Same Sense,0.03624171018600464,14,2.714285714,6,6,0,405334016,EleutherAI/pythia-410m,step8,seed6,6,8
It was a hair clip.,It was a metal clip.,clip,clip,Same Sense,0.03603297472000122,15,2.714285714,6,6,0,405334016,EleutherAI/pythia-410m,step8,seed6,6,8
It was a hair clip.,It was a metal clip.,clip,clip,Same Sense,0.03520774841308594,16,2.714285714,6,6,0,405334016,EleutherAI/pythia-410m,step8,seed6,6,8
It was a hair clip.,It was a metal clip.,clip,clip,Same Sense,0.03434443473815918,17,2.714285714,6,6,0,405334016,EleutherAI/pythia-410m,step8,seed6,6,8
It was a hair clip.,It was a metal clip.,clip,clip,Same Sense,0.03384131193161011,18,2.714285714,6,6,0,405334016,EleutherAI/pythia-410m,step8,seed6,6,8
It was a hair clip.,It was a metal clip.,clip,clip,Same Sense,0.03396129608154297,19,2.714285714,6,6,0,405334016,EleutherAI/pythia-410m,step8,seed6,6,8
It was a hair clip.,It was a metal clip.,clip,clip,Same Sense,0.03384131193161011,20,2.714285714,6,6,0,405334016,EleutherAI/pythia-410m,step8,seed6,6,8
It was a hair clip.,It was a metal clip.,clip,clip,Same Sense,0.0338401198387146,21,2.714285714,6,6,0,405334016,EleutherAI/pythia-410m,step8,seed6,6,8
It was a hair clip.,It was a metal clip.,clip,clip,Same Sense,0.032676637172698975,22,2.714285714,6,6,0,405334016,EleutherAI/pythia-410m,step8,seed6,6,8
It was a hair clip.,It was a metal clip.,clip,clip,Same Sense,0.031838178634643555,23,2.714285714,6,6,0,405334016,EleutherAI/pythia-410m,step8,seed6,6,8
It was a hair clip.,It was a metal clip.,clip,clip,Same Sense,0.03203129768371582,24,2.714285714,6,6,0,405334016,EleutherAI/pythia-410m,step8,seed6,6,8
It was an icy cold.,It was a chest cold.,cold,cold,Different Sense,0.0,0,1.294117647,6,6,0,405334016,EleutherAI/pythia-410m,step8,seed6,6,8
It was an icy cold.,It was a chest cold.,cold,cold,Different Sense,0.05044454336166382,1,1.294117647,6,6,0,405334016,EleutherAI/pythia-410m,step8,seed6,6,8
It was an icy cold.,It was a chest cold.,cold,cold,Different Sense,0.07402205467224121,2,1.294117647,6,6,0,405334016,EleutherAI/pythia-410m,step8,seed6,6,8
It was an icy cold.,It was a chest cold.,cold,cold,Different Sense,0.08289146423339844,3,1.294117647,6,6,0,405334016,EleutherAI/pythia-410m,step8,seed6,6,8
It was an icy cold.,It was a chest cold.,cold,cold,Different Sense,0.08504670858383179,4,1.294117647,6,6,0,405334016,EleutherAI/pythia-410m,step8,seed6,6,8
It was an icy cold.,It was a chest cold.,cold,cold,Different Sense,0.08534508943557739,5,1.294117647,6,6,0,405334016,EleutherAI/pythia-410m,step8,seed6,6,8
It was an icy cold.,It was a chest cold.,cold,cold,Different Sense,0.08874374628067017,6,1.294117647,6,6,0,405334016,EleutherAI/pythia-410m,step8,seed6,6,8
It was an icy cold.,It was a chest cold.,cold,cold,Different Sense,0.0920332670211792,7,1.294117647,6,6,0,405334016,EleutherAI/pythia-410m,step8,seed6,6,8
It was an icy cold.,It was a chest cold.,cold,cold,Different Sense,0.08915448188781738,8,1.294117647,6,6,0,405334016,EleutherAI/pythia-410m,step8,seed6,6,8
It was an icy cold.,It was a chest cold.,cold,cold,Different Sense,0.08791124820709229,9,1.294117647,6,6,0,405334016,EleutherAI/pythia-410m,step8,seed6,6,8
It was an icy cold.,It was a chest cold.,cold,cold,Different Sense,0.09377408027648926,10,1.294117647,6,6,0,405334016,EleutherAI/pythia-410m,step8,seed6,6,8
It was an icy cold.,It was a chest cold.,cold,cold,Different Sense,0.09135717153549194,11,1.294117647,6,6,0,405334016,EleutherAI/pythia-410m,step8,seed6,6,8
It was an icy cold.,It was a chest cold.,cold,cold,Different Sense,0.0922737717628479,12,1.294117647,6,6,0,405334016,EleutherAI/pythia-410m,step8,seed6,6,8
It was an icy cold.,It was a chest cold.,cold,cold,Different Sense,0.09152281284332275,13,1.294117647,6,6,0,405334016,EleutherAI/pythia-410m,step8,seed6,6,8
It was an icy cold.,It was a chest cold.,cold,cold,Different Sense,0.08890628814697266,14,1.294117647,6,6,0,405334016,EleutherAI/pythia-410m,step8,seed6,6,8
It was an icy cold.,It was a chest cold.,cold,cold,Different Sense,0.08615684509277344,15,1.294117647,6,6,0,405334016,EleutherAI/pythia-410m,step8,seed6,6,8
It was an icy cold.,It was a chest cold.,cold,cold,Different Sense,0.08551102876663208,16,1.294117647,6,6,0,405334016,EleutherAI/pythia-410m,step8,seed6,6,8
It was an icy cold.,It was a chest cold.,cold,cold,Different Sense,0.08504968881607056,17,1.294117647,6,6,0,405334016,EleutherAI/pythia-410m,step8,seed6,6,8
It was an icy cold.,It was a chest cold.,cold,cold,Different Sense,0.08405470848083496,18,1.294117647,6,6,0,405334016,EleutherAI/pythia-410m,step8,seed6,6,8
It was an icy cold.,It was a chest cold.,cold,cold,Different Sense,0.08260798454284668,19,1.294117647,6,6,0,405334016,EleutherAI/pythia-410m,step8,seed6,6,8
It was an icy cold.,It was a chest cold.,cold,cold,Different Sense,0.07979106903076172,20,1.294117647,6,6,0,405334016,EleutherAI/pythia-410m,step8,seed6,6,8
It was an icy cold.,It was a chest cold.,cold,cold,Different Sense,0.07978284358978271,21,1.294117647,6,6,0,405334016,EleutherAI/pythia-410m,step8,seed6,6,8
It was an icy cold.,It was a chest cold.,cold,cold,Different Sense,0.07673943042755127,22,1.294117647,6,6,0,405334016,EleutherAI/pythia-410m,step8,seed6,6,8
It was an icy cold.,It was a chest cold.,cold,cold,Different Sense,0.07489281892776489,23,1.294117647,6,6,0,405334016,EleutherAI/pythia-410m,step8,seed6,6,8
It was an icy cold.,It was a chest cold.,cold,cold,Different Sense,0.07335811853408813,24,1.294117647,6,6,0,405334016,EleutherAI/pythia-410m,step8,seed6,6,8
It was an icy cold.,It was a common cold.,cold,cold,Different Sense,0.0,0,0.875,6,6,0,405334016,EleutherAI/pythia-410m,step8,seed6,6,8
It was an icy cold.,It was a common cold.,cold,cold,Different Sense,0.04518395662307739,1,0.875,6,6,0,405334016,EleutherAI/pythia-410m,step8,seed6,6,8
It was an icy cold.,It was a common cold.,cold,cold,Different Sense,0.06707805395126343,2,0.875,6,6,0,405334016,EleutherAI/pythia-410m,step8,seed6,6,8
It was an icy cold.,It was a common cold.,cold,cold,Different Sense,0.08067035675048828,3,0.875,6,6,0,405334016,EleutherAI/pythia-410m,step8,seed6,6,8
It was an icy cold.,It was a common cold.,cold,cold,Different Sense,0.08419567346572876,4,0.875,6,6,0,405334016,EleutherAI/pythia-410m,step8,seed6,6,8
It was an icy cold.,It was a common cold.,cold,cold,Different Sense,0.08443909883499146,5,0.875,6,6,0,405334016,EleutherAI/pythia-410m,step8,seed6,6,8
It was an icy cold.,It was a common cold.,cold,cold,Different Sense,0.08804595470428467,6,0.875,6,6,0,405334016,EleutherAI/pythia-410m,step8,seed6,6,8
It was an icy cold.,It was a common cold.,cold,cold,Different Sense,0.08934026956558228,7,0.875,6,6,0,405334016,EleutherAI/pythia-410m,step8,seed6,6,8
It was an icy cold.,It was a common cold.,cold,cold,Different Sense,0.08852118253707886,8,0.875,6,6,0,405334016,EleutherAI/pythia-410m,step8,seed6,6,8
It was an icy cold.,It was a common cold.,cold,cold,Different Sense,0.08509230613708496,9,0.875,6,6,0,405334016,EleutherAI/pythia-410m,step8,seed6,6,8
It was an icy cold.,It was a common cold.,cold,cold,Different Sense,0.09015780687332153,10,0.875,6,6,0,405334016,EleutherAI/pythia-410m,step8,seed6,6,8
It was an icy cold.,It was a common cold.,cold,cold,Different Sense,0.08670228719711304,11,0.875,6,6,0,405334016,EleutherAI/pythia-410m,step8,seed6,6,8
It was an icy cold.,It was a common cold.,cold,cold,Different Sense,0.08972907066345215,12,0.875,6,6,0,405334016,EleutherAI/pythia-410m,step8,seed6,6,8
It was an icy cold.,It was a common cold.,cold,cold,Different Sense,0.09048616886138916,13,0.875,6,6,0,405334016,EleutherAI/pythia-410m,step8,seed6,6,8
It was an icy cold.,It was a common cold.,cold,cold,Different Sense,0.08836805820465088,14,0.875,6,6,0,405334016,EleutherAI/pythia-410m,step8,seed6,6,8
It was an icy cold.,It was a common cold.,cold,cold,Different Sense,0.08524972200393677,15,0.875,6,6,0,405334016,EleutherAI/pythia-410m,step8,seed6,6,8
It was an icy cold.,It was a common cold.,cold,cold,Different Sense,0.08509379625320435,16,0.875,6,6,0,405334016,EleutherAI/pythia-410m,step8,seed6,6,8
It was an icy cold.,It was a common cold.,cold,cold,Different Sense,0.08208662271499634,17,0.875,6,6,0,405334016,EleutherAI/pythia-410m,step8,seed6,6,8
It was an icy cold.,It was a common cold.,cold,cold,Different Sense,0.08030599355697632,18,0.875,6,6,0,405334016,EleutherAI/pythia-410m,step8,seed6,6,8
It was an icy cold.,It was a common cold.,cold,cold,Different Sense,0.08020049333572388,19,0.875,6,6,0,405334016,EleutherAI/pythia-410m,step8,seed6,6,8
It was an icy cold.,It was a common cold.,cold,cold,Different Sense,0.0782431960105896,20,0.875,6,6,0,405334016,EleutherAI/pythia-410m,step8,seed6,6,8
It was an icy cold.,It was a common cold.,cold,cold,Different Sense,0.0791398286819458,21,0.875,6,6,0,405334016,EleutherAI/pythia-410m,step8,seed6,6,8
It was an icy cold.,It was a common cold.,cold,cold,Different Sense,0.07626360654830933,22,0.875,6,6,0,405334016,EleutherAI/pythia-410m,step8,seed6,6,8
It was an icy cold.,It was a common cold.,cold,cold,Different Sense,0.07609111070632935,23,0.875,6,6,0,405334016,EleutherAI/pythia-410m,step8,seed6,6,8
It was an icy cold.,It was a common cold.,cold,cold,Different Sense,0.07594937086105347,24,0.875,6,6,0,405334016,EleutherAI/pythia-410m,step8,seed6,6,8
It was a freezing cold.,It was a chest cold.,cold,cold,Different Sense,0.0,0,1.230769231,6,6,0,405334016,EleutherAI/pythia-410m,step8,seed6,6,8
It was a freezing cold.,It was a chest cold.,cold,cold,Different Sense,0.029588520526885986,1,1.230769231,6,6,0,405334016,EleutherAI/pythia-410m,step8,seed6,6,8
It was a freezing cold.,It was a chest cold.,cold,cold,Different Sense,0.037732601165771484,2,1.230769231,6,6,0,405334016,EleutherAI/pythia-410m,step8,seed6,6,8
It was a freezing cold.,It was a chest cold.,cold,cold,Different Sense,0.042408108711242676,3,1.230769231,6,6,0,405334016,EleutherAI/pythia-410m,step8,seed6,6,8
It was a freezing cold.,It was a chest cold.,cold,cold,Different Sense,0.04365628957748413,4,1.230769231,6,6,0,405334016,EleutherAI/pythia-410m,step8,seed6,6,8
It was a freezing cold.,It was a chest cold.,cold,cold,Different Sense,0.04461479187011719,5,1.230769231,6,6,0,405334016,EleutherAI/pythia-410m,step8,seed6,6,8
It was a freezing cold.,It was a chest cold.,cold,cold,Different Sense,0.04483962059020996,6,1.230769231,6,6,0,405334016,EleutherAI/pythia-410m,step8,seed6,6,8
It was a freezing cold.,It was a chest cold.,cold,cold,Different Sense,0.04361611604690552,7,1.230769231,6,6,0,405334016,EleutherAI/pythia-410m,step8,seed6,6,8
It was a freezing cold.,It was a chest cold.,cold,cold,Different Sense,0.04198324680328369,8,1.230769231,6,6,0,405334016,EleutherAI/pythia-410m,step8,seed6,6,8
It was a freezing cold.,It was a chest cold.,cold,cold,Different Sense,0.04217696189880371,9,1.230769231,6,6,0,405334016,EleutherAI/pythia-410m,step8,seed6,6,8
It was a freezing cold.,It was a chest cold.,cold,cold,Different Sense,0.042420148849487305,10,1.230769231,6,6,0,405334016,EleutherAI/pythia-410m,step8,seed6,6,8
It was a freezing cold.,It was a chest cold.,cold,cold,Different Sense,0.04137086868286133,11,1.230769231,6,6,0,405334016,EleutherAI/pythia-410m,step8,seed6,6,8
It was a freezing cold.,It was a chest cold.,cold,cold,Different Sense,0.04029029607772827,12,1.230769231,6,6,0,405334016,EleutherAI/pythia-410m,step8,seed6,6,8
It was a freezing cold.,It was a chest cold.,cold,cold,Different Sense,0.03973031044006348,13,1.230769231,6,6,0,405334016,EleutherAI/pythia-410m,step8,seed6,6,8
It was a freezing cold.,It was a chest cold.,cold,cold,Different Sense,0.03907132148742676,14,1.230769231,6,6,0,405334016,EleutherAI/pythia-410m,step8,seed6,6,8
It was a freezing cold.,It was a chest cold.,cold,cold,Different Sense,0.03754335641860962,15,1.230769231,6,6,0,405334016,EleutherAI/pythia-410m,step8,seed6,6,8
It was a freezing cold.,It was a chest cold.,cold,cold,Different Sense,0.03652667999267578,16,1.230769231,6,6,0,405334016,EleutherAI/pythia-410m,step8,seed6,6,8
It was a freezing cold.,It was a chest cold.,cold,cold,Different Sense,0.036348700523376465,17,1.230769231,6,6,0,405334016,EleutherAI/pythia-410m,step8,seed6,6,8
It was a freezing cold.,It was a chest cold.,cold,cold,Different Sense,0.03490734100341797,18,1.230769231,6,6,0,405334016,EleutherAI/pythia-410m,step8,seed6,6,8
It was a freezing cold.,It was a chest cold.,cold,cold,Different Sense,0.03477054834365845,19,1.230769231,6,6,0,405334016,EleutherAI/pythia-410m,step8,seed6,6,8
It was a freezing cold.,It was a chest cold.,cold,cold,Different Sense,0.0328984260559082,20,1.230769231,6,6,0,405334016,EleutherAI/pythia-410m,step8,seed6,6,8
It was a freezing cold.,It was a chest cold.,cold,cold,Different Sense,0.03331589698791504,21,1.230769231,6,6,0,405334016,EleutherAI/pythia-410m,step8,seed6,6,8
It was a freezing cold.,It was a chest cold.,cold,cold,Different Sense,0.03246426582336426,22,1.230769231,6,6,0,405334016,EleutherAI/pythia-410m,step8,seed6,6,8
It was a freezing cold.,It was a chest cold.,cold,cold,Different Sense,0.03163808584213257,23,1.230769231,6,6,0,405334016,EleutherAI/pythia-410m,step8,seed6,6,8
It was a freezing cold.,It was a chest cold.,cold,cold,Different Sense,0.03126949071884155,24,1.230769231,6,6,0,405334016,EleutherAI/pythia-410m,step8,seed6,6,8
It was a freezing cold.,It was a common cold.,cold,cold,Different Sense,0.0,0,0.818181818,6,6,0,405334016,EleutherAI/pythia-410m,step8,seed6,6,8
It was a freezing cold.,It was a common cold.,cold,cold,Different Sense,0.031097590923309326,1,0.818181818,6,6,0,405334016,EleutherAI/pythia-410m,step8,seed6,6,8
It was a freezing cold.,It was a common cold.,cold,cold,Different Sense,0.04341202974319458,2,0.818181818,6,6,0,405334016,EleutherAI/pythia-410m,step8,seed6,6,8
It was a freezing cold.,It was a common cold.,cold,cold,Different Sense,0.04848432540893555,3,0.818181818,6,6,0,405334016,EleutherAI/pythia-410m,step8,seed6,6,8
It was a freezing cold.,It was a common cold.,cold,cold,Different Sense,0.0492321252822876,4,0.818181818,6,6,0,405334016,EleutherAI/pythia-410m,step8,seed6,6,8
It was a freezing cold.,It was a common cold.,cold,cold,Different Sense,0.049021005630493164,5,0.818181818,6,6,0,405334016,EleutherAI/pythia-410m,step8,seed6,6,8
It was a freezing cold.,It was a common cold.,cold,cold,Different Sense,0.049789488315582275,6,0.818181818,6,6,0,405334016,EleutherAI/pythia-410m,step8,seed6,6,8
It was a freezing cold.,It was a common cold.,cold,cold,Different Sense,0.048032522201538086,7,0.818181818,6,6,0,405334016,EleutherAI/pythia-410m,step8,seed6,6,8
It was a freezing cold.,It was a common cold.,cold,cold,Different Sense,0.04714411497116089,8,0.818181818,6,6,0,405334016,EleutherAI/pythia-410m,step8,seed6,6,8
It was a freezing cold.,It was a common cold.,cold,cold,Different Sense,0.044623374938964844,9,0.818181818,6,6,0,405334016,EleutherAI/pythia-410m,step8,seed6,6,8
It was a freezing cold.,It was a common cold.,cold,cold,Different Sense,0.0460323691368103,10,0.818181818,6,6,0,405334016,EleutherAI/pythia-410m,step8,seed6,6,8
It was a freezing cold.,It was a common cold.,cold,cold,Different Sense,0.045273423194885254,11,0.818181818,6,6,0,405334016,EleutherAI/pythia-410m,step8,seed6,6,8
It was a freezing cold.,It was a common cold.,cold,cold,Different Sense,0.044250428676605225,12,0.818181818,6,6,0,405334016,EleutherAI/pythia-410m,step8,seed6,6,8
It was a freezing cold.,It was a common cold.,cold,cold,Different Sense,0.04354959726333618,13,0.818181818,6,6,0,405334016,EleutherAI/pythia-410m,step8,seed6,6,8
It was a freezing cold.,It was a common cold.,cold,cold,Different Sense,0.041540324687957764,14,0.818181818,6,6,0,405334016,EleutherAI/pythia-410m,step8,seed6,6,8
It was a freezing cold.,It was a common cold.,cold,cold,Different Sense,0.04116636514663696,15,0.818181818,6,6,0,405334016,EleutherAI/pythia-410m,step8,seed6,6,8
It was a freezing cold.,It was a common cold.,cold,cold,Different Sense,0.040403544902801514,16,0.818181818,6,6,0,405334016,EleutherAI/pythia-410m,step8,seed6,6,8
It was a freezing cold.,It was a common cold.,cold,cold,Different Sense,0.03962969779968262,17,0.818181818,6,6,0,405334016,EleutherAI/pythia-410m,step8,seed6,6,8
It was a freezing cold.,It was a common cold.,cold,cold,Different Sense,0.03860151767730713,18,0.818181818,6,6,0,405334016,EleutherAI/pythia-410m,step8,seed6,6,8
It was a freezing cold.,It was a common cold.,cold,cold,Different Sense,0.03787887096405029,19,0.818181818,6,6,0,405334016,EleutherAI/pythia-410m,step8,seed6,6,8
It was a freezing cold.,It was a common cold.,cold,cold,Different Sense,0.03752869367599487,20,0.818181818,6,6,0,405334016,EleutherAI/pythia-410m,step8,seed6,6,8
It was a freezing cold.,It was a common cold.,cold,cold,Different Sense,0.037789106369018555,21,0.818181818,6,6,0,405334016,EleutherAI/pythia-410m,step8,seed6,6,8
It was a freezing cold.,It was a common cold.,cold,cold,Different Sense,0.03708326816558838,22,0.818181818,6,6,0,405334016,EleutherAI/pythia-410m,step8,seed6,6,8
It was a freezing cold.,It was a common cold.,cold,cold,Different Sense,0.03597539663314819,23,0.818181818,6,6,0,405334016,EleutherAI/pythia-410m,step8,seed6,6,8
It was a freezing cold.,It was a common cold.,cold,cold,Different Sense,0.03554713726043701,24,0.818181818,6,6,0,405334016,EleutherAI/pythia-410m,step8,seed6,6,8
It was an icy cold.,It was a freezing cold.,cold,cold,Same Sense,0.0,0,3.842105263,6,6,0,405334016,EleutherAI/pythia-410m,step8,seed6,6,8
It was an icy cold.,It was a freezing cold.,cold,cold,Same Sense,0.0539398193359375,1,3.842105263,6,6,0,405334016,EleutherAI/pythia-410m,step8,seed6,6,8
It was an icy cold.,It was a freezing cold.,cold,cold,Same Sense,0.07882916927337646,2,3.842105263,6,6,0,405334016,EleutherAI/pythia-410m,step8,seed6,6,8
It was an icy cold.,It was a freezing cold.,cold,cold,Same Sense,0.09250175952911377,3,3.842105263,6,6,0,405334016,EleutherAI/pythia-410m,step8,seed6,6,8
It was an icy cold.,It was a freezing cold.,cold,cold,Same Sense,0.09332394599914551,4,3.842105263,6,6,0,405334016,EleutherAI/pythia-410m,step8,seed6,6,8
It was an icy cold.,It was a freezing cold.,cold,cold,Same Sense,0.09697896242141724,5,3.842105263,6,6,0,405334016,EleutherAI/pythia-410m,step8,seed6,6,8
It was an icy cold.,It was a freezing cold.,cold,cold,Same Sense,0.102092444896698,6,3.842105263,6,6,0,405334016,EleutherAI/pythia-410m,step8,seed6,6,8
It was an icy cold.,It was a freezing cold.,cold,cold,Same Sense,0.10277724266052246,7,3.842105263,6,6,0,405334016,EleutherAI/pythia-410m,step8,seed6,6,8
It was an icy cold.,It was a freezing cold.,cold,cold,Same Sense,0.0971214771270752,8,3.842105263,6,6,0,405334016,EleutherAI/pythia-410m,step8,seed6,6,8
It was an icy cold.,It was a freezing cold.,cold,cold,Same Sense,0.0945163369178772,9,3.842105263,6,6,0,405334016,EleutherAI/pythia-410m,step8,seed6,6,8
It was an icy cold.,It was a freezing cold.,cold,cold,Same Sense,0.10094618797302246,10,3.842105263,6,6,0,405334016,EleutherAI/pythia-410m,step8,seed6,6,8
It was an icy cold.,It was a freezing cold.,cold,cold,Same Sense,0.0985344648361206,11,3.842105263,6,6,0,405334016,EleutherAI/pythia-410m,step8,seed6,6,8
It was an icy cold.,It was a freezing cold.,cold,cold,Same Sense,0.09957557916641235,12,3.842105263,6,6,0,405334016,EleutherAI/pythia-410m,step8,seed6,6,8
It was an icy cold.,It was a freezing cold.,cold,cold,Same Sense,0.09919840097427368,13,3.842105263,6,6,0,405334016,EleutherAI/pythia-410m,step8,seed6,6,8
It was an icy cold.,It was a freezing cold.,cold,cold,Same Sense,0.09625518321990967,14,3.842105263,6,6,0,405334016,EleutherAI/pythia-410m,step8,seed6,6,8
It was an icy cold.,It was a freezing cold.,cold,cold,Same Sense,0.09323006868362427,15,3.842105263,6,6,0,405334016,EleutherAI/pythia-410m,step8,seed6,6,8
It was an icy cold.,It was a freezing cold.,cold,cold,Same Sense,0.09084445238113403,16,3.842105263,6,6,0,405334016,EleutherAI/pythia-410m,step8,seed6,6,8
It was an icy cold.,It was a freezing cold.,cold,cold,Same Sense,0.08799010515213013,17,3.842105263,6,6,0,405334016,EleutherAI/pythia-410m,step8,seed6,6,8
It was an icy cold.,It was a freezing cold.,cold,cold,Same Sense,0.08777809143066406,18,3.842105263,6,6,0,405334016,EleutherAI/pythia-410m,step8,seed6,6,8
It was an icy cold.,It was a freezing cold.,cold,cold,Same Sense,0.08450937271118164,19,3.842105263,6,6,0,405334016,EleutherAI/pythia-410m,step8,seed6,6,8
It was an icy cold.,It was a freezing cold.,cold,cold,Same Sense,0.08303999900817871,20,3.842105263,6,6,0,405334016,EleutherAI/pythia-410m,step8,seed6,6,8
It was an icy cold.,It was a freezing cold.,cold,cold,Same Sense,0.08312731981277466,21,3.842105263,6,6,0,405334016,EleutherAI/pythia-410m,step8,seed6,6,8
It was an icy cold.,It was a freezing cold.,cold,cold,Same Sense,0.08006852865219116,22,3.842105263,6,6,0,405334016,EleutherAI/pythia-410m,step8,seed6,6,8
It was an icy cold.,It was a freezing cold.,cold,cold,Same Sense,0.07889145612716675,23,3.842105263,6,6,0,405334016,EleutherAI/pythia-410m,step8,seed6,6,8
It was an icy cold.,It was a freezing cold.,cold,cold,Same Sense,0.07739275693893433,24,3.842105263,6,6,0,405334016,EleutherAI/pythia-410m,step8,seed6,6,8
It was a chest cold.,It was a common cold.,cold,cold,Same Sense,0.0,0,3.444444444,6,6,0,405334016,EleutherAI/pythia-410m,step8,seed6,6,8
It was a chest cold.,It was a common cold.,cold,cold,Same Sense,0.024303972721099854,1,3.444444444,6,6,0,405334016,EleutherAI/pythia-410m,step8,seed6,6,8
It was a chest cold.,It was a common cold.,cold,cold,Same Sense,0.038234591484069824,2,3.444444444,6,6,0,405334016,EleutherAI/pythia-410m,step8,seed6,6,8
It was a chest cold.,It was a common cold.,cold,cold,Same Sense,0.04257631301879883,3,3.444444444,6,6,0,405334016,EleutherAI/pythia-410m,step8,seed6,6,8
It was a chest cold.,It was a common cold.,cold,cold,Same Sense,0.04175364971160889,4,3.444444444,6,6,0,405334016,EleutherAI/pythia-410m,step8,seed6,6,8
It was a chest cold.,It was a common cold.,cold,cold,Same Sense,0.041432082653045654,5,3.444444444,6,6,0,405334016,EleutherAI/pythia-410m,step8,seed6,6,8
It was a chest cold.,It was a common cold.,cold,cold,Same Sense,0.04324537515640259,6,3.444444444,6,6,0,405334016,EleutherAI/pythia-410m,step8,seed6,6,8
It was a chest cold.,It was a common cold.,cold,cold,Same Sense,0.041833460330963135,7,3.444444444,6,6,0,405334016,EleutherAI/pythia-410m,step8,seed6,6,8
It was a chest cold.,It was a common cold.,cold,cold,Same Sense,0.040368080139160156,8,3.444444444,6,6,0,405334016,EleutherAI/pythia-410m,step8,seed6,6,8
It was a chest cold.,It was a common cold.,cold,cold,Same Sense,0.04049503803253174,9,3.444444444,6,6,0,405334016,EleutherAI/pythia-410m,step8,seed6,6,8
It was a chest cold.,It was a common cold.,cold,cold,Same Sense,0.04132002592086792,10,3.444444444,6,6,0,405334016,EleutherAI/pythia-410m,step8,seed6,6,8
It was a chest cold.,It was a common cold.,cold,cold,Same Sense,0.04062604904174805,11,3.444444444,6,6,0,405334016,EleutherAI/pythia-410m,step8,seed6,6,8
It was a chest cold.,It was a common cold.,cold,cold,Same Sense,0.04033315181732178,12,3.444444444,6,6,0,405334016,EleutherAI/pythia-410m,step8,seed6,6,8
It was a chest cold.,It was a common cold.,cold,cold,Same Sense,0.04106426239013672,13,3.444444444,6,6,0,405334016,EleutherAI/pythia-410m,step8,seed6,6,8
It was a chest cold.,It was a common cold.,cold,cold,Same Sense,0.03971827030181885,14,3.444444444,6,6,0,405334016,EleutherAI/pythia-410m,step8,seed6,6,8
It was a chest cold.,It was a common cold.,cold,cold,Same Sense,0.03882855176925659,15,3.444444444,6,6,0,405334016,EleutherAI/pythia-410m,step8,seed6,6,8
It was a chest cold.,It was a common cold.,cold,cold,Same Sense,0.03849613666534424,16,3.444444444,6,6,0,405334016,EleutherAI/pythia-410m,step8,seed6,6,8
It was a chest cold.,It was a common cold.,cold,cold,Same Sense,0.03838014602661133,17,3.444444444,6,6,0,405334016,EleutherAI/pythia-410m,step8,seed6,6,8
It was a chest cold.,It was a common cold.,cold,cold,Same Sense,0.037519991397857666,18,3.444444444,6,6,0,405334016,EleutherAI/pythia-410m,step8,seed6,6,8
It was a chest cold.,It was a common cold.,cold,cold,Same Sense,0.035910189151763916,19,3.444444444,6,6,0,405334016,EleutherAI/pythia-410m,step8,seed6,6,8
It was a chest cold.,It was a common cold.,cold,cold,Same Sense,0.03481888771057129,20,3.444444444,6,6,0,405334016,EleutherAI/pythia-410m,step8,seed6,6,8
It was a chest cold.,It was a common cold.,cold,cold,Same Sense,0.03473854064941406,21,3.444444444,6,6,0,405334016,EleutherAI/pythia-410m,step8,seed6,6,8
It was a chest cold.,It was a common cold.,cold,cold,Same Sense,0.0335615873336792,22,3.444444444,6,6,0,405334016,EleutherAI/pythia-410m,step8,seed6,6,8
It was a chest cold.,It was a common cold.,cold,cold,Same Sense,0.03197735548019409,23,3.444444444,6,6,0,405334016,EleutherAI/pythia-410m,step8,seed6,6,8
It was a chest cold.,It was a common cold.,cold,cold,Same Sense,0.03133845329284668,24,3.444444444,6,6,0,405334016,EleutherAI/pythia-410m,step8,seed6,6,8
It was a gossip column.,It was a concrete column.,column,column,Different Sense,0.0,0,0.125,6,6,0,405334016,EleutherAI/pythia-410m,step8,seed6,6,8
It was a gossip column.,It was a concrete column.,column,column,Different Sense,0.01927793025970459,1,0.125,6,6,0,405334016,EleutherAI/pythia-410m,step8,seed6,6,8
It was a gossip column.,It was a concrete column.,column,column,Different Sense,0.030336439609527588,2,0.125,6,6,0,405334016,EleutherAI/pythia-410m,step8,seed6,6,8
It was a gossip column.,It was a concrete column.,column,column,Different Sense,0.03633242845535278,3,0.125,6,6,0,405334016,EleutherAI/pythia-410m,step8,seed6,6,8
It was a gossip column.,It was a concrete column.,column,column,Different Sense,0.03770911693572998,4,0.125,6,6,0,405334016,EleutherAI/pythia-410m,step8,seed6,6,8
It was a gossip column.,It was a concrete column.,column,column,Different Sense,0.03854924440383911,5,0.125,6,6,0,405334016,EleutherAI/pythia-410m,step8,seed6,6,8
It was a gossip column.,It was a concrete column.,column,column,Different Sense,0.03707551956176758,6,0.125,6,6,0,405334016,EleutherAI/pythia-410m,step8,seed6,6,8
It was a gossip column.,It was a concrete column.,column,column,Different Sense,0.03718608617782593,7,0.125,6,6,0,405334016,EleutherAI/pythia-410m,step8,seed6,6,8
It was a gossip column.,It was a concrete column.,column,column,Different Sense,0.03716641664505005,8,0.125,6,6,0,405334016,EleutherAI/pythia-410m,step8,seed6,6,8
It was a gossip column.,It was a concrete column.,column,column,Different Sense,0.0372929573059082,9,0.125,6,6,0,405334016,EleutherAI/pythia-410m,step8,seed6,6,8
It was a gossip column.,It was a concrete column.,column,column,Different Sense,0.03650522232055664,10,0.125,6,6,0,405334016,EleutherAI/pythia-410m,step8,seed6,6,8
It was a gossip column.,It was a concrete column.,column,column,Different Sense,0.036292850971221924,11,0.125,6,6,0,405334016,EleutherAI/pythia-410m,step8,seed6,6,8
It was a gossip column.,It was a concrete column.,column,column,Different Sense,0.036041975021362305,12,0.125,6,6,0,405334016,EleutherAI/pythia-410m,step8,seed6,6,8
It was a gossip column.,It was a concrete column.,column,column,Different Sense,0.0361783504486084,13,0.125,6,6,0,405334016,EleutherAI/pythia-410m,step8,seed6,6,8
It was a gossip column.,It was a concrete column.,column,column,Different Sense,0.03598940372467041,14,0.125,6,6,0,405334016,EleutherAI/pythia-410m,step8,seed6,6,8
It was a gossip column.,It was a concrete column.,column,column,Different Sense,0.03477352857589722,15,0.125,6,6,0,405334016,EleutherAI/pythia-410m,step8,seed6,6,8
It was a gossip column.,It was a concrete column.,column,column,Different Sense,0.03517782688140869,16,0.125,6,6,0,405334016,EleutherAI/pythia-410m,step8,seed6,6,8
It was a gossip column.,It was a concrete column.,column,column,Different Sense,0.03492426872253418,17,0.125,6,6,0,405334016,EleutherAI/pythia-410m,step8,seed6,6,8
It was a gossip column.,It was a concrete column.,column,column,Different Sense,0.035265564918518066,18,0.125,6,6,0,405334016,EleutherAI/pythia-410m,step8,seed6,6,8
It was a gossip column.,It was a concrete column.,column,column,Different Sense,0.03460270166397095,19,0.125,6,6,0,405334016,EleutherAI/pythia-410m,step8,seed6,6,8
It was a gossip column.,It was a concrete column.,column,column,Different Sense,0.03347623348236084,20,0.125,6,6,0,405334016,EleutherAI/pythia-410m,step8,seed6,6,8
It was a gossip column.,It was a concrete column.,column,column,Different Sense,0.03334200382232666,21,0.125,6,6,0,405334016,EleutherAI/pythia-410m,step8,seed6,6,8
It was a gossip column.,It was a concrete column.,column,column,Different Sense,0.03280472755432129,22,0.125,6,6,0,405334016,EleutherAI/pythia-410m,step8,seed6,6,8
It was a gossip column.,It was a concrete column.,column,column,Different Sense,0.03195446729660034,23,0.125,6,6,0,405334016,EleutherAI/pythia-410m,step8,seed6,6,8
It was a gossip column.,It was a concrete column.,column,column,Different Sense,0.03192746639251709,24,0.125,6,6,0,405334016,EleutherAI/pythia-410m,step8,seed6,6,8
It was a gossip column.,It was a marble column.,column,column,Different Sense,0.0,0,0.411764706,6,6,0,405334016,EleutherAI/pythia-410m,step8,seed6,6,8
It was a gossip column.,It was a marble column.,column,column,Different Sense,0.018770456314086914,1,0.411764706,6,6,0,405334016,EleutherAI/pythia-410m,step8,seed6,6,8
It was a gossip column.,It was a marble column.,column,column,Different Sense,0.025560975074768066,2,0.411764706,6,6,0,405334016,EleutherAI/pythia-410m,step8,seed6,6,8
It was a gossip column.,It was a marble column.,column,column,Different Sense,0.029870986938476562,3,0.411764706,6,6,0,405334016,EleutherAI/pythia-410m,step8,seed6,6,8
It was a gossip column.,It was a marble column.,column,column,Different Sense,0.029694199562072754,4,0.411764706,6,6,0,405334016,EleutherAI/pythia-410m,step8,seed6,6,8
It was a gossip column.,It was a marble column.,column,column,Different Sense,0.028890788555145264,5,0.411764706,6,6,0,405334016,EleutherAI/pythia-410m,step8,seed6,6,8
It was a gossip column.,It was a marble column.,column,column,Different Sense,0.029445767402648926,6,0.411764706,6,6,0,405334016,EleutherAI/pythia-410m,step8,seed6,6,8
It was a gossip column.,It was a marble column.,column,column,Different Sense,0.028743982315063477,7,0.411764706,6,6,0,405334016,EleutherAI/pythia-410m,step8,seed6,6,8
It was a gossip column.,It was a marble column.,column,column,Different Sense,0.028920531272888184,8,0.411764706,6,6,0,405334016,EleutherAI/pythia-410m,step8,seed6,6,8
It was a gossip column.,It was a marble column.,column,column,Different Sense,0.028606534004211426,9,0.411764706,6,6,0,405334016,EleutherAI/pythia-410m,step8,seed6,6,8
It was a gossip column.,It was a marble column.,column,column,Different Sense,0.02773946523666382,10,0.411764706,6,6,0,405334016,EleutherAI/pythia-410m,step8,seed6,6,8
It was a gossip column.,It was a marble column.,column,column,Different Sense,0.027266621589660645,11,0.411764706,6,6,0,405334016,EleutherAI/pythia-410m,step8,seed6,6,8
It was a gossip column.,It was a marble column.,column,column,Different Sense,0.027120769023895264,12,0.411764706,6,6,0,405334016,EleutherAI/pythia-410m,step8,seed6,6,8
It was a gossip column.,It was a marble column.,column,column,Different Sense,0.02687537670135498,13,0.411764706,6,6,0,405334016,EleutherAI/pythia-410m,step8,seed6,6,8
It was a gossip column.,It was a marble column.,column,column,Different Sense,0.026507914066314697,14,0.411764706,6,6,0,405334016,EleutherAI/pythia-410m,step8,seed6,6,8
It was a gossip column.,It was a marble column.,column,column,Different Sense,0.025378823280334473,15,0.411764706,6,6,0,405334016,EleutherAI/pythia-410m,step8,seed6,6,8
It was a gossip column.,It was a marble column.,column,column,Different Sense,0.025054097175598145,16,0.411764706,6,6,0,405334016,EleutherAI/pythia-410m,step8,seed6,6,8
It was a gossip column.,It was a marble column.,column,column,Different Sense,0.025010526180267334,17,0.411764706,6,6,0,405334016,EleutherAI/pythia-410m,step8,seed6,6,8
It was a gossip column.,It was a marble column.,column,column,Different Sense,0.024412810802459717,18,0.411764706,6,6,0,405334016,EleutherAI/pythia-410m,step8,seed6,6,8
It was a gossip column.,It was a marble column.,column,column,Different Sense,0.023791730403900146,19,0.411764706,6,6,0,405334016,EleutherAI/pythia-410m,step8,seed6,6,8
It was a gossip column.,It was a marble column.,column,column,Different Sense,0.02314060926437378,20,0.411764706,6,6,0,405334016,EleutherAI/pythia-410m,step8,seed6,6,8
It was a gossip column.,It was a marble column.,column,column,Different Sense,0.022714734077453613,21,0.411764706,6,6,0,405334016,EleutherAI/pythia-410m,step8,seed6,6,8
It was a gossip column.,It was a marble column.,column,column,Different Sense,0.022212624549865723,22,0.411764706,6,6,0,405334016,EleutherAI/pythia-410m,step8,seed6,6,8
It was a gossip column.,It was a marble column.,column,column,Different Sense,0.021459877490997314,23,0.411764706,6,6,0,405334016,EleutherAI/pythia-410m,step8,seed6,6,8
It was a gossip column.,It was a marble column.,column,column,Different Sense,0.021202027797698975,24,0.411764706,6,6,0,405334016,EleutherAI/pythia-410m,step8,seed6,6,8
It was a sports column.,It was a concrete column.,column,column,Different Sense,0.0,0,0.111111111,6,6,0,405334016,EleutherAI/pythia-410m,step8,seed6,6,8
It was a sports column.,It was a concrete column.,column,column,Different Sense,0.021425724029541016,1,0.111111111,6,6,0,405334016,EleutherAI/pythia-410m,step8,seed6,6,8
It was a sports column.,It was a concrete column.,column,column,Different Sense,0.030849218368530273,2,0.111111111,6,6,0,405334016,EleutherAI/pythia-410m,step8,seed6,6,8
It was a sports column.,It was a concrete column.,column,column,Different Sense,0.036852359771728516,3,0.111111111,6,6,0,405334016,EleutherAI/pythia-410m,step8,seed6,6,8
It was a sports column.,It was a concrete column.,column,column,Different Sense,0.03977203369140625,4,0.111111111,6,6,0,405334016,EleutherAI/pythia-410m,step8,seed6,6,8
It was a sports column.,It was a concrete column.,column,column,Different Sense,0.04433596134185791,5,0.111111111,6,6,0,405334016,EleutherAI/pythia-410m,step8,seed6,6,8
It was a sports column.,It was a concrete column.,column,column,Different Sense,0.04161560535430908,6,0.111111111,6,6,0,405334016,EleutherAI/pythia-410m,step8,seed6,6,8
It was a sports column.,It was a concrete column.,column,column,Different Sense,0.04216068983078003,7,0.111111111,6,6,0,405334016,EleutherAI/pythia-410m,step8,seed6,6,8
It was a sports column.,It was a concrete column.,column,column,Different Sense,0.04056662321090698,8,0.111111111,6,6,0,405334016,EleutherAI/pythia-410m,step8,seed6,6,8
It was a sports column.,It was a concrete column.,column,column,Different Sense,0.03991216421127319,9,0.111111111,6,6,0,405334016,EleutherAI/pythia-410m,step8,seed6,6,8
It was a sports column.,It was a concrete column.,column,column,Different Sense,0.03810328245162964,10,0.111111111,6,6,0,405334016,EleutherAI/pythia-410m,step8,seed6,6,8
It was a sports column.,It was a concrete column.,column,column,Different Sense,0.037862181663513184,11,0.111111111,6,6,0,405334016,EleutherAI/pythia-410m,step8,seed6,6,8
It was a sports column.,It was a concrete column.,column,column,Different Sense,0.03758424520492554,12,0.111111111,6,6,0,405334016,EleutherAI/pythia-410m,step8,seed6,6,8
It was a sports column.,It was a concrete column.,column,column,Different Sense,0.03654205799102783,13,0.111111111,6,6,0,405334016,EleutherAI/pythia-410m,step8,seed6,6,8
It was a sports column.,It was a concrete column.,column,column,Different Sense,0.03592497110366821,14,0.111111111,6,6,0,405334016,EleutherAI/pythia-410m,step8,seed6,6,8
It was a sports column.,It was a concrete column.,column,column,Different Sense,0.03453487157821655,15,0.111111111,6,6,0,405334016,EleutherAI/pythia-410m,step8,seed6,6,8
It was a sports column.,It was a concrete column.,column,column,Different Sense,0.034874022006988525,16,0.111111111,6,6,0,405334016,EleutherAI/pythia-410m,step8,seed6,6,8
It was a sports column.,It was a concrete column.,column,column,Different Sense,0.03422266244888306,17,0.111111111,6,6,0,405334016,EleutherAI/pythia-410m,step8,seed6,6,8
It was a sports column.,It was a concrete column.,column,column,Different Sense,0.034440577030181885,18,0.111111111,6,6,0,405334016,EleutherAI/pythia-410m,step8,seed6,6,8
It was a sports column.,It was a concrete column.,column,column,Different Sense,0.0341343879699707,19,0.111111111,6,6,0,405334016,EleutherAI/pythia-410m,step8,seed6,6,8
It was a sports column.,It was a concrete column.,column,column,Different Sense,0.03350144624710083,20,0.111111111,6,6,0,405334016,EleutherAI/pythia-410m,step8,seed6,6,8
It was a sports column.,It was a concrete column.,column,column,Different Sense,0.0336151123046875,21,0.111111111,6,6,0,405334016,EleutherAI/pythia-410m,step8,seed6,6,8
It was a sports column.,It was a concrete column.,column,column,Different Sense,0.03347092866897583,22,0.111111111,6,6,0,405334016,EleutherAI/pythia-410m,step8,seed6,6,8
It was a sports column.,It was a concrete column.,column,column,Different Sense,0.03251773118972778,23,0.111111111,6,6,0,405334016,EleutherAI/pythia-410m,step8,seed6,6,8
It was a sports column.,It was a concrete column.,column,column,Different Sense,0.03218650817871094,24,0.111111111,6,6,0,405334016,EleutherAI/pythia-410m,step8,seed6,6,8
It was a sports column.,It was a marble column.,column,column,Different Sense,0.0,0,0.555555556,6,6,0,405334016,EleutherAI/pythia-410m,step8,seed6,6,8
It was a sports column.,It was a marble column.,column,column,Different Sense,0.02266770601272583,1,0.555555556,6,6,0,405334016,EleutherAI/pythia-410m,step8,seed6,6,8
It was a sports column.,It was a marble column.,column,column,Different Sense,0.029694080352783203,2,0.555555556,6,6,0,405334016,EleutherAI/pythia-410m,step8,seed6,6,8
It was a sports column.,It was a marble column.,column,column,Different Sense,0.03507673740386963,3,0.555555556,6,6,0,405334016,EleutherAI/pythia-410m,step8,seed6,6,8
It was a sports column.,It was a marble column.,column,column,Different Sense,0.037938594818115234,4,0.555555556,6,6,0,405334016,EleutherAI/pythia-410m,step8,seed6,6,8
It was a sports column.,It was a marble column.,column,column,Different Sense,0.04032641649246216,5,0.555555556,6,6,0,405334016,EleutherAI/pythia-410m,step8,seed6,6,8
It was a sports column.,It was a marble column.,column,column,Different Sense,0.03913223743438721,6,0.555555556,6,6,0,405334016,EleutherAI/pythia-410m,step8,seed6,6,8
It was a sports column.,It was a marble column.,column,column,Different Sense,0.0392497181892395,7,0.555555556,6,6,0,405334016,EleutherAI/pythia-410m,step8,seed6,6,8
It was a sports column.,It was a marble column.,column,column,Different Sense,0.03830307722091675,8,0.555555556,6,6,0,405334016,EleutherAI/pythia-410m,step8,seed6,6,8
It was a sports column.,It was a marble column.,column,column,Different Sense,0.037523090839385986,9,0.555555556,6,6,0,405334016,EleutherAI/pythia-410m,step8,seed6,6,8
It was a sports column.,It was a marble column.,column,column,Different Sense,0.036697208881378174,10,0.555555556,6,6,0,405334016,EleutherAI/pythia-410m,step8,seed6,6,8
It was a sports column.,It was a marble column.,column,column,Different Sense,0.03634607791900635,11,0.555555556,6,6,0,405334016,EleutherAI/pythia-410m,step8,seed6,6,8
It was a sports column.,It was a marble column.,column,column,Different Sense,0.03497636318206787,12,0.555555556,6,6,0,405334016,EleutherAI/pythia-410m,step8,seed6,6,8
It was a sports column.,It was a marble column.,column,column,Different Sense,0.033591508865356445,13,0.555555556,6,6,0,405334016,EleutherAI/pythia-410m,step8,seed6,6,8
It was a sports column.,It was a marble column.,column,column,Different Sense,0.03329598903656006,14,0.555555556,6,6,0,405334016,EleutherAI/pythia-410m,step8,seed6,6,8
It was a sports column.,It was a marble column.,column,column,Different Sense,0.033300936222076416,15,0.555555556,6,6,0,405334016,EleutherAI/pythia-410m,step8,seed6,6,8
It was a sports column.,It was a marble column.,column,column,Different Sense,0.0329318642616272,16,0.555555556,6,6,0,405334016,EleutherAI/pythia-410m,step8,seed6,6,8
It was a sports column.,It was a marble column.,column,column,Different Sense,0.033136188983917236,17,0.555555556,6,6,0,405334016,EleutherAI/pythia-410m,step8,seed6,6,8
It was a sports column.,It was a marble column.,column,column,Different Sense,0.03306156396865845,18,0.555555556,6,6,0,405334016,EleutherAI/pythia-410m,step8,seed6,6,8
It was a sports column.,It was a marble column.,column,column,Different Sense,0.032530784606933594,19,0.555555556,6,6,0,405334016,EleutherAI/pythia-410m,step8,seed6,6,8
It was a sports column.,It was a marble column.,column,column,Different Sense,0.03217160701751709,20,0.555555556,6,6,0,405334016,EleutherAI/pythia-410m,step8,seed6,6,8
It was a sports column.,It was a marble column.,column,column,Different Sense,0.031478285789489746,21,0.555555556,6,6,0,405334016,EleutherAI/pythia-410m,step8,seed6,6,8
It was a sports column.,It was a marble column.,column,column,Different Sense,0.030644237995147705,22,0.555555556,6,6,0,405334016,EleutherAI/pythia-410m,step8,seed6,6,8
It was a sports column.,It was a marble column.,column,column,Different Sense,0.029920101165771484,23,0.555555556,6,6,0,405334016,EleutherAI/pythia-410m,step8,seed6,6,8
It was a sports column.,It was a marble column.,column,column,Different Sense,0.029429972171783447,24,0.555555556,6,6,0,405334016,EleutherAI/pythia-410m,step8,seed6,6,8
It was a gossip column.,It was a sports column.,column,column,Same Sense,0.0,0,3.928571429,6,6,0,405334016,EleutherAI/pythia-410m,step8,seed6,6,8
It was a gossip column.,It was a sports column.,column,column,Same Sense,0.0190507173538208,1,3.928571429,6,6,0,405334016,EleutherAI/pythia-410m,step8,seed6,6,8
It was a gossip column.,It was a sports column.,column,column,Same Sense,0.028519809246063232,2,3.928571429,6,6,0,405334016,EleutherAI/pythia-410m,step8,seed6,6,8
It was a gossip column.,It was a sports column.,column,column,Same Sense,0.031646549701690674,3,3.928571429,6,6,0,405334016,EleutherAI/pythia-410m,step8,seed6,6,8
It was a gossip column.,It was a sports column.,column,column,Same Sense,0.03290879726409912,4,3.928571429,6,6,0,405334016,EleutherAI/pythia-410m,step8,seed6,6,8
It was a gossip column.,It was a sports column.,column,column,Same Sense,0.037312090396881104,5,3.928571429,6,6,0,405334016,EleutherAI/pythia-410m,step8,seed6,6,8
It was a gossip column.,It was a sports column.,column,column,Same Sense,0.036394476890563965,6,3.928571429,6,6,0,405334016,EleutherAI/pythia-410m,step8,seed6,6,8
It was a gossip column.,It was a sports column.,column,column,Same Sense,0.036011695861816406,7,3.928571429,6,6,0,405334016,EleutherAI/pythia-410m,step8,seed6,6,8
It was a gossip column.,It was a sports column.,column,column,Same Sense,0.03494542837142944,8,3.928571429,6,6,0,405334016,EleutherAI/pythia-410m,step8,seed6,6,8
It was a gossip column.,It was a sports column.,column,column,Same Sense,0.034075021743774414,9,3.928571429,6,6,0,405334016,EleutherAI/pythia-410m,step8,seed6,6,8
It was a gossip column.,It was a sports column.,column,column,Same Sense,0.033221662044525146,10,3.928571429,6,6,0,405334016,EleutherAI/pythia-410m,step8,seed6,6,8
It was a gossip column.,It was a sports column.,column,column,Same Sense,0.03204202651977539,11,3.928571429,6,6,0,405334016,EleutherAI/pythia-410m,step8,seed6,6,8
It was a gossip column.,It was a sports column.,column,column,Same Sense,0.031649768352508545,12,3.928571429,6,6,0,405334016,EleutherAI/pythia-410m,step8,seed6,6,8
It was a gossip column.,It was a sports column.,column,column,Same Sense,0.03107970952987671,13,3.928571429,6,6,0,405334016,EleutherAI/pythia-410m,step8,seed6,6,8
It was a gossip column.,It was a sports column.,column,column,Same Sense,0.031119108200073242,14,3.928571429,6,6,0,405334016,EleutherAI/pythia-410m,step8,seed6,6,8
It was a gossip column.,It was a sports column.,column,column,Same Sense,0.030695855617523193,15,3.928571429,6,6,0,405334016,EleutherAI/pythia-410m,step8,seed6,6,8
It was a gossip column.,It was a sports column.,column,column,Same Sense,0.031050145626068115,16,3.928571429,6,6,0,405334016,EleutherAI/pythia-410m,step8,seed6,6,8
It was a gossip column.,It was a sports column.,column,column,Same Sense,0.031103551387786865,17,3.928571429,6,6,0,405334016,EleutherAI/pythia-410m,step8,seed6,6,8
It was a gossip column.,It was a sports column.,column,column,Same Sense,0.030733704566955566,18,3.928571429,6,6,0,405334016,EleutherAI/pythia-410m,step8,seed6,6,8
It was a gossip column.,It was a sports column.,column,column,Same Sense,0.030610978603363037,19,3.928571429,6,6,0,405334016,EleutherAI/pythia-410m,step8,seed6,6,8
It was a gossip column.,It was a sports column.,column,column,Same Sense,0.02974015474319458,20,3.928571429,6,6,0,405334016,EleutherAI/pythia-410m,step8,seed6,6,8
It was a gossip column.,It was a sports column.,column,column,Same Sense,0.029520630836486816,21,3.928571429,6,6,0,405334016,EleutherAI/pythia-410m,step8,seed6,6,8
It was a gossip column.,It was a sports column.,column,column,Same Sense,0.028668582439422607,22,3.928571429,6,6,0,405334016,EleutherAI/pythia-410m,step8,seed6,6,8
It was a gossip column.,It was a sports column.,column,column,Same Sense,0.027671635150909424,23,3.928571429,6,6,0,405334016,EleutherAI/pythia-410m,step8,seed6,6,8
It was a gossip column.,It was a sports column.,column,column,Same Sense,0.02728736400604248,24,3.928571429,6,6,0,405334016,EleutherAI/pythia-410m,step8,seed6,6,8
It was a concrete column.,It was a marble column.,column,column,Same Sense,0.0,0,3.727272727,6,6,0,405334016,EleutherAI/pythia-410m,step8,seed6,6,8
It was a concrete column.,It was a marble column.,column,column,Same Sense,0.023473381996154785,1,3.727272727,6,6,0,405334016,EleutherAI/pythia-410m,step8,seed6,6,8
It was a concrete column.,It was a marble column.,column,column,Same Sense,0.033347904682159424,2,3.727272727,6,6,0,405334016,EleutherAI/pythia-410m,step8,seed6,6,8
It was a concrete column.,It was a marble column.,column,column,Same Sense,0.04140597581863403,3,3.727272727,6,6,0,405334016,EleutherAI/pythia-410m,step8,seed6,6,8
It was a concrete column.,It was a marble column.,column,column,Same Sense,0.040945589542388916,4,3.727272727,6,6,0,405334016,EleutherAI/pythia-410m,step8,seed6,6,8
It was a concrete column.,It was a marble column.,column,column,Same Sense,0.04280722141265869,5,3.727272727,6,6,0,405334016,EleutherAI/pythia-410m,step8,seed6,6,8
It was a concrete column.,It was a marble column.,column,column,Same Sense,0.04257076978683472,6,3.727272727,6,6,0,405334016,EleutherAI/pythia-410m,step8,seed6,6,8
It was a concrete column.,It was a marble column.,column,column,Same Sense,0.04226374626159668,7,3.727272727,6,6,0,405334016,EleutherAI/pythia-410m,step8,seed6,6,8
It was a concrete column.,It was a marble column.,column,column,Same Sense,0.04203730821609497,8,3.727272727,6,6,0,405334016,EleutherAI/pythia-410m,step8,seed6,6,8
It was a concrete column.,It was a marble column.,column,column,Same Sense,0.04298752546310425,9,3.727272727,6,6,0,405334016,EleutherAI/pythia-410m,step8,seed6,6,8
It was a concrete column.,It was a marble column.,column,column,Same Sense,0.04138249158859253,10,3.727272727,6,6,0,405334016,EleutherAI/pythia-410m,step8,seed6,6,8
It was a concrete column.,It was a marble column.,column,column,Same Sense,0.040429890155792236,11,3.727272727,6,6,0,405334016,EleutherAI/pythia-410m,step8,seed6,6,8
It was a concrete column.,It was a marble column.,column,column,Same Sense,0.04033041000366211,12,3.727272727,6,6,0,405334016,EleutherAI/pythia-410m,step8,seed6,6,8
It was a concrete column.,It was a marble column.,column,column,Same Sense,0.03919386863708496,13,3.727272727,6,6,0,405334016,EleutherAI/pythia-410m,step8,seed6,6,8
It was a concrete column.,It was a marble column.,column,column,Same Sense,0.03814840316772461,14,3.727272727,6,6,0,405334016,EleutherAI/pythia-410m,step8,seed6,6,8
It was a concrete column.,It was a marble column.,column,column,Same Sense,0.036761701107025146,15,3.727272727,6,6,0,405334016,EleutherAI/pythia-410m,step8,seed6,6,8
It was a concrete column.,It was a marble column.,column,column,Same Sense,0.03616684675216675,16,3.727272727,6,6,0,405334016,EleutherAI/pythia-410m,step8,seed6,6,8
It was a concrete column.,It was a marble column.,column,column,Same Sense,0.035801708698272705,17,3.727272727,6,6,0,405334016,EleutherAI/pythia-410m,step8,seed6,6,8
It was a concrete column.,It was a marble column.,column,column,Same Sense,0.035569608211517334,18,3.727272727,6,6,0,405334016,EleutherAI/pythia-410m,step8,seed6,6,8
It was a concrete column.,It was a marble column.,column,column,Same Sense,0.03525155782699585,19,3.727272727,6,6,0,405334016,EleutherAI/pythia-410m,step8,seed6,6,8
It was a concrete column.,It was a marble column.,column,column,Same Sense,0.03425675630569458,20,3.727272727,6,6,0,405334016,EleutherAI/pythia-410m,step8,seed6,6,8
It was a concrete column.,It was a marble column.,column,column,Same Sense,0.03433257341384888,21,3.727272727,6,6,0,405334016,EleutherAI/pythia-410m,step8,seed6,6,8
It was a concrete column.,It was a marble column.,column,column,Same Sense,0.03411835432052612,22,3.727272727,6,6,0,405334016,EleutherAI/pythia-410m,step8,seed6,6,8
It was a concrete column.,It was a marble column.,column,column,Same Sense,0.03283822536468506,23,3.727272727,6,6,0,405334016,EleutherAI/pythia-410m,step8,seed6,6,8
It was a concrete column.,It was a marble column.,column,column,Same Sense,0.03259146213531494,24,3.727272727,6,6,0,405334016,EleutherAI/pythia-410m,step8,seed6,6,8
He liked the investment company.,He liked the pleasant company.,company,company,Different Sense,0.0,0,1.0,6,6,0,405334016,EleutherAI/pythia-410m,step8,seed6,6,8
He liked the investment company.,He liked the pleasant company.,company,company,Different Sense,0.020175516605377197,1,1.0,6,6,0,405334016,EleutherAI/pythia-410m,step8,seed6,6,8
He liked the investment company.,He liked the pleasant company.,company,company,Different Sense,0.029032230377197266,2,1.0,6,6,0,405334016,EleutherAI/pythia-410m,step8,seed6,6,8
He liked the investment company.,He liked the pleasant company.,company,company,Different Sense,0.032577335834503174,3,1.0,6,6,0,405334016,EleutherAI/pythia-410m,step8,seed6,6,8
He liked the investment company.,He liked the pleasant company.,company,company,Different Sense,0.030301928520202637,4,1.0,6,6,0,405334016,EleutherAI/pythia-410m,step8,seed6,6,8
He liked the investment company.,He liked the pleasant company.,company,company,Different Sense,0.03259408473968506,5,1.0,6,6,0,405334016,EleutherAI/pythia-410m,step8,seed6,6,8
He liked the investment company.,He liked the pleasant company.,company,company,Different Sense,0.03253293037414551,6,1.0,6,6,0,405334016,EleutherAI/pythia-410m,step8,seed6,6,8
He liked the investment company.,He liked the pleasant company.,company,company,Different Sense,0.03245145082473755,7,1.0,6,6,0,405334016,EleutherAI/pythia-410m,step8,seed6,6,8
He liked the investment company.,He liked the pleasant company.,company,company,Different Sense,0.03138744831085205,8,1.0,6,6,0,405334016,EleutherAI/pythia-410m,step8,seed6,6,8
He liked the investment company.,He liked the pleasant company.,company,company,Different Sense,0.03173249959945679,9,1.0,6,6,0,405334016,EleutherAI/pythia-410m,step8,seed6,6,8
He liked the investment company.,He liked the pleasant company.,company,company,Different Sense,0.03218960762023926,10,1.0,6,6,0,405334016,EleutherAI/pythia-410m,step8,seed6,6,8
He liked the investment company.,He liked the pleasant company.,company,company,Different Sense,0.03138071298599243,11,1.0,6,6,0,405334016,EleutherAI/pythia-410m,step8,seed6,6,8
He liked the investment company.,He liked the pleasant company.,company,company,Different Sense,0.031795620918273926,12,1.0,6,6,0,405334016,EleutherAI/pythia-410m,step8,seed6,6,8
He liked the investment company.,He liked the pleasant company.,company,company,Different Sense,0.031389832496643066,13,1.0,6,6,0,405334016,EleutherAI/pythia-410m,step8,seed6,6,8
He liked the investment company.,He liked the pleasant company.,company,company,Different Sense,0.029832184314727783,14,1.0,6,6,0,405334016,EleutherAI/pythia-410m,step8,seed6,6,8
He liked the investment company.,He liked the pleasant company.,company,company,Different Sense,0.02980649471282959,15,1.0,6,6,0,405334016,EleutherAI/pythia-410m,step8,seed6,6,8
He liked the investment company.,He liked the pleasant company.,company,company,Different Sense,0.028556227684020996,16,1.0,6,6,0,405334016,EleutherAI/pythia-410m,step8,seed6,6,8
He liked the investment company.,He liked the pleasant company.,company,company,Different Sense,0.028492331504821777,17,1.0,6,6,0,405334016,EleutherAI/pythia-410m,step8,seed6,6,8
He liked the investment company.,He liked the pleasant company.,company,company,Different Sense,0.02784574031829834,18,1.0,6,6,0,405334016,EleutherAI/pythia-410m,step8,seed6,6,8
He liked the investment company.,He liked the pleasant company.,company,company,Different Sense,0.02755051851272583,19,1.0,6,6,0,405334016,EleutherAI/pythia-410m,step8,seed6,6,8
He liked the investment company.,He liked the pleasant company.,company,company,Different Sense,0.027391672134399414,20,1.0,6,6,0,405334016,EleutherAI/pythia-410m,step8,seed6,6,8
He liked the investment company.,He liked the pleasant company.,company,company,Different Sense,0.027012765407562256,21,1.0,6,6,0,405334016,EleutherAI/pythia-410m,step8,seed6,6,8
He liked the investment company.,He liked the pleasant company.,company,company,Different Sense,0.025867164134979248,22,1.0,6,6,0,405334016,EleutherAI/pythia-410m,step8,seed6,6,8
He liked the investment company.,He liked the pleasant company.,company,company,Different Sense,0.025990307331085205,23,1.0,6,6,0,405334016,EleutherAI/pythia-410m,step8,seed6,6,8
He liked the investment company.,He liked the pleasant company.,company,company,Different Sense,0.02592700719833374,24,1.0,6,6,0,405334016,EleutherAI/pythia-410m,step8,seed6,6,8
He liked the investment company.,He liked the polite company.,company,company,Different Sense,0.0,0,0.733333333,6,6,0,405334016,EleutherAI/pythia-410m,step8,seed6,6,8
He liked the investment company.,He liked the polite company.,company,company,Different Sense,0.024316608905792236,1,0.733333333,6,6,0,405334016,EleutherAI/pythia-410m,step8,seed6,6,8
He liked the investment company.,He liked the polite company.,company,company,Different Sense,0.03603750467300415,2,0.733333333,6,6,0,405334016,EleutherAI/pythia-410m,step8,seed6,6,8
He liked the investment company.,He liked the polite company.,company,company,Different Sense,0.03840219974517822,3,0.733333333,6,6,0,405334016,EleutherAI/pythia-410m,step8,seed6,6,8
He liked the investment company.,He liked the polite company.,company,company,Different Sense,0.03763461112976074,4,0.733333333,6,6,0,405334016,EleutherAI/pythia-410m,step8,seed6,6,8
He liked the investment company.,He liked the polite company.,company,company,Different Sense,0.03828233480453491,5,0.733333333,6,6,0,405334016,EleutherAI/pythia-410m,step8,seed6,6,8
He liked the investment company.,He liked the polite company.,company,company,Different Sense,0.03935617208480835,6,0.733333333,6,6,0,405334016,EleutherAI/pythia-410m,step8,seed6,6,8
He liked the investment company.,He liked the polite company.,company,company,Different Sense,0.03783273696899414,7,0.733333333,6,6,0,405334016,EleutherAI/pythia-410m,step8,seed6,6,8
He liked the investment company.,He liked the polite company.,company,company,Different Sense,0.03744465112686157,8,0.733333333,6,6,0,405334016,EleutherAI/pythia-410m,step8,seed6,6,8
He liked the investment company.,He liked the polite company.,company,company,Different Sense,0.03651624917984009,9,0.733333333,6,6,0,405334016,EleutherAI/pythia-410m,step8,seed6,6,8
He liked the investment company.,He liked the polite company.,company,company,Different Sense,0.037423670291900635,10,0.733333333,6,6,0,405334016,EleutherAI/pythia-410m,step8,seed6,6,8
He liked the investment company.,He liked the polite company.,company,company,Different Sense,0.03743290901184082,11,0.733333333,6,6,0,405334016,EleutherAI/pythia-410m,step8,seed6,6,8
He liked the investment company.,He liked the polite company.,company,company,Different Sense,0.036854445934295654,12,0.733333333,6,6,0,405334016,EleutherAI/pythia-410m,step8,seed6,6,8
He liked the investment company.,He liked the polite company.,company,company,Different Sense,0.03535491228103638,13,0.733333333,6,6,0,405334016,EleutherAI/pythia-410m,step8,seed6,6,8
He liked the investment company.,He liked the polite company.,company,company,Different Sense,0.033246397972106934,14,0.733333333,6,6,0,405334016,EleutherAI/pythia-410m,step8,seed6,6,8
He liked the investment company.,He liked the polite company.,company,company,Different Sense,0.03348284959793091,15,0.733333333,6,6,0,405334016,EleutherAI/pythia-410m,step8,seed6,6,8
He liked the investment company.,He liked the polite company.,company,company,Different Sense,0.03239583969116211,16,0.733333333,6,6,0,405334016,EleutherAI/pythia-410m,step8,seed6,6,8
He liked the investment company.,He liked the polite company.,company,company,Different Sense,0.03196144104003906,17,0.733333333,6,6,0,405334016,EleutherAI/pythia-410m,step8,seed6,6,8
He liked the investment company.,He liked the polite company.,company,company,Different Sense,0.03129488229751587,18,0.733333333,6,6,0,405334016,EleutherAI/pythia-410m,step8,seed6,6,8
He liked the investment company.,He liked the polite company.,company,company,Different Sense,0.030291616916656494,19,0.733333333,6,6,0,405334016,EleutherAI/pythia-410m,step8,seed6,6,8
He liked the investment company.,He liked the polite company.,company,company,Different Sense,0.029367268085479736,20,0.733333333,6,6,0,405334016,EleutherAI/pythia-410m,step8,seed6,6,8
He liked the investment company.,He liked the polite company.,company,company,Different Sense,0.029080629348754883,21,0.733333333,6,6,0,405334016,EleutherAI/pythia-410m,step8,seed6,6,8
He liked the investment company.,He liked the polite company.,company,company,Different Sense,0.02850639820098877,22,0.733333333,6,6,0,405334016,EleutherAI/pythia-410m,step8,seed6,6,8
He liked the investment company.,He liked the polite company.,company,company,Different Sense,0.02842015027999878,23,0.733333333,6,6,0,405334016,EleutherAI/pythia-410m,step8,seed6,6,8
He liked the investment company.,He liked the polite company.,company,company,Different Sense,0.028170287609100342,24,0.733333333,6,6,0,405334016,EleutherAI/pythia-410m,step8,seed6,6,8
He liked the pharmaceutical company.,He liked the pleasant company.,company,company,Different Sense,0.0,0,0.615384615,6,6,0,405334016,EleutherAI/pythia-410m,step8,seed6,6,8
He liked the pharmaceutical company.,He liked the pleasant company.,company,company,Different Sense,0.022207558155059814,1,0.615384615,6,6,0,405334016,EleutherAI/pythia-410m,step8,seed6,6,8
He liked the pharmaceutical company.,He liked the pleasant company.,company,company,Different Sense,0.031801462173461914,2,0.615384615,6,6,0,405334016,EleutherAI/pythia-410m,step8,seed6,6,8
He liked the pharmaceutical company.,He liked the pleasant company.,company,company,Different Sense,0.03263688087463379,3,0.615384615,6,6,0,405334016,EleutherAI/pythia-410m,step8,seed6,6,8
He liked the pharmaceutical company.,He liked the pleasant company.,company,company,Different Sense,0.03352630138397217,4,0.615384615,6,6,0,405334016,EleutherAI/pythia-410m,step8,seed6,6,8
He liked the pharmaceutical company.,He liked the pleasant company.,company,company,Different Sense,0.03457516431808472,5,0.615384615,6,6,0,405334016,EleutherAI/pythia-410m,step8,seed6,6,8
He liked the pharmaceutical company.,He liked the pleasant company.,company,company,Different Sense,0.03482240438461304,6,0.615384615,6,6,0,405334016,EleutherAI/pythia-410m,step8,seed6,6,8
He liked the pharmaceutical company.,He liked the pleasant company.,company,company,Different Sense,0.03490257263183594,7,0.615384615,6,6,0,405334016,EleutherAI/pythia-410m,step8,seed6,6,8
He liked the pharmaceutical company.,He liked the pleasant company.,company,company,Different Sense,0.036103904247283936,8,0.615384615,6,6,0,405334016,EleutherAI/pythia-410m,step8,seed6,6,8
He liked the pharmaceutical company.,He liked the pleasant company.,company,company,Different Sense,0.03577256202697754,9,0.615384615,6,6,0,405334016,EleutherAI/pythia-410m,step8,seed6,6,8
He liked the pharmaceutical company.,He liked the pleasant company.,company,company,Different Sense,0.0362820029258728,10,0.615384615,6,6,0,405334016,EleutherAI/pythia-410m,step8,seed6,6,8
He liked the pharmaceutical company.,He liked the pleasant company.,company,company,Different Sense,0.03655022382736206,11,0.615384615,6,6,0,405334016,EleutherAI/pythia-410m,step8,seed6,6,8
He liked the pharmaceutical company.,He liked the pleasant company.,company,company,Different Sense,0.03645670413970947,12,0.615384615,6,6,0,405334016,EleutherAI/pythia-410m,step8,seed6,6,8
He liked the pharmaceutical company.,He liked the pleasant company.,company,company,Different Sense,0.03621542453765869,13,0.615384615,6,6,0,405334016,EleutherAI/pythia-410m,step8,seed6,6,8
He liked the pharmaceutical company.,He liked the pleasant company.,company,company,Different Sense,0.034271419048309326,14,0.615384615,6,6,0,405334016,EleutherAI/pythia-410m,step8,seed6,6,8
He liked the pharmaceutical company.,He liked the pleasant company.,company,company,Different Sense,0.034058988094329834,15,0.615384615,6,6,0,405334016,EleutherAI/pythia-410m,step8,seed6,6,8
He liked the pharmaceutical company.,He liked the pleasant company.,company,company,Different Sense,0.032927751541137695,16,0.615384615,6,6,0,405334016,EleutherAI/pythia-410m,step8,seed6,6,8
He liked the pharmaceutical company.,He liked the pleasant company.,company,company,Different Sense,0.03163552284240723,17,0.615384615,6,6,0,405334016,EleutherAI/pythia-410m,step8,seed6,6,8
He liked the pharmaceutical company.,He liked the pleasant company.,company,company,Different Sense,0.030933856964111328,18,0.615384615,6,6,0,405334016,EleutherAI/pythia-410m,step8,seed6,6,8
He liked the pharmaceutical company.,He liked the pleasant company.,company,company,Different Sense,0.029924511909484863,19,0.615384615,6,6,0,405334016,EleutherAI/pythia-410m,step8,seed6,6,8
He liked the pharmaceutical company.,He liked the pleasant company.,company,company,Different Sense,0.029593288898468018,20,0.615384615,6,6,0,405334016,EleutherAI/pythia-410m,step8,seed6,6,8
He liked the pharmaceutical company.,He liked the pleasant company.,company,company,Different Sense,0.030561327934265137,21,0.615384615,6,6,0,405334016,EleutherAI/pythia-410m,step8,seed6,6,8
He liked the pharmaceutical company.,He liked the pleasant company.,company,company,Different Sense,0.02978307008743286,22,0.615384615,6,6,0,405334016,EleutherAI/pythia-410m,step8,seed6,6,8
He liked the pharmaceutical company.,He liked the pleasant company.,company,company,Different Sense,0.03003072738647461,23,0.615384615,6,6,0,405334016,EleutherAI/pythia-410m,step8,seed6,6,8
He liked the pharmaceutical company.,He liked the pleasant company.,company,company,Different Sense,0.029647469520568848,24,0.615384615,6,6,0,405334016,EleutherAI/pythia-410m,step8,seed6,6,8
He liked the pharmaceutical company.,He liked the polite company.,company,company,Different Sense,0.0,0,0.3125,6,6,0,405334016,EleutherAI/pythia-410m,step8,seed6,6,8
He liked the pharmaceutical company.,He liked the polite company.,company,company,Different Sense,0.024312257766723633,1,0.3125,6,6,0,405334016,EleutherAI/pythia-410m,step8,seed6,6,8
He liked the pharmaceutical company.,He liked the polite company.,company,company,Different Sense,0.034319281578063965,2,0.3125,6,6,0,405334016,EleutherAI/pythia-410m,step8,seed6,6,8
He liked the pharmaceutical company.,He liked the polite company.,company,company,Different Sense,0.03601104021072388,3,0.3125,6,6,0,405334016,EleutherAI/pythia-410m,step8,seed6,6,8
He liked the pharmaceutical company.,He liked the polite company.,company,company,Different Sense,0.03676724433898926,4,0.3125,6,6,0,405334016,EleutherAI/pythia-410m,step8,seed6,6,8
He liked the pharmaceutical company.,He liked the polite company.,company,company,Different Sense,0.03697371482849121,5,0.3125,6,6,0,405334016,EleutherAI/pythia-410m,step8,seed6,6,8
He liked the pharmaceutical company.,He liked the polite company.,company,company,Different Sense,0.03671640157699585,6,0.3125,6,6,0,405334016,EleutherAI/pythia-410m,step8,seed6,6,8
He liked the pharmaceutical company.,He liked the polite company.,company,company,Different Sense,0.034974634647369385,7,0.3125,6,6,0,405334016,EleutherAI/pythia-410m,step8,seed6,6,8
He liked the pharmaceutical company.,He liked the polite company.,company,company,Different Sense,0.035830020904541016,8,0.3125,6,6,0,405334016,EleutherAI/pythia-410m,step8,seed6,6,8
He liked the pharmaceutical company.,He liked the polite company.,company,company,Different Sense,0.035688579082489014,9,0.3125,6,6,0,405334016,EleutherAI/pythia-410m,step8,seed6,6,8
He liked the pharmaceutical company.,He liked the polite company.,company,company,Different Sense,0.03587305545806885,10,0.3125,6,6,0,405334016,EleutherAI/pythia-410m,step8,seed6,6,8
He liked the pharmaceutical company.,He liked the polite company.,company,company,Different Sense,0.03580445051193237,11,0.3125,6,6,0,405334016,EleutherAI/pythia-410m,step8,seed6,6,8
He liked the pharmaceutical company.,He liked the polite company.,company,company,Different Sense,0.03537100553512573,12,0.3125,6,6,0,405334016,EleutherAI/pythia-410m,step8,seed6,6,8
He liked the pharmaceutical company.,He liked the polite company.,company,company,Different Sense,0.03450387716293335,13,0.3125,6,6,0,405334016,EleutherAI/pythia-410m,step8,seed6,6,8
He liked the pharmaceutical company.,He liked the polite company.,company,company,Different Sense,0.03351247310638428,14,0.3125,6,6,0,405334016,EleutherAI/pythia-410m,step8,seed6,6,8
He liked the pharmaceutical company.,He liked the polite company.,company,company,Different Sense,0.033849358558654785,15,0.3125,6,6,0,405334016,EleutherAI/pythia-410m,step8,seed6,6,8
He liked the pharmaceutical company.,He liked the polite company.,company,company,Different Sense,0.032451510429382324,16,0.3125,6,6,0,405334016,EleutherAI/pythia-410m,step8,seed6,6,8
He liked the pharmaceutical company.,He liked the polite company.,company,company,Different Sense,0.03183865547180176,17,0.3125,6,6,0,405334016,EleutherAI/pythia-410m,step8,seed6,6,8
He liked the pharmaceutical company.,He liked the polite company.,company,company,Different Sense,0.030827879905700684,18,0.3125,6,6,0,405334016,EleutherAI/pythia-410m,step8,seed6,6,8
He liked the pharmaceutical company.,He liked the polite company.,company,company,Different Sense,0.02928745746612549,19,0.3125,6,6,0,405334016,EleutherAI/pythia-410m,step8,seed6,6,8
He liked the pharmaceutical company.,He liked the polite company.,company,company,Different Sense,0.02821904420852661,20,0.3125,6,6,0,405334016,EleutherAI/pythia-410m,step8,seed6,6,8
He liked the pharmaceutical company.,He liked the polite company.,company,company,Different Sense,0.028195321559906006,21,0.3125,6,6,0,405334016,EleutherAI/pythia-410m,step8,seed6,6,8
He liked the pharmaceutical company.,He liked the polite company.,company,company,Different Sense,0.027390003204345703,22,0.3125,6,6,0,405334016,EleutherAI/pythia-410m,step8,seed6,6,8
He liked the pharmaceutical company.,He liked the polite company.,company,company,Different Sense,0.02733677625656128,23,0.3125,6,6,0,405334016,EleutherAI/pythia-410m,step8,seed6,6,8
He liked the pharmaceutical company.,He liked the polite company.,company,company,Different Sense,0.0267333984375,24,0.3125,6,6,0,405334016,EleutherAI/pythia-410m,step8,seed6,6,8
He liked the investment company.,He liked the pharmaceutical company.,company,company,Same Sense,0.0,0,3.5,6,6,0,405334016,EleutherAI/pythia-410m,step8,seed6,6,8
He liked the investment company.,He liked the pharmaceutical company.,company,company,Same Sense,0.022827744483947754,1,3.5,6,6,0,405334016,EleutherAI/pythia-410m,step8,seed6,6,8
He liked the investment company.,He liked the pharmaceutical company.,company,company,Same Sense,0.03140854835510254,2,3.5,6,6,0,405334016,EleutherAI/pythia-410m,step8,seed6,6,8
He liked the investment company.,He liked the pharmaceutical company.,company,company,Same Sense,0.03353673219680786,3,3.5,6,6,0,405334016,EleutherAI/pythia-410m,step8,seed6,6,8
He liked the investment company.,He liked the pharmaceutical company.,company,company,Same Sense,0.03376114368438721,4,3.5,6,6,0,405334016,EleutherAI/pythia-410m,step8,seed6,6,8
He liked the investment company.,He liked the pharmaceutical company.,company,company,Same Sense,0.03443264961242676,5,3.5,6,6,0,405334016,EleutherAI/pythia-410m,step8,seed6,6,8
He liked the investment company.,He liked the pharmaceutical company.,company,company,Same Sense,0.03504443168640137,6,3.5,6,6,0,405334016,EleutherAI/pythia-410m,step8,seed6,6,8
He liked the investment company.,He liked the pharmaceutical company.,company,company,Same Sense,0.03514593839645386,7,3.5,6,6,0,405334016,EleutherAI/pythia-410m,step8,seed6,6,8
He liked the investment company.,He liked the pharmaceutical company.,company,company,Same Sense,0.033962786197662354,8,3.5,6,6,0,405334016,EleutherAI/pythia-410m,step8,seed6,6,8
He liked the investment company.,He liked the pharmaceutical company.,company,company,Same Sense,0.03425288200378418,9,3.5,6,6,0,405334016,EleutherAI/pythia-410m,step8,seed6,6,8
He liked the investment company.,He liked the pharmaceutical company.,company,company,Same Sense,0.0352901816368103,10,3.5,6,6,0,405334016,EleutherAI/pythia-410m,step8,seed6,6,8
He liked the investment company.,He liked the pharmaceutical company.,company,company,Same Sense,0.03541278839111328,11,3.5,6,6,0,405334016,EleutherAI/pythia-410m,step8,seed6,6,8
He liked the investment company.,He liked the pharmaceutical company.,company,company,Same Sense,0.0350797176361084,12,3.5,6,6,0,405334016,EleutherAI/pythia-410m,step8,seed6,6,8
He liked the investment company.,He liked the pharmaceutical company.,company,company,Same Sense,0.034286558628082275,13,3.5,6,6,0,405334016,EleutherAI/pythia-410m,step8,seed6,6,8
He liked the investment company.,He liked the pharmaceutical company.,company,company,Same Sense,0.03322863578796387,14,3.5,6,6,0,405334016,EleutherAI/pythia-410m,step8,seed6,6,8
He liked the investment company.,He liked the pharmaceutical company.,company,company,Same Sense,0.03322511911392212,15,3.5,6,6,0,405334016,EleutherAI/pythia-410m,step8,seed6,6,8
He liked the investment company.,He liked the pharmaceutical company.,company,company,Same Sense,0.03157144784927368,16,3.5,6,6,0,405334016,EleutherAI/pythia-410m,step8,seed6,6,8
He liked the investment company.,He liked the pharmaceutical company.,company,company,Same Sense,0.030853092670440674,17,3.5,6,6,0,405334016,EleutherAI/pythia-410m,step8,seed6,6,8
He liked the investment company.,He liked the pharmaceutical company.,company,company,Same Sense,0.030303955078125,18,3.5,6,6,0,405334016,EleutherAI/pythia-410m,step8,seed6,6,8
He liked the investment company.,He liked the pharmaceutical company.,company,company,Same Sense,0.029121577739715576,19,3.5,6,6,0,405334016,EleutherAI/pythia-410m,step8,seed6,6,8
He liked the investment company.,He liked the pharmaceutical company.,company,company,Same Sense,0.02933478355407715,20,3.5,6,6,0,405334016,EleutherAI/pythia-410m,step8,seed6,6,8
He liked the investment company.,He liked the pharmaceutical company.,company,company,Same Sense,0.02970987558364868,21,3.5,6,6,0,405334016,EleutherAI/pythia-410m,step8,seed6,6,8
He liked the investment company.,He liked the pharmaceutical company.,company,company,Same Sense,0.028986692428588867,22,3.5,6,6,0,405334016,EleutherAI/pythia-410m,step8,seed6,6,8
He liked the investment company.,He liked the pharmaceutical company.,company,company,Same Sense,0.028714001178741455,23,3.5,6,6,0,405334016,EleutherAI/pythia-410m,step8,seed6,6,8
He liked the investment company.,He liked the pharmaceutical company.,company,company,Same Sense,0.028203964233398438,24,3.5,6,6,0,405334016,EleutherAI/pythia-410m,step8,seed6,6,8
He liked the pleasant company.,He liked the polite company.,company,company,Same Sense,0.0,0,3.764705882,6,6,0,405334016,EleutherAI/pythia-410m,step8,seed6,6,8
He liked the pleasant company.,He liked the polite company.,company,company,Same Sense,0.023957431316375732,1,3.764705882,6,6,0,405334016,EleutherAI/pythia-410m,step8,seed6,6,8
He liked the pleasant company.,He liked the polite company.,company,company,Same Sense,0.03358197212219238,2,3.764705882,6,6,0,405334016,EleutherAI/pythia-410m,step8,seed6,6,8
He liked the pleasant company.,He liked the polite company.,company,company,Same Sense,0.03417080640792847,3,3.764705882,6,6,0,405334016,EleutherAI/pythia-410m,step8,seed6,6,8
He liked the pleasant company.,He liked the polite company.,company,company,Same Sense,0.035761356353759766,4,3.764705882,6,6,0,405334016,EleutherAI/pythia-410m,step8,seed6,6,8
He liked the pleasant company.,He liked the polite company.,company,company,Same Sense,0.036555349826812744,5,3.764705882,6,6,0,405334016,EleutherAI/pythia-410m,step8,seed6,6,8
He liked the pleasant company.,He liked the polite company.,company,company,Same Sense,0.037042438983917236,6,3.764705882,6,6,0,405334016,EleutherAI/pythia-410m,step8,seed6,6,8
He liked the pleasant company.,He liked the polite company.,company,company,Same Sense,0.03543919324874878,7,3.764705882,6,6,0,405334016,EleutherAI/pythia-410m,step8,seed6,6,8
He liked the pleasant company.,He liked the polite company.,company,company,Same Sense,0.03558915853500366,8,3.764705882,6,6,0,405334016,EleutherAI/pythia-410m,step8,seed6,6,8
He liked the pleasant company.,He liked the polite company.,company,company,Same Sense,0.035475730895996094,9,3.764705882,6,6,0,405334016,EleutherAI/pythia-410m,step8,seed6,6,8
He liked the pleasant company.,He liked the polite company.,company,company,Same Sense,0.03543490171432495,10,3.764705882,6,6,0,405334016,EleutherAI/pythia-410m,step8,seed6,6,8
He liked the pleasant company.,He liked the polite company.,company,company,Same Sense,0.03529000282287598,11,3.764705882,6,6,0,405334016,EleutherAI/pythia-410m,step8,seed6,6,8
He liked the pleasant company.,He liked the polite company.,company,company,Same Sense,0.03525280952453613,12,3.764705882,6,6,0,405334016,EleutherAI/pythia-410m,step8,seed6,6,8
He liked the pleasant company.,He liked the polite company.,company,company,Same Sense,0.03417021036148071,13,3.764705882,6,6,0,405334016,EleutherAI/pythia-410m,step8,seed6,6,8
He liked the pleasant company.,He liked the polite company.,company,company,Same Sense,0.031929731369018555,14,3.764705882,6,6,0,405334016,EleutherAI/pythia-410m,step8,seed6,6,8
He liked the pleasant company.,He liked the polite company.,company,company,Same Sense,0.0315934419631958,15,3.764705882,6,6,0,405334016,EleutherAI/pythia-410m,step8,seed6,6,8
He liked the pleasant company.,He liked the polite company.,company,company,Same Sense,0.03072887659072876,16,3.764705882,6,6,0,405334016,EleutherAI/pythia-410m,step8,seed6,6,8
He liked the pleasant company.,He liked the polite company.,company,company,Same Sense,0.0299721360206604,17,3.764705882,6,6,0,405334016,EleutherAI/pythia-410m,step8,seed6,6,8
He liked the pleasant company.,He liked the polite company.,company,company,Same Sense,0.028898656368255615,18,3.764705882,6,6,0,405334016,EleutherAI/pythia-410m,step8,seed6,6,8
He liked the pleasant company.,He liked the polite company.,company,company,Same Sense,0.027717530727386475,19,3.764705882,6,6,0,405334016,EleutherAI/pythia-410m,step8,seed6,6,8
He liked the pleasant company.,He liked the polite company.,company,company,Same Sense,0.02699035406112671,20,3.764705882,6,6,0,405334016,EleutherAI/pythia-410m,step8,seed6,6,8
He liked the pleasant company.,He liked the polite company.,company,company,Same Sense,0.026820361614227295,21,3.764705882,6,6,0,405334016,EleutherAI/pythia-410m,step8,seed6,6,8
He liked the pleasant company.,He liked the polite company.,company,company,Same Sense,0.025975167751312256,22,3.764705882,6,6,0,405334016,EleutherAI/pythia-410m,step8,seed6,6,8
He liked the pleasant company.,He liked the polite company.,company,company,Same Sense,0.026293039321899414,23,3.764705882,6,6,0,405334016,EleutherAI/pythia-410m,step8,seed6,6,8
He liked the pleasant company.,He liked the polite company.,company,company,Same Sense,0.026077866554260254,24,3.764705882,6,6,0,405334016,EleutherAI/pythia-410m,step8,seed6,6,8
It was a waffle cone.,It was an orange cone.,cone,cone,Different Sense,0.0,0,1.785714286,8,6,2,405334016,EleutherAI/pythia-410m,step8,seed6,6,8
It was a waffle cone.,It was an orange cone.,cone,cone,Different Sense,0.056834876537323,1,1.785714286,8,6,2,405334016,EleutherAI/pythia-410m,step8,seed6,6,8
It was a waffle cone.,It was an orange cone.,cone,cone,Different Sense,0.07837742567062378,2,1.785714286,8,6,2,405334016,EleutherAI/pythia-410m,step8,seed6,6,8
It was a waffle cone.,It was an orange cone.,cone,cone,Different Sense,0.0881151556968689,3,1.785714286,8,6,2,405334016,EleutherAI/pythia-410m,step8,seed6,6,8
It was a waffle cone.,It was an orange cone.,cone,cone,Different Sense,0.09187424182891846,4,1.785714286,8,6,2,405334016,EleutherAI/pythia-410m,step8,seed6,6,8
It was a waffle cone.,It was an orange cone.,cone,cone,Different Sense,0.09492933750152588,5,1.785714286,8,6,2,405334016,EleutherAI/pythia-410m,step8,seed6,6,8
It was a waffle cone.,It was an orange cone.,cone,cone,Different Sense,0.10298424959182739,6,1.785714286,8,6,2,405334016,EleutherAI/pythia-410m,step8,seed6,6,8
It was a waffle cone.,It was an orange cone.,cone,cone,Different Sense,0.10601752996444702,7,1.785714286,8,6,2,405334016,EleutherAI/pythia-410m,step8,seed6,6,8
It was a waffle cone.,It was an orange cone.,cone,cone,Different Sense,0.10419929027557373,8,1.785714286,8,6,2,405334016,EleutherAI/pythia-410m,step8,seed6,6,8
It was a waffle cone.,It was an orange cone.,cone,cone,Different Sense,0.1036001443862915,9,1.785714286,8,6,2,405334016,EleutherAI/pythia-410m,step8,seed6,6,8
It was a waffle cone.,It was an orange cone.,cone,cone,Different Sense,0.09890466928482056,10,1.785714286,8,6,2,405334016,EleutherAI/pythia-410m,step8,seed6,6,8
It was a waffle cone.,It was an orange cone.,cone,cone,Different Sense,0.09754002094268799,11,1.785714286,8,6,2,405334016,EleutherAI/pythia-410m,step8,seed6,6,8
It was a waffle cone.,It was an orange cone.,cone,cone,Different Sense,0.09677612781524658,12,1.785714286,8,6,2,405334016,EleutherAI/pythia-410m,step8,seed6,6,8
It was a waffle cone.,It was an orange cone.,cone,cone,Different Sense,0.0965685248374939,13,1.785714286,8,6,2,405334016,EleutherAI/pythia-410m,step8,seed6,6,8
It was a waffle cone.,It was an orange cone.,cone,cone,Different Sense,0.09476184844970703,14,1.785714286,8,6,2,405334016,EleutherAI/pythia-410m,step8,seed6,6,8
It was a waffle cone.,It was an orange cone.,cone,cone,Different Sense,0.09569418430328369,15,1.785714286,8,6,2,405334016,EleutherAI/pythia-410m,step8,seed6,6,8
It was a waffle cone.,It was an orange cone.,cone,cone,Different Sense,0.09413880109786987,16,1.785714286,8,6,2,405334016,EleutherAI/pythia-410m,step8,seed6,6,8
It was a waffle cone.,It was an orange cone.,cone,cone,Different Sense,0.09418028593063354,17,1.785714286,8,6,2,405334016,EleutherAI/pythia-410m,step8,seed6,6,8
It was a waffle cone.,It was an orange cone.,cone,cone,Different Sense,0.09712493419647217,18,1.785714286,8,6,2,405334016,EleutherAI/pythia-410m,step8,seed6,6,8
It was a waffle cone.,It was an orange cone.,cone,cone,Different Sense,0.0942583680152893,19,1.785714286,8,6,2,405334016,EleutherAI/pythia-410m,step8,seed6,6,8
It was a waffle cone.,It was an orange cone.,cone,cone,Different Sense,0.09523570537567139,20,1.785714286,8,6,2,405334016,EleutherAI/pythia-410m,step8,seed6,6,8
It was a waffle cone.,It was an orange cone.,cone,cone,Different Sense,0.09621912240982056,21,1.785714286,8,6,2,405334016,EleutherAI/pythia-410m,step8,seed6,6,8
It was a waffle cone.,It was an orange cone.,cone,cone,Different Sense,0.09349316358566284,22,1.785714286,8,6,2,405334016,EleutherAI/pythia-410m,step8,seed6,6,8
It was a waffle cone.,It was an orange cone.,cone,cone,Different Sense,0.09114640951156616,23,1.785714286,8,6,2,405334016,EleutherAI/pythia-410m,step8,seed6,6,8
It was a waffle cone.,It was an orange cone.,cone,cone,Different Sense,0.09026193618774414,24,1.785714286,8,6,2,405334016,EleutherAI/pythia-410m,step8,seed6,6,8
It was a waffle cone.,It was a traffic cone.,cone,cone,Different Sense,0.0,0,1.133333333,8,6,2,405334016,EleutherAI/pythia-410m,step8,seed6,6,8
It was a waffle cone.,It was a traffic cone.,cone,cone,Different Sense,0.040858685970306396,1,1.133333333,8,6,2,405334016,EleutherAI/pythia-410m,step8,seed6,6,8
It was a waffle cone.,It was a traffic cone.,cone,cone,Different Sense,0.054933130741119385,2,1.133333333,8,6,2,405334016,EleutherAI/pythia-410m,step8,seed6,6,8
It was a waffle cone.,It was a traffic cone.,cone,cone,Different Sense,0.06211495399475098,3,1.133333333,8,6,2,405334016,EleutherAI/pythia-410m,step8,seed6,6,8
It was a waffle cone.,It was a traffic cone.,cone,cone,Different Sense,0.0671389102935791,4,1.133333333,8,6,2,405334016,EleutherAI/pythia-410m,step8,seed6,6,8
It was a waffle cone.,It was a traffic cone.,cone,cone,Different Sense,0.06413018703460693,5,1.133333333,8,6,2,405334016,EleutherAI/pythia-410m,step8,seed6,6,8
It was a waffle cone.,It was a traffic cone.,cone,cone,Different Sense,0.065152108669281,6,1.133333333,8,6,2,405334016,EleutherAI/pythia-410m,step8,seed6,6,8
It was a waffle cone.,It was a traffic cone.,cone,cone,Different Sense,0.06536310911178589,7,1.133333333,8,6,2,405334016,EleutherAI/pythia-410m,step8,seed6,6,8
It was a waffle cone.,It was a traffic cone.,cone,cone,Different Sense,0.06446361541748047,8,1.133333333,8,6,2,405334016,EleutherAI/pythia-410m,step8,seed6,6,8
It was a waffle cone.,It was a traffic cone.,cone,cone,Different Sense,0.06598502397537231,9,1.133333333,8,6,2,405334016,EleutherAI/pythia-410m,step8,seed6,6,8
It was a waffle cone.,It was a traffic cone.,cone,cone,Different Sense,0.06360965967178345,10,1.133333333,8,6,2,405334016,EleutherAI/pythia-410m,step8,seed6,6,8
It was a waffle cone.,It was a traffic cone.,cone,cone,Different Sense,0.06124460697174072,11,1.133333333,8,6,2,405334016,EleutherAI/pythia-410m,step8,seed6,6,8
It was a waffle cone.,It was a traffic cone.,cone,cone,Different Sense,0.06257593631744385,12,1.133333333,8,6,2,405334016,EleutherAI/pythia-410m,step8,seed6,6,8
It was a waffle cone.,It was a traffic cone.,cone,cone,Different Sense,0.06061995029449463,13,1.133333333,8,6,2,405334016,EleutherAI/pythia-410m,step8,seed6,6,8
It was a waffle cone.,It was a traffic cone.,cone,cone,Different Sense,0.061556994915008545,14,1.133333333,8,6,2,405334016,EleutherAI/pythia-410m,step8,seed6,6,8
It was a waffle cone.,It was a traffic cone.,cone,cone,Different Sense,0.06268930435180664,15,1.133333333,8,6,2,405334016,EleutherAI/pythia-410m,step8,seed6,6,8
It was a waffle cone.,It was a traffic cone.,cone,cone,Different Sense,0.06165754795074463,16,1.133333333,8,6,2,405334016,EleutherAI/pythia-410m,step8,seed6,6,8
It was a waffle cone.,It was a traffic cone.,cone,cone,Different Sense,0.060906171798706055,17,1.133333333,8,6,2,405334016,EleutherAI/pythia-410m,step8,seed6,6,8
It was a waffle cone.,It was a traffic cone.,cone,cone,Different Sense,0.061324119567871094,18,1.133333333,8,6,2,405334016,EleutherAI/pythia-410m,step8,seed6,6,8
It was a waffle cone.,It was a traffic cone.,cone,cone,Different Sense,0.06030493974685669,19,1.133333333,8,6,2,405334016,EleutherAI/pythia-410m,step8,seed6,6,8
It was a waffle cone.,It was a traffic cone.,cone,cone,Different Sense,0.06076401472091675,20,1.133333333,8,6,2,405334016,EleutherAI/pythia-410m,step8,seed6,6,8
It was a waffle cone.,It was a traffic cone.,cone,cone,Different Sense,0.06013888120651245,21,1.133333333,8,6,2,405334016,EleutherAI/pythia-410m,step8,seed6,6,8
It was a waffle cone.,It was a traffic cone.,cone,cone,Different Sense,0.05792289972305298,22,1.133333333,8,6,2,405334016,EleutherAI/pythia-410m,step8,seed6,6,8
It was a waffle cone.,It was a traffic cone.,cone,cone,Different Sense,0.05576568841934204,23,1.133333333,8,6,2,405334016,EleutherAI/pythia-410m,step8,seed6,6,8
It was a waffle cone.,It was a traffic cone.,cone,cone,Different Sense,0.05410128831863403,24,1.133333333,8,6,2,405334016,EleutherAI/pythia-410m,step8,seed6,6,8
It was a sugar cone.,It was an orange cone.,cone,cone,Different Sense,0.0,0,1.466666667,6,6,0,405334016,EleutherAI/pythia-410m,step8,seed6,6,8
It was a sugar cone.,It was an orange cone.,cone,cone,Different Sense,0.043693363666534424,1,1.466666667,6,6,0,405334016,EleutherAI/pythia-410m,step8,seed6,6,8
It was a sugar cone.,It was an orange cone.,cone,cone,Different Sense,0.06658971309661865,2,1.466666667,6,6,0,405334016,EleutherAI/pythia-410m,step8,seed6,6,8
It was a sugar cone.,It was an orange cone.,cone,cone,Different Sense,0.07218652963638306,3,1.466666667,6,6,0,405334016,EleutherAI/pythia-410m,step8,seed6,6,8
It was a sugar cone.,It was an orange cone.,cone,cone,Different Sense,0.07573646306991577,4,1.466666667,6,6,0,405334016,EleutherAI/pythia-410m,step8,seed6,6,8
It was a sugar cone.,It was an orange cone.,cone,cone,Different Sense,0.07462668418884277,5,1.466666667,6,6,0,405334016,EleutherAI/pythia-410m,step8,seed6,6,8
It was a sugar cone.,It was an orange cone.,cone,cone,Different Sense,0.07648622989654541,6,1.466666667,6,6,0,405334016,EleutherAI/pythia-410m,step8,seed6,6,8
It was a sugar cone.,It was an orange cone.,cone,cone,Different Sense,0.07732528448104858,7,1.466666667,6,6,0,405334016,EleutherAI/pythia-410m,step8,seed6,6,8
It was a sugar cone.,It was an orange cone.,cone,cone,Different Sense,0.07695496082305908,8,1.466666667,6,6,0,405334016,EleutherAI/pythia-410m,step8,seed6,6,8
It was a sugar cone.,It was an orange cone.,cone,cone,Different Sense,0.07712846994400024,9,1.466666667,6,6,0,405334016,EleutherAI/pythia-410m,step8,seed6,6,8
It was a sugar cone.,It was an orange cone.,cone,cone,Different Sense,0.07577550411224365,10,1.466666667,6,6,0,405334016,EleutherAI/pythia-410m,step8,seed6,6,8
It was a sugar cone.,It was an orange cone.,cone,cone,Different Sense,0.07662719488143921,11,1.466666667,6,6,0,405334016,EleutherAI/pythia-410m,step8,seed6,6,8
It was a sugar cone.,It was an orange cone.,cone,cone,Different Sense,0.07653319835662842,12,1.466666667,6,6,0,405334016,EleutherAI/pythia-410m,step8,seed6,6,8
It was a sugar cone.,It was an orange cone.,cone,cone,Different Sense,0.07627427577972412,13,1.466666667,6,6,0,405334016,EleutherAI/pythia-410m,step8,seed6,6,8
It was a sugar cone.,It was an orange cone.,cone,cone,Different Sense,0.07564043998718262,14,1.466666667,6,6,0,405334016,EleutherAI/pythia-410m,step8,seed6,6,8
It was a sugar cone.,It was an orange cone.,cone,cone,Different Sense,0.07622820138931274,15,1.466666667,6,6,0,405334016,EleutherAI/pythia-410m,step8,seed6,6,8
It was a sugar cone.,It was an orange cone.,cone,cone,Different Sense,0.07413971424102783,16,1.466666667,6,6,0,405334016,EleutherAI/pythia-410m,step8,seed6,6,8
It was a sugar cone.,It was an orange cone.,cone,cone,Different Sense,0.07365632057189941,17,1.466666667,6,6,0,405334016,EleutherAI/pythia-410m,step8,seed6,6,8
It was a sugar cone.,It was an orange cone.,cone,cone,Different Sense,0.07418835163116455,18,1.466666667,6,6,0,405334016,EleutherAI/pythia-410m,step8,seed6,6,8
It was a sugar cone.,It was an orange cone.,cone,cone,Different Sense,0.07236862182617188,19,1.466666667,6,6,0,405334016,EleutherAI/pythia-410m,step8,seed6,6,8
It was a sugar cone.,It was an orange cone.,cone,cone,Different Sense,0.07291632890701294,20,1.466666667,6,6,0,405334016,EleutherAI/pythia-410m,step8,seed6,6,8
It was a sugar cone.,It was an orange cone.,cone,cone,Different Sense,0.07212668657302856,21,1.466666667,6,6,0,405334016,EleutherAI/pythia-410m,step8,seed6,6,8
It was a sugar cone.,It was an orange cone.,cone,cone,Different Sense,0.06909018754959106,22,1.466666667,6,6,0,405334016,EleutherAI/pythia-410m,step8,seed6,6,8
It was a sugar cone.,It was an orange cone.,cone,cone,Different Sense,0.06809884309768677,23,1.466666667,6,6,0,405334016,EleutherAI/pythia-410m,step8,seed6,6,8
It was a sugar cone.,It was an orange cone.,cone,cone,Different Sense,0.06733882427215576,24,1.466666667,6,6,0,405334016,EleutherAI/pythia-410m,step8,seed6,6,8
It was a sugar cone.,It was a traffic cone.,cone,cone,Different Sense,0.0,0,1.666666667,6,6,0,405334016,EleutherAI/pythia-410m,step8,seed6,6,8
It was a sugar cone.,It was a traffic cone.,cone,cone,Different Sense,0.023307740688323975,1,1.666666667,6,6,0,405334016,EleutherAI/pythia-410m,step8,seed6,6,8
It was a sugar cone.,It was a traffic cone.,cone,cone,Different Sense,0.032060444355010986,2,1.666666667,6,6,0,405334016,EleutherAI/pythia-410m,step8,seed6,6,8
It was a sugar cone.,It was a traffic cone.,cone,cone,Different Sense,0.032670676708221436,3,1.666666667,6,6,0,405334016,EleutherAI/pythia-410m,step8,seed6,6,8
It was a sugar cone.,It was a traffic cone.,cone,cone,Different Sense,0.037439167499542236,4,1.666666667,6,6,0,405334016,EleutherAI/pythia-410m,step8,seed6,6,8
It was a sugar cone.,It was a traffic cone.,cone,cone,Different Sense,0.03563731908798218,5,1.666666667,6,6,0,405334016,EleutherAI/pythia-410m,step8,seed6,6,8
It was a sugar cone.,It was a traffic cone.,cone,cone,Different Sense,0.03580904006958008,6,1.666666667,6,6,0,405334016,EleutherAI/pythia-410m,step8,seed6,6,8
It was a sugar cone.,It was a traffic cone.,cone,cone,Different Sense,0.035375773906707764,7,1.666666667,6,6,0,405334016,EleutherAI/pythia-410m,step8,seed6,6,8
It was a sugar cone.,It was a traffic cone.,cone,cone,Different Sense,0.03410822153091431,8,1.666666667,6,6,0,405334016,EleutherAI/pythia-410m,step8,seed6,6,8
It was a sugar cone.,It was a traffic cone.,cone,cone,Different Sense,0.0349007248878479,9,1.666666667,6,6,0,405334016,EleutherAI/pythia-410m,step8,seed6,6,8
It was a sugar cone.,It was a traffic cone.,cone,cone,Different Sense,0.03407949209213257,10,1.666666667,6,6,0,405334016,EleutherAI/pythia-410m,step8,seed6,6,8
It was a sugar cone.,It was a traffic cone.,cone,cone,Different Sense,0.03315550088882446,11,1.666666667,6,6,0,405334016,EleutherAI/pythia-410m,step8,seed6,6,8
It was a sugar cone.,It was a traffic cone.,cone,cone,Different Sense,0.033291399478912354,12,1.666666667,6,6,0,405334016,EleutherAI/pythia-410m,step8,seed6,6,8
It was a sugar cone.,It was a traffic cone.,cone,cone,Different Sense,0.0345531702041626,13,1.666666667,6,6,0,405334016,EleutherAI/pythia-410m,step8,seed6,6,8
It was a sugar cone.,It was a traffic cone.,cone,cone,Different Sense,0.034706294536590576,14,1.666666667,6,6,0,405334016,EleutherAI/pythia-410m,step8,seed6,6,8
It was a sugar cone.,It was a traffic cone.,cone,cone,Different Sense,0.03400927782058716,15,1.666666667,6,6,0,405334016,EleutherAI/pythia-410m,step8,seed6,6,8
It was a sugar cone.,It was a traffic cone.,cone,cone,Different Sense,0.03272610902786255,16,1.666666667,6,6,0,405334016,EleutherAI/pythia-410m,step8,seed6,6,8
It was a sugar cone.,It was a traffic cone.,cone,cone,Different Sense,0.031804680824279785,17,1.666666667,6,6,0,405334016,EleutherAI/pythia-410m,step8,seed6,6,8
It was a sugar cone.,It was a traffic cone.,cone,cone,Different Sense,0.031625449657440186,18,1.666666667,6,6,0,405334016,EleutherAI/pythia-410m,step8,seed6,6,8
It was a sugar cone.,It was a traffic cone.,cone,cone,Different Sense,0.03131818771362305,19,1.666666667,6,6,0,405334016,EleutherAI/pythia-410m,step8,seed6,6,8
It was a sugar cone.,It was a traffic cone.,cone,cone,Different Sense,0.03184401988983154,20,1.666666667,6,6,0,405334016,EleutherAI/pythia-410m,step8,seed6,6,8
It was a sugar cone.,It was a traffic cone.,cone,cone,Different Sense,0.03143972158432007,21,1.666666667,6,6,0,405334016,EleutherAI/pythia-410m,step8,seed6,6,8
It was a sugar cone.,It was a traffic cone.,cone,cone,Different Sense,0.030743539333343506,22,1.666666667,6,6,0,405334016,EleutherAI/pythia-410m,step8,seed6,6,8
It was a sugar cone.,It was a traffic cone.,cone,cone,Different Sense,0.02980971336364746,23,1.666666667,6,6,0,405334016,EleutherAI/pythia-410m,step8,seed6,6,8
It was a sugar cone.,It was a traffic cone.,cone,cone,Different Sense,0.029249906539916992,24,1.666666667,6,6,0,405334016,EleutherAI/pythia-410m,step8,seed6,6,8
It was a waffle cone.,It was a sugar cone.,cone,cone,Same Sense,0.0,0,4.0,8,6,2,405334016,EleutherAI/pythia-410m,step8,seed6,6,8
It was a waffle cone.,It was a sugar cone.,cone,cone,Same Sense,0.04087841510772705,1,4.0,8,6,2,405334016,EleutherAI/pythia-410m,step8,seed6,6,8
It was a waffle cone.,It was a sugar cone.,cone,cone,Same Sense,0.056231558322906494,2,4.0,8,6,2,405334016,EleutherAI/pythia-410m,step8,seed6,6,8
It was a waffle cone.,It was a sugar cone.,cone,cone,Same Sense,0.06007343530654907,3,4.0,8,6,2,405334016,EleutherAI/pythia-410m,step8,seed6,6,8
It was a waffle cone.,It was a sugar cone.,cone,cone,Same Sense,0.06206858158111572,4,4.0,8,6,2,405334016,EleutherAI/pythia-410m,step8,seed6,6,8
It was a waffle cone.,It was a sugar cone.,cone,cone,Same Sense,0.059772789478302,5,4.0,8,6,2,405334016,EleutherAI/pythia-410m,step8,seed6,6,8
It was a waffle cone.,It was a sugar cone.,cone,cone,Same Sense,0.061012446880340576,6,4.0,8,6,2,405334016,EleutherAI/pythia-410m,step8,seed6,6,8
It was a waffle cone.,It was a sugar cone.,cone,cone,Same Sense,0.060670554637908936,7,4.0,8,6,2,405334016,EleutherAI/pythia-410m,step8,seed6,6,8
It was a waffle cone.,It was a sugar cone.,cone,cone,Same Sense,0.061397552490234375,8,4.0,8,6,2,405334016,EleutherAI/pythia-410m,step8,seed6,6,8
It was a waffle cone.,It was a sugar cone.,cone,cone,Same Sense,0.06250351667404175,9,4.0,8,6,2,405334016,EleutherAI/pythia-410m,step8,seed6,6,8
It was a waffle cone.,It was a sugar cone.,cone,cone,Same Sense,0.05973786115646362,10,4.0,8,6,2,405334016,EleutherAI/pythia-410m,step8,seed6,6,8
It was a waffle cone.,It was a sugar cone.,cone,cone,Same Sense,0.058570146560668945,11,4.0,8,6,2,405334016,EleutherAI/pythia-410m,step8,seed6,6,8
It was a waffle cone.,It was a sugar cone.,cone,cone,Same Sense,0.05919402837753296,12,4.0,8,6,2,405334016,EleutherAI/pythia-410m,step8,seed6,6,8
It was a waffle cone.,It was a sugar cone.,cone,cone,Same Sense,0.05781257152557373,13,4.0,8,6,2,405334016,EleutherAI/pythia-410m,step8,seed6,6,8
It was a waffle cone.,It was a sugar cone.,cone,cone,Same Sense,0.05748480558395386,14,4.0,8,6,2,405334016,EleutherAI/pythia-410m,step8,seed6,6,8
It was a waffle cone.,It was a sugar cone.,cone,cone,Same Sense,0.058732032775878906,15,4.0,8,6,2,405334016,EleutherAI/pythia-410m,step8,seed6,6,8
It was a waffle cone.,It was a sugar cone.,cone,cone,Same Sense,0.05681192874908447,16,4.0,8,6,2,405334016,EleutherAI/pythia-410m,step8,seed6,6,8
It was a waffle cone.,It was a sugar cone.,cone,cone,Same Sense,0.05533879995346069,17,4.0,8,6,2,405334016,EleutherAI/pythia-410m,step8,seed6,6,8
It was a waffle cone.,It was a sugar cone.,cone,cone,Same Sense,0.05520898103713989,18,4.0,8,6,2,405334016,EleutherAI/pythia-410m,step8,seed6,6,8
It was a waffle cone.,It was a sugar cone.,cone,cone,Same Sense,0.05402570962905884,19,4.0,8,6,2,405334016,EleutherAI/pythia-410m,step8,seed6,6,8
It was a waffle cone.,It was a sugar cone.,cone,cone,Same Sense,0.054074883460998535,20,4.0,8,6,2,405334016,EleutherAI/pythia-410m,step8,seed6,6,8
It was a waffle cone.,It was a sugar cone.,cone,cone,Same Sense,0.053765952587127686,21,4.0,8,6,2,405334016,EleutherAI/pythia-410m,step8,seed6,6,8
It was a waffle cone.,It was a sugar cone.,cone,cone,Same Sense,0.0529630184173584,22,4.0,8,6,2,405334016,EleutherAI/pythia-410m,step8,seed6,6,8
It was a waffle cone.,It was a sugar cone.,cone,cone,Same Sense,0.05234873294830322,23,4.0,8,6,2,405334016,EleutherAI/pythia-410m,step8,seed6,6,8
It was a waffle cone.,It was a sugar cone.,cone,cone,Same Sense,0.05091828107833862,24,4.0,8,6,2,405334016,EleutherAI/pythia-410m,step8,seed6,6,8
It was an orange cone.,It was a traffic cone.,cone,cone,Same Sense,0.0,0,3.647058824,6,6,0,405334016,EleutherAI/pythia-410m,step8,seed6,6,8
It was an orange cone.,It was a traffic cone.,cone,cone,Same Sense,0.047539353370666504,1,3.647058824,6,6,0,405334016,EleutherAI/pythia-410m,step8,seed6,6,8
It was an orange cone.,It was a traffic cone.,cone,cone,Same Sense,0.0698276162147522,2,3.647058824,6,6,0,405334016,EleutherAI/pythia-410m,step8,seed6,6,8
It was an orange cone.,It was a traffic cone.,cone,cone,Same Sense,0.07875645160675049,3,3.647058824,6,6,0,405334016,EleutherAI/pythia-410m,step8,seed6,6,8
It was an orange cone.,It was a traffic cone.,cone,cone,Same Sense,0.08393478393554688,4,3.647058824,6,6,0,405334016,EleutherAI/pythia-410m,step8,seed6,6,8
It was an orange cone.,It was a traffic cone.,cone,cone,Same Sense,0.08662563562393188,5,3.647058824,6,6,0,405334016,EleutherAI/pythia-410m,step8,seed6,6,8
It was an orange cone.,It was a traffic cone.,cone,cone,Same Sense,0.08714669942855835,6,3.647058824,6,6,0,405334016,EleutherAI/pythia-410m,step8,seed6,6,8
It was an orange cone.,It was a traffic cone.,cone,cone,Same Sense,0.08940446376800537,7,3.647058824,6,6,0,405334016,EleutherAI/pythia-410m,step8,seed6,6,8
It was an orange cone.,It was a traffic cone.,cone,cone,Same Sense,0.08735239505767822,8,3.647058824,6,6,0,405334016,EleutherAI/pythia-410m,step8,seed6,6,8
It was an orange cone.,It was a traffic cone.,cone,cone,Same Sense,0.08673393726348877,9,3.647058824,6,6,0,405334016,EleutherAI/pythia-410m,step8,seed6,6,8
It was an orange cone.,It was a traffic cone.,cone,cone,Same Sense,0.08509474992752075,10,3.647058824,6,6,0,405334016,EleutherAI/pythia-410m,step8,seed6,6,8
It was an orange cone.,It was a traffic cone.,cone,cone,Same Sense,0.08515554666519165,11,3.647058824,6,6,0,405334016,EleutherAI/pythia-410m,step8,seed6,6,8
It was an orange cone.,It was a traffic cone.,cone,cone,Same Sense,0.08335131406784058,12,3.647058824,6,6,0,405334016,EleutherAI/pythia-410m,step8,seed6,6,8
It was an orange cone.,It was a traffic cone.,cone,cone,Same Sense,0.08318501710891724,13,3.647058824,6,6,0,405334016,EleutherAI/pythia-410m,step8,seed6,6,8
It was an orange cone.,It was a traffic cone.,cone,cone,Same Sense,0.0829545259475708,14,3.647058824,6,6,0,405334016,EleutherAI/pythia-410m,step8,seed6,6,8
It was an orange cone.,It was a traffic cone.,cone,cone,Same Sense,0.08233481645584106,15,3.647058824,6,6,0,405334016,EleutherAI/pythia-410m,step8,seed6,6,8
It was an orange cone.,It was a traffic cone.,cone,cone,Same Sense,0.08118325471878052,16,3.647058824,6,6,0,405334016,EleutherAI/pythia-410m,step8,seed6,6,8
It was an orange cone.,It was a traffic cone.,cone,cone,Same Sense,0.08056926727294922,17,3.647058824,6,6,0,405334016,EleutherAI/pythia-410m,step8,seed6,6,8
It was an orange cone.,It was a traffic cone.,cone,cone,Same Sense,0.08180296421051025,18,3.647058824,6,6,0,405334016,EleutherAI/pythia-410m,step8,seed6,6,8
It was an orange cone.,It was a traffic cone.,cone,cone,Same Sense,0.08089929819107056,19,3.647058824,6,6,0,405334016,EleutherAI/pythia-410m,step8,seed6,6,8
It was an orange cone.,It was a traffic cone.,cone,cone,Same Sense,0.08213835954666138,20,3.647058824,6,6,0,405334016,EleutherAI/pythia-410m,step8,seed6,6,8
It was an orange cone.,It was a traffic cone.,cone,cone,Same Sense,0.08126765489578247,21,3.647058824,6,6,0,405334016,EleutherAI/pythia-410m,step8,seed6,6,8
It was an orange cone.,It was a traffic cone.,cone,cone,Same Sense,0.07881808280944824,22,3.647058824,6,6,0,405334016,EleutherAI/pythia-410m,step8,seed6,6,8
It was an orange cone.,It was a traffic cone.,cone,cone,Same Sense,0.07697266340255737,23,3.647058824,6,6,0,405334016,EleutherAI/pythia-410m,step8,seed6,6,8
It was an orange cone.,It was a traffic cone.,cone,cone,Same Sense,0.07563048601150513,24,3.647058824,6,6,0,405334016,EleutherAI/pythia-410m,step8,seed6,6,8
He made a charitable contribution.,He made a scholarly contribution.,contribution,contribution,Different Sense,0.0,0,3.375,6,6,0,405334016,EleutherAI/pythia-410m,step8,seed6,6,8
He made a charitable contribution.,He made a scholarly contribution.,contribution,contribution,Different Sense,0.028042852878570557,1,3.375,6,6,0,405334016,EleutherAI/pythia-410m,step8,seed6,6,8
He made a charitable contribution.,He made a scholarly contribution.,contribution,contribution,Different Sense,0.037649571895599365,2,3.375,6,6,0,405334016,EleutherAI/pythia-410m,step8,seed6,6,8
He made a charitable contribution.,He made a scholarly contribution.,contribution,contribution,Different Sense,0.03842306137084961,3,3.375,6,6,0,405334016,EleutherAI/pythia-410m,step8,seed6,6,8
He made a charitable contribution.,He made a scholarly contribution.,contribution,contribution,Different Sense,0.04543328285217285,4,3.375,6,6,0,405334016,EleutherAI/pythia-410m,step8,seed6,6,8
He made a charitable contribution.,He made a scholarly contribution.,contribution,contribution,Different Sense,0.04630708694458008,5,3.375,6,6,0,405334016,EleutherAI/pythia-410m,step8,seed6,6,8
He made a charitable contribution.,He made a scholarly contribution.,contribution,contribution,Different Sense,0.04475027322769165,6,3.375,6,6,0,405334016,EleutherAI/pythia-410m,step8,seed6,6,8
He made a charitable contribution.,He made a scholarly contribution.,contribution,contribution,Different Sense,0.04419124126434326,7,3.375,6,6,0,405334016,EleutherAI/pythia-410m,step8,seed6,6,8
He made a charitable contribution.,He made a scholarly contribution.,contribution,contribution,Different Sense,0.04644519090652466,8,3.375,6,6,0,405334016,EleutherAI/pythia-410m,step8,seed6,6,8
He made a charitable contribution.,He made a scholarly contribution.,contribution,contribution,Different Sense,0.04690676927566528,9,3.375,6,6,0,405334016,EleutherAI/pythia-410m,step8,seed6,6,8
He made a charitable contribution.,He made a scholarly contribution.,contribution,contribution,Different Sense,0.04686206579208374,10,3.375,6,6,0,405334016,EleutherAI/pythia-410m,step8,seed6,6,8
He made a charitable contribution.,He made a scholarly contribution.,contribution,contribution,Different Sense,0.04837441444396973,11,3.375,6,6,0,405334016,EleutherAI/pythia-410m,step8,seed6,6,8
He made a charitable contribution.,He made a scholarly contribution.,contribution,contribution,Different Sense,0.050016164779663086,12,3.375,6,6,0,405334016,EleutherAI/pythia-410m,step8,seed6,6,8
He made a charitable contribution.,He made a scholarly contribution.,contribution,contribution,Different Sense,0.05058717727661133,13,3.375,6,6,0,405334016,EleutherAI/pythia-410m,step8,seed6,6,8
He made a charitable contribution.,He made a scholarly contribution.,contribution,contribution,Different Sense,0.04853016138076782,14,3.375,6,6,0,405334016,EleutherAI/pythia-410m,step8,seed6,6,8
He made a charitable contribution.,He made a scholarly contribution.,contribution,contribution,Different Sense,0.04686218500137329,15,3.375,6,6,0,405334016,EleutherAI/pythia-410m,step8,seed6,6,8
He made a charitable contribution.,He made a scholarly contribution.,contribution,contribution,Different Sense,0.04629868268966675,16,3.375,6,6,0,405334016,EleutherAI/pythia-410m,step8,seed6,6,8
He made a charitable contribution.,He made a scholarly contribution.,contribution,contribution,Different Sense,0.04609179496765137,17,3.375,6,6,0,405334016,EleutherAI/pythia-410m,step8,seed6,6,8
He made a charitable contribution.,He made a scholarly contribution.,contribution,contribution,Different Sense,0.04617053270339966,18,3.375,6,6,0,405334016,EleutherAI/pythia-410m,step8,seed6,6,8
He made a charitable contribution.,He made a scholarly contribution.,contribution,contribution,Different Sense,0.04561150074005127,19,3.375,6,6,0,405334016,EleutherAI/pythia-410m,step8,seed6,6,8
He made a charitable contribution.,He made a scholarly contribution.,contribution,contribution,Different Sense,0.04512399435043335,20,3.375,6,6,0,405334016,EleutherAI/pythia-410m,step8,seed6,6,8
He made a charitable contribution.,He made a scholarly contribution.,contribution,contribution,Different Sense,0.0441814661026001,21,3.375,6,6,0,405334016,EleutherAI/pythia-410m,step8,seed6,6,8
He made a charitable contribution.,He made a scholarly contribution.,contribution,contribution,Different Sense,0.04178297519683838,22,3.375,6,6,0,405334016,EleutherAI/pythia-410m,step8,seed6,6,8
He made a charitable contribution.,He made a scholarly contribution.,contribution,contribution,Different Sense,0.04011344909667969,23,3.375,6,6,0,405334016,EleutherAI/pythia-410m,step8,seed6,6,8
He made a charitable contribution.,He made a scholarly contribution.,contribution,contribution,Different Sense,0.03941667079925537,24,3.375,6,6,0,405334016,EleutherAI/pythia-410m,step8,seed6,6,8
He made a charitable contribution.,He made a well-written contribution.,contribution,contribution,Different Sense,0.0,0,1.9375,6,8,2,405334016,EleutherAI/pythia-410m,step8,seed6,6,8
He made a charitable contribution.,He made a well-written contribution.,contribution,contribution,Different Sense,0.036472439765930176,1,1.9375,6,8,2,405334016,EleutherAI/pythia-410m,step8,seed6,6,8
He made a charitable contribution.,He made a well-written contribution.,contribution,contribution,Different Sense,0.048918306827545166,2,1.9375,6,8,2,405334016,EleutherAI/pythia-410m,step8,seed6,6,8
He made a charitable contribution.,He made a well-written contribution.,contribution,contribution,Different Sense,0.05375087261199951,3,1.9375,6,8,2,405334016,EleutherAI/pythia-410m,step8,seed6,6,8
He made a charitable contribution.,He made a well-written contribution.,contribution,contribution,Different Sense,0.06900167465209961,4,1.9375,6,8,2,405334016,EleutherAI/pythia-410m,step8,seed6,6,8
He made a charitable contribution.,He made a well-written contribution.,contribution,contribution,Different Sense,0.06898349523544312,5,1.9375,6,8,2,405334016,EleutherAI/pythia-410m,step8,seed6,6,8
He made a charitable contribution.,He made a well-written contribution.,contribution,contribution,Different Sense,0.06456923484802246,6,1.9375,6,8,2,405334016,EleutherAI/pythia-410m,step8,seed6,6,8
He made a charitable contribution.,He made a well-written contribution.,contribution,contribution,Different Sense,0.06712973117828369,7,1.9375,6,8,2,405334016,EleutherAI/pythia-410m,step8,seed6,6,8
He made a charitable contribution.,He made a well-written contribution.,contribution,contribution,Different Sense,0.06818807125091553,8,1.9375,6,8,2,405334016,EleutherAI/pythia-410m,step8,seed6,6,8
He made a charitable contribution.,He made a well-written contribution.,contribution,contribution,Different Sense,0.07188761234283447,9,1.9375,6,8,2,405334016,EleutherAI/pythia-410m,step8,seed6,6,8
He made a charitable contribution.,He made a well-written contribution.,contribution,contribution,Different Sense,0.07196784019470215,10,1.9375,6,8,2,405334016,EleutherAI/pythia-410m,step8,seed6,6,8
He made a charitable contribution.,He made a well-written contribution.,contribution,contribution,Different Sense,0.07195848226547241,11,1.9375,6,8,2,405334016,EleutherAI/pythia-410m,step8,seed6,6,8
He made a charitable contribution.,He made a well-written contribution.,contribution,contribution,Different Sense,0.0726919174194336,12,1.9375,6,8,2,405334016,EleutherAI/pythia-410m,step8,seed6,6,8
He made a charitable contribution.,He made a well-written contribution.,contribution,contribution,Different Sense,0.07324475049972534,13,1.9375,6,8,2,405334016,EleutherAI/pythia-410m,step8,seed6,6,8
He made a charitable contribution.,He made a well-written contribution.,contribution,contribution,Different Sense,0.07132130861282349,14,1.9375,6,8,2,405334016,EleutherAI/pythia-410m,step8,seed6,6,8
He made a charitable contribution.,He made a well-written contribution.,contribution,contribution,Different Sense,0.06881976127624512,15,1.9375,6,8,2,405334016,EleutherAI/pythia-410m,step8,seed6,6,8
He made a charitable contribution.,He made a well-written contribution.,contribution,contribution,Different Sense,0.06846505403518677,16,1.9375,6,8,2,405334016,EleutherAI/pythia-410m,step8,seed6,6,8
He made a charitable contribution.,He made a well-written contribution.,contribution,contribution,Different Sense,0.06813591718673706,17,1.9375,6,8,2,405334016,EleutherAI/pythia-410m,step8,seed6,6,8
He made a charitable contribution.,He made a well-written contribution.,contribution,contribution,Different Sense,0.06636267900466919,18,1.9375,6,8,2,405334016,EleutherAI/pythia-410m,step8,seed6,6,8
He made a charitable contribution.,He made a well-written contribution.,contribution,contribution,Different Sense,0.06518548727035522,19,1.9375,6,8,2,405334016,EleutherAI/pythia-410m,step8,seed6,6,8
He made a charitable contribution.,He made a well-written contribution.,contribution,contribution,Different Sense,0.06322550773620605,20,1.9375,6,8,2,405334016,EleutherAI/pythia-410m,step8,seed6,6,8
He made a charitable contribution.,He made a well-written contribution.,contribution,contribution,Different Sense,0.062305569648742676,21,1.9375,6,8,2,405334016,EleutherAI/pythia-410m,step8,seed6,6,8
He made a charitable contribution.,He made a well-written contribution.,contribution,contribution,Different Sense,0.05918687582015991,22,1.9375,6,8,2,405334016,EleutherAI/pythia-410m,step8,seed6,6,8
He made a charitable contribution.,He made a well-written contribution.,contribution,contribution,Different Sense,0.05924862623214722,23,1.9375,6,8,2,405334016,EleutherAI/pythia-410m,step8,seed6,6,8
He made a charitable contribution.,He made a well-written contribution.,contribution,contribution,Different Sense,0.057988882064819336,24,1.9375,6,8,2,405334016,EleutherAI/pythia-410m,step8,seed6,6,8
He made a voluntary contribution.,He made a scholarly contribution.,contribution,contribution,Different Sense,0.0,0,3.411764706,6,6,0,405334016,EleutherAI/pythia-410m,step8,seed6,6,8
He made a voluntary contribution.,He made a scholarly contribution.,contribution,contribution,Different Sense,0.027136623859405518,1,3.411764706,6,6,0,405334016,EleutherAI/pythia-410m,step8,seed6,6,8
He made a voluntary contribution.,He made a scholarly contribution.,contribution,contribution,Different Sense,0.03559744358062744,2,3.411764706,6,6,0,405334016,EleutherAI/pythia-410m,step8,seed6,6,8
He made a voluntary contribution.,He made a scholarly contribution.,contribution,contribution,Different Sense,0.03854793310165405,3,3.411764706,6,6,0,405334016,EleutherAI/pythia-410m,step8,seed6,6,8
He made a voluntary contribution.,He made a scholarly contribution.,contribution,contribution,Different Sense,0.04312688112258911,4,3.411764706,6,6,0,405334016,EleutherAI/pythia-410m,step8,seed6,6,8
He made a voluntary contribution.,He made a scholarly contribution.,contribution,contribution,Different Sense,0.044358789920806885,5,3.411764706,6,6,0,405334016,EleutherAI/pythia-410m,step8,seed6,6,8
He made a voluntary contribution.,He made a scholarly contribution.,contribution,contribution,Different Sense,0.04119616746902466,6,3.411764706,6,6,0,405334016,EleutherAI/pythia-410m,step8,seed6,6,8
He made a voluntary contribution.,He made a scholarly contribution.,contribution,contribution,Different Sense,0.04147547483444214,7,3.411764706,6,6,0,405334016,EleutherAI/pythia-410m,step8,seed6,6,8
He made a voluntary contribution.,He made a scholarly contribution.,contribution,contribution,Different Sense,0.04480743408203125,8,3.411764706,6,6,0,405334016,EleutherAI/pythia-410m,step8,seed6,6,8
He made a voluntary contribution.,He made a scholarly contribution.,contribution,contribution,Different Sense,0.044419944286346436,9,3.411764706,6,6,0,405334016,EleutherAI/pythia-410m,step8,seed6,6,8
He made a voluntary contribution.,He made a scholarly contribution.,contribution,contribution,Different Sense,0.04538452625274658,10,3.411764706,6,6,0,405334016,EleutherAI/pythia-410m,step8,seed6,6,8
He made a voluntary contribution.,He made a scholarly contribution.,contribution,contribution,Different Sense,0.04568356275558472,11,3.411764706,6,6,0,405334016,EleutherAI/pythia-410m,step8,seed6,6,8
He made a voluntary contribution.,He made a scholarly contribution.,contribution,contribution,Different Sense,0.046347200870513916,12,3.411764706,6,6,0,405334016,EleutherAI/pythia-410m,step8,seed6,6,8
He made a voluntary contribution.,He made a scholarly contribution.,contribution,contribution,Different Sense,0.04648399353027344,13,3.411764706,6,6,0,405334016,EleutherAI/pythia-410m,step8,seed6,6,8
He made a voluntary contribution.,He made a scholarly contribution.,contribution,contribution,Different Sense,0.04464298486709595,14,3.411764706,6,6,0,405334016,EleutherAI/pythia-410m,step8,seed6,6,8
He made a voluntary contribution.,He made a scholarly contribution.,contribution,contribution,Different Sense,0.04309976100921631,15,3.411764706,6,6,0,405334016,EleutherAI/pythia-410m,step8,seed6,6,8
He made a voluntary contribution.,He made a scholarly contribution.,contribution,contribution,Different Sense,0.04398655891418457,16,3.411764706,6,6,0,405334016,EleutherAI/pythia-410m,step8,seed6,6,8
He made a voluntary contribution.,He made a scholarly contribution.,contribution,contribution,Different Sense,0.04325985908508301,17,3.411764706,6,6,0,405334016,EleutherAI/pythia-410m,step8,seed6,6,8
He made a voluntary contribution.,He made a scholarly contribution.,contribution,contribution,Different Sense,0.04295170307159424,18,3.411764706,6,6,0,405334016,EleutherAI/pythia-410m,step8,seed6,6,8
He made a voluntary contribution.,He made a scholarly contribution.,contribution,contribution,Different Sense,0.04223155975341797,19,3.411764706,6,6,0,405334016,EleutherAI/pythia-410m,step8,seed6,6,8
He made a voluntary contribution.,He made a scholarly contribution.,contribution,contribution,Different Sense,0.04171419143676758,20,3.411764706,6,6,0,405334016,EleutherAI/pythia-410m,step8,seed6,6,8
He made a voluntary contribution.,He made a scholarly contribution.,contribution,contribution,Different Sense,0.04145073890686035,21,3.411764706,6,6,0,405334016,EleutherAI/pythia-410m,step8,seed6,6,8
He made a voluntary contribution.,He made a scholarly contribution.,contribution,contribution,Different Sense,0.03864699602127075,22,3.411764706,6,6,0,405334016,EleutherAI/pythia-410m,step8,seed6,6,8
He made a voluntary contribution.,He made a scholarly contribution.,contribution,contribution,Different Sense,0.03714627027511597,23,3.411764706,6,6,0,405334016,EleutherAI/pythia-410m,step8,seed6,6,8
He made a voluntary contribution.,He made a scholarly contribution.,contribution,contribution,Different Sense,0.036449551582336426,24,3.411764706,6,6,0,405334016,EleutherAI/pythia-410m,step8,seed6,6,8
He made a voluntary contribution.,He made a well-written contribution.,contribution,contribution,Different Sense,0.0,0,2.857142857,6,8,2,405334016,EleutherAI/pythia-410m,step8,seed6,6,8
He made a voluntary contribution.,He made a well-written contribution.,contribution,contribution,Different Sense,0.03285187482833862,1,2.857142857,6,8,2,405334016,EleutherAI/pythia-410m,step8,seed6,6,8
He made a voluntary contribution.,He made a well-written contribution.,contribution,contribution,Different Sense,0.0423923134803772,2,2.857142857,6,8,2,405334016,EleutherAI/pythia-410m,step8,seed6,6,8
He made a voluntary contribution.,He made a well-written contribution.,contribution,contribution,Different Sense,0.045425355434417725,3,2.857142857,6,8,2,405334016,EleutherAI/pythia-410m,step8,seed6,6,8
He made a voluntary contribution.,He made a well-written contribution.,contribution,contribution,Different Sense,0.05509108304977417,4,2.857142857,6,8,2,405334016,EleutherAI/pythia-410m,step8,seed6,6,8
He made a voluntary contribution.,He made a well-written contribution.,contribution,contribution,Different Sense,0.0565834641456604,5,2.857142857,6,8,2,405334016,EleutherAI/pythia-410m,step8,seed6,6,8
He made a voluntary contribution.,He made a well-written contribution.,contribution,contribution,Different Sense,0.056434571743011475,6,2.857142857,6,8,2,405334016,EleutherAI/pythia-410m,step8,seed6,6,8
He made a voluntary contribution.,He made a well-written contribution.,contribution,contribution,Different Sense,0.05717378854751587,7,2.857142857,6,8,2,405334016,EleutherAI/pythia-410m,step8,seed6,6,8
He made a voluntary contribution.,He made a well-written contribution.,contribution,contribution,Different Sense,0.0594860315322876,8,2.857142857,6,8,2,405334016,EleutherAI/pythia-410m,step8,seed6,6,8
He made a voluntary contribution.,He made a well-written contribution.,contribution,contribution,Different Sense,0.06301206350326538,9,2.857142857,6,8,2,405334016,EleutherAI/pythia-410m,step8,seed6,6,8
He made a voluntary contribution.,He made a well-written contribution.,contribution,contribution,Different Sense,0.0630258321762085,10,2.857142857,6,8,2,405334016,EleutherAI/pythia-410m,step8,seed6,6,8
He made a voluntary contribution.,He made a well-written contribution.,contribution,contribution,Different Sense,0.06533169746398926,11,2.857142857,6,8,2,405334016,EleutherAI/pythia-410m,step8,seed6,6,8
He made a voluntary contribution.,He made a well-written contribution.,contribution,contribution,Different Sense,0.06815880537033081,12,2.857142857,6,8,2,405334016,EleutherAI/pythia-410m,step8,seed6,6,8
He made a voluntary contribution.,He made a well-written contribution.,contribution,contribution,Different Sense,0.06775087118148804,13,2.857142857,6,8,2,405334016,EleutherAI/pythia-410m,step8,seed6,6,8
He made a voluntary contribution.,He made a well-written contribution.,contribution,contribution,Different Sense,0.06748014688491821,14,2.857142857,6,8,2,405334016,EleutherAI/pythia-410m,step8,seed6,6,8
He made a voluntary contribution.,He made a well-written contribution.,contribution,contribution,Different Sense,0.06405997276306152,15,2.857142857,6,8,2,405334016,EleutherAI/pythia-410m,step8,seed6,6,8
He made a voluntary contribution.,He made a well-written contribution.,contribution,contribution,Different Sense,0.06474775075912476,16,2.857142857,6,8,2,405334016,EleutherAI/pythia-410m,step8,seed6,6,8
He made a voluntary contribution.,He made a well-written contribution.,contribution,contribution,Different Sense,0.06508445739746094,17,2.857142857,6,8,2,405334016,EleutherAI/pythia-410m,step8,seed6,6,8
He made a voluntary contribution.,He made a well-written contribution.,contribution,contribution,Different Sense,0.06340622901916504,18,2.857142857,6,8,2,405334016,EleutherAI/pythia-410m,step8,seed6,6,8
He made a voluntary contribution.,He made a well-written contribution.,contribution,contribution,Different Sense,0.06166356801986694,19,2.857142857,6,8,2,405334016,EleutherAI/pythia-410m,step8,seed6,6,8
He made a voluntary contribution.,He made a well-written contribution.,contribution,contribution,Different Sense,0.059548795223236084,20,2.857142857,6,8,2,405334016,EleutherAI/pythia-410m,step8,seed6,6,8
He made a voluntary contribution.,He made a well-written contribution.,contribution,contribution,Different Sense,0.05749785900115967,21,2.857142857,6,8,2,405334016,EleutherAI/pythia-410m,step8,seed6,6,8
He made a voluntary contribution.,He made a well-written contribution.,contribution,contribution,Different Sense,0.05434536933898926,22,2.857142857,6,8,2,405334016,EleutherAI/pythia-410m,step8,seed6,6,8
He made a voluntary contribution.,He made a well-written contribution.,contribution,contribution,Different Sense,0.05426150560379028,23,2.857142857,6,8,2,405334016,EleutherAI/pythia-410m,step8,seed6,6,8
He made a voluntary contribution.,He made a well-written contribution.,contribution,contribution,Different Sense,0.05297428369522095,24,2.857142857,6,8,2,405334016,EleutherAI/pythia-410m,step8,seed6,6,8
He made a charitable contribution.,He made a voluntary contribution.,contribution,contribution,Same Sense,0.0,0,3.875,6,6,0,405334016,EleutherAI/pythia-410m,step8,seed6,6,8
He made a charitable contribution.,He made a voluntary contribution.,contribution,contribution,Same Sense,0.021598219871520996,1,3.875,6,6,0,405334016,EleutherAI/pythia-410m,step8,seed6,6,8
He made a charitable contribution.,He made a voluntary contribution.,contribution,contribution,Same Sense,0.030952155590057373,2,3.875,6,6,0,405334016,EleutherAI/pythia-410m,step8,seed6,6,8
He made a charitable contribution.,He made a voluntary contribution.,contribution,contribution,Same Sense,0.03265106678009033,3,3.875,6,6,0,405334016,EleutherAI/pythia-410m,step8,seed6,6,8
He made a charitable contribution.,He made a voluntary contribution.,contribution,contribution,Same Sense,0.03682965040206909,4,3.875,6,6,0,405334016,EleutherAI/pythia-410m,step8,seed6,6,8
He made a charitable contribution.,He made a voluntary contribution.,contribution,contribution,Same Sense,0.0406874418258667,5,3.875,6,6,0,405334016,EleutherAI/pythia-410m,step8,seed6,6,8
He made a charitable contribution.,He made a voluntary contribution.,contribution,contribution,Same Sense,0.03808790445327759,6,3.875,6,6,0,405334016,EleutherAI/pythia-410m,step8,seed6,6,8
He made a charitable contribution.,He made a voluntary contribution.,contribution,contribution,Same Sense,0.03790813684463501,7,3.875,6,6,0,405334016,EleutherAI/pythia-410m,step8,seed6,6,8
He made a charitable contribution.,He made a voluntary contribution.,contribution,contribution,Same Sense,0.03947782516479492,8,3.875,6,6,0,405334016,EleutherAI/pythia-410m,step8,seed6,6,8
He made a charitable contribution.,He made a voluntary contribution.,contribution,contribution,Same Sense,0.04051554203033447,9,3.875,6,6,0,405334016,EleutherAI/pythia-410m,step8,seed6,6,8
He made a charitable contribution.,He made a voluntary contribution.,contribution,contribution,Same Sense,0.040577709674835205,10,3.875,6,6,0,405334016,EleutherAI/pythia-410m,step8,seed6,6,8
He made a charitable contribution.,He made a voluntary contribution.,contribution,contribution,Same Sense,0.041838884353637695,11,3.875,6,6,0,405334016,EleutherAI/pythia-410m,step8,seed6,6,8
He made a charitable contribution.,He made a voluntary contribution.,contribution,contribution,Same Sense,0.042057156562805176,12,3.875,6,6,0,405334016,EleutherAI/pythia-410m,step8,seed6,6,8
He made a charitable contribution.,He made a voluntary contribution.,contribution,contribution,Same Sense,0.04208862781524658,13,3.875,6,6,0,405334016,EleutherAI/pythia-410m,step8,seed6,6,8
He made a charitable contribution.,He made a voluntary contribution.,contribution,contribution,Same Sense,0.0421675443649292,14,3.875,6,6,0,405334016,EleutherAI/pythia-410m,step8,seed6,6,8
He made a charitable contribution.,He made a voluntary contribution.,contribution,contribution,Same Sense,0.04079592227935791,15,3.875,6,6,0,405334016,EleutherAI/pythia-410m,step8,seed6,6,8
He made a charitable contribution.,He made a voluntary contribution.,contribution,contribution,Same Sense,0.040671706199645996,16,3.875,6,6,0,405334016,EleutherAI/pythia-410m,step8,seed6,6,8
He made a charitable contribution.,He made a voluntary contribution.,contribution,contribution,Same Sense,0.03991669416427612,17,3.875,6,6,0,405334016,EleutherAI/pythia-410m,step8,seed6,6,8
He made a charitable contribution.,He made a voluntary contribution.,contribution,contribution,Same Sense,0.03872030973434448,18,3.875,6,6,0,405334016,EleutherAI/pythia-410m,step8,seed6,6,8
He made a charitable contribution.,He made a voluntary contribution.,contribution,contribution,Same Sense,0.037538349628448486,19,3.875,6,6,0,405334016,EleutherAI/pythia-410m,step8,seed6,6,8
He made a charitable contribution.,He made a voluntary contribution.,contribution,contribution,Same Sense,0.03622746467590332,20,3.875,6,6,0,405334016,EleutherAI/pythia-410m,step8,seed6,6,8
He made a charitable contribution.,He made a voluntary contribution.,contribution,contribution,Same Sense,0.03510934114456177,21,3.875,6,6,0,405334016,EleutherAI/pythia-410m,step8,seed6,6,8
He made a charitable contribution.,He made a voluntary contribution.,contribution,contribution,Same Sense,0.03331947326660156,22,3.875,6,6,0,405334016,EleutherAI/pythia-410m,step8,seed6,6,8
He made a charitable contribution.,He made a voluntary contribution.,contribution,contribution,Same Sense,0.03312605619430542,23,3.875,6,6,0,405334016,EleutherAI/pythia-410m,step8,seed6,6,8
He made a charitable contribution.,He made a voluntary contribution.,contribution,contribution,Same Sense,0.03352838754653931,24,3.875,6,6,0,405334016,EleutherAI/pythia-410m,step8,seed6,6,8
He made a scholarly contribution.,He made a well-written contribution.,contribution,contribution,Same Sense,0.0,0,3.076923077,6,8,2,405334016,EleutherAI/pythia-410m,step8,seed6,6,8
He made a scholarly contribution.,He made a well-written contribution.,contribution,contribution,Same Sense,0.03938931226730347,1,3.076923077,6,8,2,405334016,EleutherAI/pythia-410m,step8,seed6,6,8
He made a scholarly contribution.,He made a well-written contribution.,contribution,contribution,Same Sense,0.05255526304244995,2,3.076923077,6,8,2,405334016,EleutherAI/pythia-410m,step8,seed6,6,8
He made a scholarly contribution.,He made a well-written contribution.,contribution,contribution,Same Sense,0.057263970375061035,3,3.076923077,6,8,2,405334016,EleutherAI/pythia-410m,step8,seed6,6,8
He made a scholarly contribution.,He made a well-written contribution.,contribution,contribution,Same Sense,0.06965690851211548,4,3.076923077,6,8,2,405334016,EleutherAI/pythia-410m,step8,seed6,6,8
He made a scholarly contribution.,He made a well-written contribution.,contribution,contribution,Same Sense,0.06945043802261353,5,3.076923077,6,8,2,405334016,EleutherAI/pythia-410m,step8,seed6,6,8
He made a scholarly contribution.,He made a well-written contribution.,contribution,contribution,Same Sense,0.06626254320144653,6,3.076923077,6,8,2,405334016,EleutherAI/pythia-410m,step8,seed6,6,8
He made a scholarly contribution.,He made a well-written contribution.,contribution,contribution,Same Sense,0.06540161371231079,7,3.076923077,6,8,2,405334016,EleutherAI/pythia-410m,step8,seed6,6,8
He made a scholarly contribution.,He made a well-written contribution.,contribution,contribution,Same Sense,0.06692582368850708,8,3.076923077,6,8,2,405334016,EleutherAI/pythia-410m,step8,seed6,6,8
He made a scholarly contribution.,He made a well-written contribution.,contribution,contribution,Same Sense,0.0701826810836792,9,3.076923077,6,8,2,405334016,EleutherAI/pythia-410m,step8,seed6,6,8
He made a scholarly contribution.,He made a well-written contribution.,contribution,contribution,Same Sense,0.07009762525558472,10,3.076923077,6,8,2,405334016,EleutherAI/pythia-410m,step8,seed6,6,8
He made a scholarly contribution.,He made a well-written contribution.,contribution,contribution,Same Sense,0.07135224342346191,11,3.076923077,6,8,2,405334016,EleutherAI/pythia-410m,step8,seed6,6,8
He made a scholarly contribution.,He made a well-written contribution.,contribution,contribution,Same Sense,0.07328176498413086,12,3.076923077,6,8,2,405334016,EleutherAI/pythia-410m,step8,seed6,6,8
He made a scholarly contribution.,He made a well-written contribution.,contribution,contribution,Same Sense,0.07547444105148315,13,3.076923077,6,8,2,405334016,EleutherAI/pythia-410m,step8,seed6,6,8
He made a scholarly contribution.,He made a well-written contribution.,contribution,contribution,Same Sense,0.07371342182159424,14,3.076923077,6,8,2,405334016,EleutherAI/pythia-410m,step8,seed6,6,8
He made a scholarly contribution.,He made a well-written contribution.,contribution,contribution,Same Sense,0.07110768556594849,15,3.076923077,6,8,2,405334016,EleutherAI/pythia-410m,step8,seed6,6,8
He made a scholarly contribution.,He made a well-written contribution.,contribution,contribution,Same Sense,0.07097607851028442,16,3.076923077,6,8,2,405334016,EleutherAI/pythia-410m,step8,seed6,6,8
He made a scholarly contribution.,He made a well-written contribution.,contribution,contribution,Same Sense,0.07023507356643677,17,3.076923077,6,8,2,405334016,EleutherAI/pythia-410m,step8,seed6,6,8
He made a scholarly contribution.,He made a well-written contribution.,contribution,contribution,Same Sense,0.06842726469039917,18,3.076923077,6,8,2,405334016,EleutherAI/pythia-410m,step8,seed6,6,8
He made a scholarly contribution.,He made a well-written contribution.,contribution,contribution,Same Sense,0.06813246011734009,19,3.076923077,6,8,2,405334016,EleutherAI/pythia-410m,step8,seed6,6,8
He made a scholarly contribution.,He made a well-written contribution.,contribution,contribution,Same Sense,0.0663406252861023,20,3.076923077,6,8,2,405334016,EleutherAI/pythia-410m,step8,seed6,6,8
He made a scholarly contribution.,He made a well-written contribution.,contribution,contribution,Same Sense,0.06624609231948853,21,3.076923077,6,8,2,405334016,EleutherAI/pythia-410m,step8,seed6,6,8
He made a scholarly contribution.,He made a well-written contribution.,contribution,contribution,Same Sense,0.062426090240478516,22,3.076923077,6,8,2,405334016,EleutherAI/pythia-410m,step8,seed6,6,8
He made a scholarly contribution.,He made a well-written contribution.,contribution,contribution,Same Sense,0.06088978052139282,23,3.076923077,6,8,2,405334016,EleutherAI/pythia-410m,step8,seed6,6,8
He made a scholarly contribution.,He made a well-written contribution.,contribution,contribution,Same Sense,0.05990195274353027,24,3.076923077,6,8,2,405334016,EleutherAI/pythia-410m,step8,seed6,6,8
That was the noble count.,That was the final count.,count,count,Different Sense,0.0,0,0.142857143,6,6,0,405334016,EleutherAI/pythia-410m,step8,seed6,6,8
That was the noble count.,That was the final count.,count,count,Different Sense,0.03527325391769409,1,0.142857143,6,6,0,405334016,EleutherAI/pythia-410m,step8,seed6,6,8
That was the noble count.,That was the final count.,count,count,Different Sense,0.043883323669433594,2,0.142857143,6,6,0,405334016,EleutherAI/pythia-410m,step8,seed6,6,8
That was the noble count.,That was the final count.,count,count,Different Sense,0.04493182897567749,3,0.142857143,6,6,0,405334016,EleutherAI/pythia-410m,step8,seed6,6,8
That was the noble count.,That was the final count.,count,count,Different Sense,0.0411795973777771,4,0.142857143,6,6,0,405334016,EleutherAI/pythia-410m,step8,seed6,6,8
That was the noble count.,That was the final count.,count,count,Different Sense,0.04313206672668457,5,0.142857143,6,6,0,405334016,EleutherAI/pythia-410m,step8,seed6,6,8
That was the noble count.,That was the final count.,count,count,Different Sense,0.04381304979324341,6,0.142857143,6,6,0,405334016,EleutherAI/pythia-410m,step8,seed6,6,8
That was the noble count.,That was the final count.,count,count,Different Sense,0.041745543479919434,7,0.142857143,6,6,0,405334016,EleutherAI/pythia-410m,step8,seed6,6,8
That was the noble count.,That was the final count.,count,count,Different Sense,0.04233253002166748,8,0.142857143,6,6,0,405334016,EleutherAI/pythia-410m,step8,seed6,6,8
That was the noble count.,That was the final count.,count,count,Different Sense,0.04356473684310913,9,0.142857143,6,6,0,405334016,EleutherAI/pythia-410m,step8,seed6,6,8
That was the noble count.,That was the final count.,count,count,Different Sense,0.042642831802368164,10,0.142857143,6,6,0,405334016,EleutherAI/pythia-410m,step8,seed6,6,8
That was the noble count.,That was the final count.,count,count,Different Sense,0.04149925708770752,11,0.142857143,6,6,0,405334016,EleutherAI/pythia-410m,step8,seed6,6,8
That was the noble count.,That was the final count.,count,count,Different Sense,0.040353357791900635,12,0.142857143,6,6,0,405334016,EleutherAI/pythia-410m,step8,seed6,6,8
That was the noble count.,That was the final count.,count,count,Different Sense,0.0391465425491333,13,0.142857143,6,6,0,405334016,EleutherAI/pythia-410m,step8,seed6,6,8
That was the noble count.,That was the final count.,count,count,Different Sense,0.039937496185302734,14,0.142857143,6,6,0,405334016,EleutherAI/pythia-410m,step8,seed6,6,8
That was the noble count.,That was the final count.,count,count,Different Sense,0.03776317834854126,15,0.142857143,6,6,0,405334016,EleutherAI/pythia-410m,step8,seed6,6,8
That was the noble count.,That was the final count.,count,count,Different Sense,0.0365946888923645,16,0.142857143,6,6,0,405334016,EleutherAI/pythia-410m,step8,seed6,6,8
That was the noble count.,That was the final count.,count,count,Different Sense,0.03599578142166138,17,0.142857143,6,6,0,405334016,EleutherAI/pythia-410m,step8,seed6,6,8
That was the noble count.,That was the final count.,count,count,Different Sense,0.036013007164001465,18,0.142857143,6,6,0,405334016,EleutherAI/pythia-410m,step8,seed6,6,8
That was the noble count.,That was the final count.,count,count,Different Sense,0.03467249870300293,19,0.142857143,6,6,0,405334016,EleutherAI/pythia-410m,step8,seed6,6,8
That was the noble count.,That was the final count.,count,count,Different Sense,0.034345924854278564,20,0.142857143,6,6,0,405334016,EleutherAI/pythia-410m,step8,seed6,6,8
That was the noble count.,That was the final count.,count,count,Different Sense,0.033958494663238525,21,0.142857143,6,6,0,405334016,EleutherAI/pythia-410m,step8,seed6,6,8
That was the noble count.,That was the final count.,count,count,Different Sense,0.032630324363708496,22,0.142857143,6,6,0,405334016,EleutherAI/pythia-410m,step8,seed6,6,8
That was the noble count.,That was the final count.,count,count,Different Sense,0.031987130641937256,23,0.142857143,6,6,0,405334016,EleutherAI/pythia-410m,step8,seed6,6,8
That was the noble count.,That was the final count.,count,count,Different Sense,0.03156328201293945,24,0.142857143,6,6,0,405334016,EleutherAI/pythia-410m,step8,seed6,6,8
That was the noble count.,That was the correct count.,count,count,Different Sense,0.0,0,0.375,6,6,0,405334016,EleutherAI/pythia-410m,step8,seed6,6,8
That was the noble count.,That was the correct count.,count,count,Different Sense,0.030973374843597412,1,0.375,6,6,0,405334016,EleutherAI/pythia-410m,step8,seed6,6,8
That was the noble count.,That was the correct count.,count,count,Different Sense,0.03724169731140137,2,0.375,6,6,0,405334016,EleutherAI/pythia-410m,step8,seed6,6,8
That was the noble count.,That was the correct count.,count,count,Different Sense,0.039486467838287354,3,0.375,6,6,0,405334016,EleutherAI/pythia-410m,step8,seed6,6,8
That was the noble count.,That was the correct count.,count,count,Different Sense,0.038972556591033936,4,0.375,6,6,0,405334016,EleutherAI/pythia-410m,step8,seed6,6,8
That was the noble count.,That was the correct count.,count,count,Different Sense,0.04410970211029053,5,0.375,6,6,0,405334016,EleutherAI/pythia-410m,step8,seed6,6,8
That was the noble count.,That was the correct count.,count,count,Different Sense,0.04866516590118408,6,0.375,6,6,0,405334016,EleutherAI/pythia-410m,step8,seed6,6,8
That was the noble count.,That was the correct count.,count,count,Different Sense,0.04537016153335571,7,0.375,6,6,0,405334016,EleutherAI/pythia-410m,step8,seed6,6,8
That was the noble count.,That was the correct count.,count,count,Different Sense,0.045768797397613525,8,0.375,6,6,0,405334016,EleutherAI/pythia-410m,step8,seed6,6,8
That was the noble count.,That was the correct count.,count,count,Different Sense,0.04713374376296997,9,0.375,6,6,0,405334016,EleutherAI/pythia-410m,step8,seed6,6,8
That was the noble count.,That was the correct count.,count,count,Different Sense,0.045668959617614746,10,0.375,6,6,0,405334016,EleutherAI/pythia-410m,step8,seed6,6,8
That was the noble count.,That was the correct count.,count,count,Different Sense,0.045282065868377686,11,0.375,6,6,0,405334016,EleutherAI/pythia-410m,step8,seed6,6,8
That was the noble count.,That was the correct count.,count,count,Different Sense,0.045543134212493896,12,0.375,6,6,0,405334016,EleutherAI/pythia-410m,step8,seed6,6,8
That was the noble count.,That was the correct count.,count,count,Different Sense,0.04396766424179077,13,0.375,6,6,0,405334016,EleutherAI/pythia-410m,step8,seed6,6,8
That was the noble count.,That was the correct count.,count,count,Different Sense,0.045486390590667725,14,0.375,6,6,0,405334016,EleutherAI/pythia-410m,step8,seed6,6,8
That was the noble count.,That was the correct count.,count,count,Different Sense,0.04370671510696411,15,0.375,6,6,0,405334016,EleutherAI/pythia-410m,step8,seed6,6,8
That was the noble count.,That was the correct count.,count,count,Different Sense,0.04222029447555542,16,0.375,6,6,0,405334016,EleutherAI/pythia-410m,step8,seed6,6,8
That was the noble count.,That was the correct count.,count,count,Different Sense,0.04102450609207153,17,0.375,6,6,0,405334016,EleutherAI/pythia-410m,step8,seed6,6,8
That was the noble count.,That was the correct count.,count,count,Different Sense,0.041394174098968506,18,0.375,6,6,0,405334016,EleutherAI/pythia-410m,step8,seed6,6,8
That was the noble count.,That was the correct count.,count,count,Different Sense,0.03947639465332031,19,0.375,6,6,0,405334016,EleutherAI/pythia-410m,step8,seed6,6,8
That was the noble count.,That was the correct count.,count,count,Different Sense,0.03993403911590576,20,0.375,6,6,0,405334016,EleutherAI/pythia-410m,step8,seed6,6,8
That was the noble count.,That was the correct count.,count,count,Different Sense,0.04033404588699341,21,0.375,6,6,0,405334016,EleutherAI/pythia-410m,step8,seed6,6,8
That was the noble count.,That was the correct count.,count,count,Different Sense,0.038397133350372314,22,0.375,6,6,0,405334016,EleutherAI/pythia-410m,step8,seed6,6,8
That was the noble count.,That was the correct count.,count,count,Different Sense,0.037946999073028564,23,0.375,6,6,0,405334016,EleutherAI/pythia-410m,step8,seed6,6,8
That was the noble count.,That was the correct count.,count,count,Different Sense,0.03785759210586548,24,0.375,6,6,0,405334016,EleutherAI/pythia-410m,step8,seed6,6,8
That was the vengeful count.,That was the final count.,count,count,Different Sense,0.0,0,0.75,8,6,2,405334016,EleutherAI/pythia-410m,step8,seed6,6,8
That was the vengeful count.,That was the final count.,count,count,Different Sense,0.03519773483276367,1,0.75,8,6,2,405334016,EleutherAI/pythia-410m,step8,seed6,6,8
That was the vengeful count.,That was the final count.,count,count,Different Sense,0.04592406749725342,2,0.75,8,6,2,405334016,EleutherAI/pythia-410m,step8,seed6,6,8
That was the vengeful count.,That was the final count.,count,count,Different Sense,0.04793703556060791,3,0.75,8,6,2,405334016,EleutherAI/pythia-410m,step8,seed6,6,8
That was the vengeful count.,That was the final count.,count,count,Different Sense,0.04661118984222412,4,0.75,8,6,2,405334016,EleutherAI/pythia-410m,step8,seed6,6,8
That was the vengeful count.,That was the final count.,count,count,Different Sense,0.047098517417907715,5,0.75,8,6,2,405334016,EleutherAI/pythia-410m,step8,seed6,6,8
That was the vengeful count.,That was the final count.,count,count,Different Sense,0.04724752902984619,6,0.75,8,6,2,405334016,EleutherAI/pythia-410m,step8,seed6,6,8
That was the vengeful count.,That was the final count.,count,count,Different Sense,0.04417896270751953,7,0.75,8,6,2,405334016,EleutherAI/pythia-410m,step8,seed6,6,8
That was the vengeful count.,That was the final count.,count,count,Different Sense,0.04521232843399048,8,0.75,8,6,2,405334016,EleutherAI/pythia-410m,step8,seed6,6,8
That was the vengeful count.,That was the final count.,count,count,Different Sense,0.044057488441467285,9,0.75,8,6,2,405334016,EleutherAI/pythia-410m,step8,seed6,6,8
That was the vengeful count.,That was the final count.,count,count,Different Sense,0.04181408882141113,10,0.75,8,6,2,405334016,EleutherAI/pythia-410m,step8,seed6,6,8
That was the vengeful count.,That was the final count.,count,count,Different Sense,0.0402071475982666,11,0.75,8,6,2,405334016,EleutherAI/pythia-410m,step8,seed6,6,8
That was the vengeful count.,That was the final count.,count,count,Different Sense,0.03928452730178833,12,0.75,8,6,2,405334016,EleutherAI/pythia-410m,step8,seed6,6,8
That was the vengeful count.,That was the final count.,count,count,Different Sense,0.03952211141586304,13,0.75,8,6,2,405334016,EleutherAI/pythia-410m,step8,seed6,6,8
That was the vengeful count.,That was the final count.,count,count,Different Sense,0.03982144594192505,14,0.75,8,6,2,405334016,EleutherAI/pythia-410m,step8,seed6,6,8
That was the vengeful count.,That was the final count.,count,count,Different Sense,0.038319945335388184,15,0.75,8,6,2,405334016,EleutherAI/pythia-410m,step8,seed6,6,8
That was the vengeful count.,That was the final count.,count,count,Different Sense,0.037280917167663574,16,0.75,8,6,2,405334016,EleutherAI/pythia-410m,step8,seed6,6,8
That was the vengeful count.,That was the final count.,count,count,Different Sense,0.03708088397979736,17,0.75,8,6,2,405334016,EleutherAI/pythia-410m,step8,seed6,6,8
That was the vengeful count.,That was the final count.,count,count,Different Sense,0.03795582056045532,18,0.75,8,6,2,405334016,EleutherAI/pythia-410m,step8,seed6,6,8
That was the vengeful count.,That was the final count.,count,count,Different Sense,0.03571939468383789,19,0.75,8,6,2,405334016,EleutherAI/pythia-410m,step8,seed6,6,8
That was the vengeful count.,That was the final count.,count,count,Different Sense,0.03575378656387329,20,0.75,8,6,2,405334016,EleutherAI/pythia-410m,step8,seed6,6,8
That was the vengeful count.,That was the final count.,count,count,Different Sense,0.035301268100738525,21,0.75,8,6,2,405334016,EleutherAI/pythia-410m,step8,seed6,6,8
That was the vengeful count.,That was the final count.,count,count,Different Sense,0.03390955924987793,22,0.75,8,6,2,405334016,EleutherAI/pythia-410m,step8,seed6,6,8
That was the vengeful count.,That was the final count.,count,count,Different Sense,0.033582329750061035,23,0.75,8,6,2,405334016,EleutherAI/pythia-410m,step8,seed6,6,8
That was the vengeful count.,That was the final count.,count,count,Different Sense,0.033682048320770264,24,0.75,8,6,2,405334016,EleutherAI/pythia-410m,step8,seed6,6,8
That was the vengeful count.,That was the correct count.,count,count,Different Sense,0.0,0,0.9375,8,6,2,405334016,EleutherAI/pythia-410m,step8,seed6,6,8
That was the vengeful count.,That was the correct count.,count,count,Different Sense,0.036242663860321045,1,0.9375,8,6,2,405334016,EleutherAI/pythia-410m,step8,seed6,6,8
That was the vengeful count.,That was the correct count.,count,count,Different Sense,0.04578179121017456,2,0.9375,8,6,2,405334016,EleutherAI/pythia-410m,step8,seed6,6,8
That was the vengeful count.,That was the correct count.,count,count,Different Sense,0.049401283264160156,3,0.9375,8,6,2,405334016,EleutherAI/pythia-410m,step8,seed6,6,8
That was the vengeful count.,That was the correct count.,count,count,Different Sense,0.04706603288650513,4,0.9375,8,6,2,405334016,EleutherAI/pythia-410m,step8,seed6,6,8
That was the vengeful count.,That was the correct count.,count,count,Different Sense,0.05030161142349243,5,0.9375,8,6,2,405334016,EleutherAI/pythia-410m,step8,seed6,6,8
That was the vengeful count.,That was the correct count.,count,count,Different Sense,0.05034404993057251,6,0.9375,8,6,2,405334016,EleutherAI/pythia-410m,step8,seed6,6,8
That was the vengeful count.,That was the correct count.,count,count,Different Sense,0.049737751483917236,7,0.9375,8,6,2,405334016,EleutherAI/pythia-410m,step8,seed6,6,8
That was the vengeful count.,That was the correct count.,count,count,Different Sense,0.05122321844100952,8,0.9375,8,6,2,405334016,EleutherAI/pythia-410m,step8,seed6,6,8
That was the vengeful count.,That was the correct count.,count,count,Different Sense,0.051535725593566895,9,0.9375,8,6,2,405334016,EleutherAI/pythia-410m,step8,seed6,6,8
That was the vengeful count.,That was the correct count.,count,count,Different Sense,0.050659358501434326,10,0.9375,8,6,2,405334016,EleutherAI/pythia-410m,step8,seed6,6,8
That was the vengeful count.,That was the correct count.,count,count,Different Sense,0.05024045705795288,11,0.9375,8,6,2,405334016,EleutherAI/pythia-410m,step8,seed6,6,8
That was the vengeful count.,That was the correct count.,count,count,Different Sense,0.047642648220062256,12,0.9375,8,6,2,405334016,EleutherAI/pythia-410m,step8,seed6,6,8
That was the vengeful count.,That was the correct count.,count,count,Different Sense,0.04646611213684082,13,0.9375,8,6,2,405334016,EleutherAI/pythia-410m,step8,seed6,6,8
That was the vengeful count.,That was the correct count.,count,count,Different Sense,0.047206103801727295,14,0.9375,8,6,2,405334016,EleutherAI/pythia-410m,step8,seed6,6,8
That was the vengeful count.,That was the correct count.,count,count,Different Sense,0.04559910297393799,15,0.9375,8,6,2,405334016,EleutherAI/pythia-410m,step8,seed6,6,8
That was the vengeful count.,That was the correct count.,count,count,Different Sense,0.044156014919281006,16,0.9375,8,6,2,405334016,EleutherAI/pythia-410m,step8,seed6,6,8
That was the vengeful count.,That was the correct count.,count,count,Different Sense,0.043764710426330566,17,0.9375,8,6,2,405334016,EleutherAI/pythia-410m,step8,seed6,6,8
That was the vengeful count.,That was the correct count.,count,count,Different Sense,0.045361220836639404,18,0.9375,8,6,2,405334016,EleutherAI/pythia-410m,step8,seed6,6,8
That was the vengeful count.,That was the correct count.,count,count,Different Sense,0.04274111986160278,19,0.9375,8,6,2,405334016,EleutherAI/pythia-410m,step8,seed6,6,8
That was the vengeful count.,That was the correct count.,count,count,Different Sense,0.042293012142181396,20,0.9375,8,6,2,405334016,EleutherAI/pythia-410m,step8,seed6,6,8
That was the vengeful count.,That was the correct count.,count,count,Different Sense,0.04098653793334961,21,0.9375,8,6,2,405334016,EleutherAI/pythia-410m,step8,seed6,6,8
That was the vengeful count.,That was the correct count.,count,count,Different Sense,0.03882414102554321,22,0.9375,8,6,2,405334016,EleutherAI/pythia-410m,step8,seed6,6,8
That was the vengeful count.,That was the correct count.,count,count,Different Sense,0.037575483322143555,23,0.9375,8,6,2,405334016,EleutherAI/pythia-410m,step8,seed6,6,8
That was the vengeful count.,That was the correct count.,count,count,Different Sense,0.03694099187850952,24,0.9375,8,6,2,405334016,EleutherAI/pythia-410m,step8,seed6,6,8
That was the noble count.,That was the vengeful count.,count,count,Same Sense,0.0,0,3.0,6,8,2,405334016,EleutherAI/pythia-410m,step8,seed6,6,8
That was the noble count.,That was the vengeful count.,count,count,Same Sense,0.04048287868499756,1,3.0,6,8,2,405334016,EleutherAI/pythia-410m,step8,seed6,6,8
That was the noble count.,That was the vengeful count.,count,count,Same Sense,0.05310213565826416,2,3.0,6,8,2,405334016,EleutherAI/pythia-410m,step8,seed6,6,8
That was the noble count.,That was the vengeful count.,count,count,Same Sense,0.057281494140625,3,3.0,6,8,2,405334016,EleutherAI/pythia-410m,step8,seed6,6,8
That was the noble count.,That was the vengeful count.,count,count,Same Sense,0.0533367395401001,4,3.0,6,8,2,405334016,EleutherAI/pythia-410m,step8,seed6,6,8
That was the noble count.,That was the vengeful count.,count,count,Same Sense,0.05607438087463379,5,3.0,6,8,2,405334016,EleutherAI/pythia-410m,step8,seed6,6,8
That was the noble count.,That was the vengeful count.,count,count,Same Sense,0.05743628740310669,6,3.0,6,8,2,405334016,EleutherAI/pythia-410m,step8,seed6,6,8
That was the noble count.,That was the vengeful count.,count,count,Same Sense,0.05425715446472168,7,3.0,6,8,2,405334016,EleutherAI/pythia-410m,step8,seed6,6,8
That was the noble count.,That was the vengeful count.,count,count,Same Sense,0.0555151104927063,8,3.0,6,8,2,405334016,EleutherAI/pythia-410m,step8,seed6,6,8
That was the noble count.,That was the vengeful count.,count,count,Same Sense,0.05677664279937744,9,3.0,6,8,2,405334016,EleutherAI/pythia-410m,step8,seed6,6,8
That was the noble count.,That was the vengeful count.,count,count,Same Sense,0.05581021308898926,10,3.0,6,8,2,405334016,EleutherAI/pythia-410m,step8,seed6,6,8
That was the noble count.,That was the vengeful count.,count,count,Same Sense,0.05491507053375244,11,3.0,6,8,2,405334016,EleutherAI/pythia-410m,step8,seed6,6,8
That was the noble count.,That was the vengeful count.,count,count,Same Sense,0.054059624671936035,12,3.0,6,8,2,405334016,EleutherAI/pythia-410m,step8,seed6,6,8
That was the noble count.,That was the vengeful count.,count,count,Same Sense,0.053094446659088135,13,3.0,6,8,2,405334016,EleutherAI/pythia-410m,step8,seed6,6,8
That was the noble count.,That was the vengeful count.,count,count,Same Sense,0.05390661954879761,14,3.0,6,8,2,405334016,EleutherAI/pythia-410m,step8,seed6,6,8
That was the noble count.,That was the vengeful count.,count,count,Same Sense,0.05170410871505737,15,3.0,6,8,2,405334016,EleutherAI/pythia-410m,step8,seed6,6,8
That was the noble count.,That was the vengeful count.,count,count,Same Sense,0.05092334747314453,16,3.0,6,8,2,405334016,EleutherAI/pythia-410m,step8,seed6,6,8
That was the noble count.,That was the vengeful count.,count,count,Same Sense,0.05103176832199097,17,3.0,6,8,2,405334016,EleutherAI/pythia-410m,step8,seed6,6,8
That was the noble count.,That was the vengeful count.,count,count,Same Sense,0.05362588167190552,18,3.0,6,8,2,405334016,EleutherAI/pythia-410m,step8,seed6,6,8
That was the noble count.,That was the vengeful count.,count,count,Same Sense,0.05188339948654175,19,3.0,6,8,2,405334016,EleutherAI/pythia-410m,step8,seed6,6,8
That was the noble count.,That was the vengeful count.,count,count,Same Sense,0.051992595195770264,20,3.0,6,8,2,405334016,EleutherAI/pythia-410m,step8,seed6,6,8
That was the noble count.,That was the vengeful count.,count,count,Same Sense,0.05166393518447876,21,3.0,6,8,2,405334016,EleutherAI/pythia-410m,step8,seed6,6,8
That was the noble count.,That was the vengeful count.,count,count,Same Sense,0.048299431800842285,22,3.0,6,8,2,405334016,EleutherAI/pythia-410m,step8,seed6,6,8
That was the noble count.,That was the vengeful count.,count,count,Same Sense,0.04699975252151489,23,3.0,6,8,2,405334016,EleutherAI/pythia-410m,step8,seed6,6,8
That was the noble count.,That was the vengeful count.,count,count,Same Sense,0.046724915504455566,24,3.0,6,8,2,405334016,EleutherAI/pythia-410m,step8,seed6,6,8
That was the final count.,That was the correct count.,count,count,Same Sense,0.0,0,3.416666667,6,6,0,405334016,EleutherAI/pythia-410m,step8,seed6,6,8
That was the final count.,That was the correct count.,count,count,Same Sense,0.027058422565460205,1,3.416666667,6,6,0,405334016,EleutherAI/pythia-410m,step8,seed6,6,8
That was the final count.,That was the correct count.,count,count,Same Sense,0.03475981950759888,2,3.416666667,6,6,0,405334016,EleutherAI/pythia-410m,step8,seed6,6,8
That was the final count.,That was the correct count.,count,count,Same Sense,0.037221670150756836,3,3.416666667,6,6,0,405334016,EleutherAI/pythia-410m,step8,seed6,6,8
That was the final count.,That was the correct count.,count,count,Same Sense,0.03609651327133179,4,3.416666667,6,6,0,405334016,EleutherAI/pythia-410m,step8,seed6,6,8
That was the final count.,That was the correct count.,count,count,Same Sense,0.03952836990356445,5,3.416666667,6,6,0,405334016,EleutherAI/pythia-410m,step8,seed6,6,8
That was the final count.,That was the correct count.,count,count,Same Sense,0.03985697031021118,6,3.416666667,6,6,0,405334016,EleutherAI/pythia-410m,step8,seed6,6,8
That was the final count.,That was the correct count.,count,count,Same Sense,0.0388331413269043,7,3.416666667,6,6,0,405334016,EleutherAI/pythia-410m,step8,seed6,6,8
That was the final count.,That was the correct count.,count,count,Same Sense,0.039610981941223145,8,3.416666667,6,6,0,405334016,EleutherAI/pythia-410m,step8,seed6,6,8
That was the final count.,That was the correct count.,count,count,Same Sense,0.04033505916595459,9,3.416666667,6,6,0,405334016,EleutherAI/pythia-410m,step8,seed6,6,8
That was the final count.,That was the correct count.,count,count,Same Sense,0.038459181785583496,10,3.416666667,6,6,0,405334016,EleutherAI/pythia-410m,step8,seed6,6,8
That was the final count.,That was the correct count.,count,count,Same Sense,0.037464022636413574,11,3.416666667,6,6,0,405334016,EleutherAI/pythia-410m,step8,seed6,6,8
That was the final count.,That was the correct count.,count,count,Same Sense,0.0358196496963501,12,3.416666667,6,6,0,405334016,EleutherAI/pythia-410m,step8,seed6,6,8
That was the final count.,That was the correct count.,count,count,Same Sense,0.03468602895736694,13,3.416666667,6,6,0,405334016,EleutherAI/pythia-410m,step8,seed6,6,8
That was the final count.,That was the correct count.,count,count,Same Sense,0.034894347190856934,14,3.416666667,6,6,0,405334016,EleutherAI/pythia-410m,step8,seed6,6,8
That was the final count.,That was the correct count.,count,count,Same Sense,0.03277379274368286,15,3.416666667,6,6,0,405334016,EleutherAI/pythia-410m,step8,seed6,6,8
That was the final count.,That was the correct count.,count,count,Same Sense,0.031295716762542725,16,3.416666667,6,6,0,405334016,EleutherAI/pythia-410m,step8,seed6,6,8
That was the final count.,That was the correct count.,count,count,Same Sense,0.030438542366027832,17,3.416666667,6,6,0,405334016,EleutherAI/pythia-410m,step8,seed6,6,8
That was the final count.,That was the correct count.,count,count,Same Sense,0.0303117036819458,18,3.416666667,6,6,0,405334016,EleutherAI/pythia-410m,step8,seed6,6,8
That was the final count.,That was the correct count.,count,count,Same Sense,0.02859652042388916,19,3.416666667,6,6,0,405334016,EleutherAI/pythia-410m,step8,seed6,6,8
That was the final count.,That was the correct count.,count,count,Same Sense,0.028078734874725342,20,3.416666667,6,6,0,405334016,EleutherAI/pythia-410m,step8,seed6,6,8
That was the final count.,That was the correct count.,count,count,Same Sense,0.02779632806777954,21,3.416666667,6,6,0,405334016,EleutherAI/pythia-410m,step8,seed6,6,8
That was the final count.,That was the correct count.,count,count,Same Sense,0.02636098861694336,22,3.416666667,6,6,0,405334016,EleutherAI/pythia-410m,step8,seed6,6,8
That was the final count.,That was the correct count.,count,count,Same Sense,0.02598625421524048,23,3.416666667,6,6,0,405334016,EleutherAI/pythia-410m,step8,seed6,6,8
That was the final count.,That was the correct count.,count,count,Same Sense,0.02631312608718872,24,3.416666667,6,6,0,405334016,EleutherAI/pythia-410m,step8,seed6,6,8
It was an introductory course.,It was a charted course.,course,course,Different Sense,0.0,0,1.25,6,7,1,405334016,EleutherAI/pythia-410m,step8,seed6,6,8
It was an introductory course.,It was a charted course.,course,course,Different Sense,0.05190187692642212,1,1.25,6,7,1,405334016,EleutherAI/pythia-410m,step8,seed6,6,8
It was an introductory course.,It was a charted course.,course,course,Different Sense,0.06983411312103271,2,1.25,6,7,1,405334016,EleutherAI/pythia-410m,step8,seed6,6,8
It was an introductory course.,It was a charted course.,course,course,Different Sense,0.07872772216796875,3,1.25,6,7,1,405334016,EleutherAI/pythia-410m,step8,seed6,6,8
It was an introductory course.,It was a charted course.,course,course,Different Sense,0.08257365226745605,4,1.25,6,7,1,405334016,EleutherAI/pythia-410m,step8,seed6,6,8
It was an introductory course.,It was a charted course.,course,course,Different Sense,0.08282321691513062,5,1.25,6,7,1,405334016,EleutherAI/pythia-410m,step8,seed6,6,8
It was an introductory course.,It was a charted course.,course,course,Different Sense,0.09024906158447266,6,1.25,6,7,1,405334016,EleutherAI/pythia-410m,step8,seed6,6,8
It was an introductory course.,It was a charted course.,course,course,Different Sense,0.08840936422348022,7,1.25,6,7,1,405334016,EleutherAI/pythia-410m,step8,seed6,6,8
It was an introductory course.,It was a charted course.,course,course,Different Sense,0.08586961030960083,8,1.25,6,7,1,405334016,EleutherAI/pythia-410m,step8,seed6,6,8
It was an introductory course.,It was a charted course.,course,course,Different Sense,0.08679348230361938,9,1.25,6,7,1,405334016,EleutherAI/pythia-410m,step8,seed6,6,8
It was an introductory course.,It was a charted course.,course,course,Different Sense,0.08774352073669434,10,1.25,6,7,1,405334016,EleutherAI/pythia-410m,step8,seed6,6,8
It was an introductory course.,It was a charted course.,course,course,Different Sense,0.08931535482406616,11,1.25,6,7,1,405334016,EleutherAI/pythia-410m,step8,seed6,6,8
It was an introductory course.,It was a charted course.,course,course,Different Sense,0.08861738443374634,12,1.25,6,7,1,405334016,EleutherAI/pythia-410m,step8,seed6,6,8
It was an introductory course.,It was a charted course.,course,course,Different Sense,0.08750259876251221,13,1.25,6,7,1,405334016,EleutherAI/pythia-410m,step8,seed6,6,8
It was an introductory course.,It was a charted course.,course,course,Different Sense,0.08446455001831055,14,1.25,6,7,1,405334016,EleutherAI/pythia-410m,step8,seed6,6,8
It was an introductory course.,It was a charted course.,course,course,Different Sense,0.08246737718582153,15,1.25,6,7,1,405334016,EleutherAI/pythia-410m,step8,seed6,6,8
It was an introductory course.,It was a charted course.,course,course,Different Sense,0.08305680751800537,16,1.25,6,7,1,405334016,EleutherAI/pythia-410m,step8,seed6,6,8
It was an introductory course.,It was a charted course.,course,course,Different Sense,0.08301442861557007,17,1.25,6,7,1,405334016,EleutherAI/pythia-410m,step8,seed6,6,8
It was an introductory course.,It was a charted course.,course,course,Different Sense,0.08122718334197998,18,1.25,6,7,1,405334016,EleutherAI/pythia-410m,step8,seed6,6,8
It was an introductory course.,It was a charted course.,course,course,Different Sense,0.07912039756774902,19,1.25,6,7,1,405334016,EleutherAI/pythia-410m,step8,seed6,6,8
It was an introductory course.,It was a charted course.,course,course,Different Sense,0.07593280076980591,20,1.25,6,7,1,405334016,EleutherAI/pythia-410m,step8,seed6,6,8
It was an introductory course.,It was a charted course.,course,course,Different Sense,0.07539016008377075,21,1.25,6,7,1,405334016,EleutherAI/pythia-410m,step8,seed6,6,8
It was an introductory course.,It was a charted course.,course,course,Different Sense,0.07259726524353027,22,1.25,6,7,1,405334016,EleutherAI/pythia-410m,step8,seed6,6,8
It was an introductory course.,It was a charted course.,course,course,Different Sense,0.07088929414749146,23,1.25,6,7,1,405334016,EleutherAI/pythia-410m,step8,seed6,6,8
It was an introductory course.,It was a charted course.,course,course,Different Sense,0.06795316934585571,24,1.25,6,7,1,405334016,EleutherAI/pythia-410m,step8,seed6,6,8
It was an introductory course.,It was a collision course.,course,course,Different Sense,0.0,0,1.375,6,6,0,405334016,EleutherAI/pythia-410m,step8,seed6,6,8
It was an introductory course.,It was a collision course.,course,course,Different Sense,0.05106651782989502,1,1.375,6,6,0,405334016,EleutherAI/pythia-410m,step8,seed6,6,8
It was an introductory course.,It was a collision course.,course,course,Different Sense,0.06680631637573242,2,1.375,6,6,0,405334016,EleutherAI/pythia-410m,step8,seed6,6,8
It was an introductory course.,It was a collision course.,course,course,Different Sense,0.07776236534118652,3,1.375,6,6,0,405334016,EleutherAI/pythia-410m,step8,seed6,6,8
It was an introductory course.,It was a collision course.,course,course,Different Sense,0.08099448680877686,4,1.375,6,6,0,405334016,EleutherAI/pythia-410m,step8,seed6,6,8
It was an introductory course.,It was a collision course.,course,course,Different Sense,0.08383011817932129,5,1.375,6,6,0,405334016,EleutherAI/pythia-410m,step8,seed6,6,8
It was an introductory course.,It was a collision course.,course,course,Different Sense,0.0916185975074768,6,1.375,6,6,0,405334016,EleutherAI/pythia-410m,step8,seed6,6,8
It was an introductory course.,It was a collision course.,course,course,Different Sense,0.09106802940368652,7,1.375,6,6,0,405334016,EleutherAI/pythia-410m,step8,seed6,6,8
It was an introductory course.,It was a collision course.,course,course,Different Sense,0.08889192342758179,8,1.375,6,6,0,405334016,EleutherAI/pythia-410m,step8,seed6,6,8
It was an introductory course.,It was a collision course.,course,course,Different Sense,0.09032535552978516,9,1.375,6,6,0,405334016,EleutherAI/pythia-410m,step8,seed6,6,8
It was an introductory course.,It was a collision course.,course,course,Different Sense,0.09006792306900024,10,1.375,6,6,0,405334016,EleutherAI/pythia-410m,step8,seed6,6,8
It was an introductory course.,It was a collision course.,course,course,Different Sense,0.0911417007446289,11,1.375,6,6,0,405334016,EleutherAI/pythia-410m,step8,seed6,6,8
It was an introductory course.,It was a collision course.,course,course,Different Sense,0.08690935373306274,12,1.375,6,6,0,405334016,EleutherAI/pythia-410m,step8,seed6,6,8
It was an introductory course.,It was a collision course.,course,course,Different Sense,0.08622539043426514,13,1.375,6,6,0,405334016,EleutherAI/pythia-410m,step8,seed6,6,8
It was an introductory course.,It was a collision course.,course,course,Different Sense,0.08442288637161255,14,1.375,6,6,0,405334016,EleutherAI/pythia-410m,step8,seed6,6,8
It was an introductory course.,It was a collision course.,course,course,Different Sense,0.08503633737564087,15,1.375,6,6,0,405334016,EleutherAI/pythia-410m,step8,seed6,6,8
It was an introductory course.,It was a collision course.,course,course,Different Sense,0.08572983741760254,16,1.375,6,6,0,405334016,EleutherAI/pythia-410m,step8,seed6,6,8
It was an introductory course.,It was a collision course.,course,course,Different Sense,0.08507299423217773,17,1.375,6,6,0,405334016,EleutherAI/pythia-410m,step8,seed6,6,8
It was an introductory course.,It was a collision course.,course,course,Different Sense,0.08285117149353027,18,1.375,6,6,0,405334016,EleutherAI/pythia-410m,step8,seed6,6,8
It was an introductory course.,It was a collision course.,course,course,Different Sense,0.07851874828338623,19,1.375,6,6,0,405334016,EleutherAI/pythia-410m,step8,seed6,6,8
It was an introductory course.,It was a collision course.,course,course,Different Sense,0.07713055610656738,20,1.375,6,6,0,405334016,EleutherAI/pythia-410m,step8,seed6,6,8
It was an introductory course.,It was a collision course.,course,course,Different Sense,0.07765066623687744,21,1.375,6,6,0,405334016,EleutherAI/pythia-410m,step8,seed6,6,8
It was an introductory course.,It was a collision course.,course,course,Different Sense,0.07603448629379272,22,1.375,6,6,0,405334016,EleutherAI/pythia-410m,step8,seed6,6,8
It was an introductory course.,It was a collision course.,course,course,Different Sense,0.07332688570022583,23,1.375,6,6,0,405334016,EleutherAI/pythia-410m,step8,seed6,6,8
It was an introductory course.,It was a collision course.,course,course,Different Sense,0.0710715651512146,24,1.375,6,6,0,405334016,EleutherAI/pythia-410m,step8,seed6,6,8
It was a pass-fail course.,It was a charted course.,course,course,Different Sense,0.0,0,0.7,8,7,1,405334016,EleutherAI/pythia-410m,step8,seed6,6,8
It was a pass-fail course.,It was a charted course.,course,course,Different Sense,0.043940603733062744,1,0.7,8,7,1,405334016,EleutherAI/pythia-410m,step8,seed6,6,8
It was a pass-fail course.,It was a charted course.,course,course,Different Sense,0.05700892210006714,2,0.7,8,7,1,405334016,EleutherAI/pythia-410m,step8,seed6,6,8
It was a pass-fail course.,It was a charted course.,course,course,Different Sense,0.0621495246887207,3,0.7,8,7,1,405334016,EleutherAI/pythia-410m,step8,seed6,6,8
It was a pass-fail course.,It was a charted course.,course,course,Different Sense,0.0670539140701294,4,0.7,8,7,1,405334016,EleutherAI/pythia-410m,step8,seed6,6,8
It was a pass-fail course.,It was a charted course.,course,course,Different Sense,0.07038789987564087,5,0.7,8,7,1,405334016,EleutherAI/pythia-410m,step8,seed6,6,8
It was a pass-fail course.,It was a charted course.,course,course,Different Sense,0.07448607683181763,6,0.7,8,7,1,405334016,EleutherAI/pythia-410m,step8,seed6,6,8
It was a pass-fail course.,It was a charted course.,course,course,Different Sense,0.07420140504837036,7,0.7,8,7,1,405334016,EleutherAI/pythia-410m,step8,seed6,6,8
It was a pass-fail course.,It was a charted course.,course,course,Different Sense,0.07253164052963257,8,0.7,8,7,1,405334016,EleutherAI/pythia-410m,step8,seed6,6,8
It was a pass-fail course.,It was a charted course.,course,course,Different Sense,0.07401072978973389,9,0.7,8,7,1,405334016,EleutherAI/pythia-410m,step8,seed6,6,8
It was a pass-fail course.,It was a charted course.,course,course,Different Sense,0.07548433542251587,10,0.7,8,7,1,405334016,EleutherAI/pythia-410m,step8,seed6,6,8
It was a pass-fail course.,It was a charted course.,course,course,Different Sense,0.07454776763916016,11,0.7,8,7,1,405334016,EleutherAI/pythia-410m,step8,seed6,6,8
It was a pass-fail course.,It was a charted course.,course,course,Different Sense,0.07429689168930054,12,0.7,8,7,1,405334016,EleutherAI/pythia-410m,step8,seed6,6,8
It was a pass-fail course.,It was a charted course.,course,course,Different Sense,0.07412683963775635,13,0.7,8,7,1,405334016,EleutherAI/pythia-410m,step8,seed6,6,8
It was a pass-fail course.,It was a charted course.,course,course,Different Sense,0.07266253232955933,14,0.7,8,7,1,405334016,EleutherAI/pythia-410m,step8,seed6,6,8
It was a pass-fail course.,It was a charted course.,course,course,Different Sense,0.07269507646560669,15,0.7,8,7,1,405334016,EleutherAI/pythia-410m,step8,seed6,6,8
It was a pass-fail course.,It was a charted course.,course,course,Different Sense,0.07289206981658936,16,0.7,8,7,1,405334016,EleutherAI/pythia-410m,step8,seed6,6,8
It was a pass-fail course.,It was a charted course.,course,course,Different Sense,0.07219606637954712,17,0.7,8,7,1,405334016,EleutherAI/pythia-410m,step8,seed6,6,8
It was a pass-fail course.,It was a charted course.,course,course,Different Sense,0.07223540544509888,18,0.7,8,7,1,405334016,EleutherAI/pythia-410m,step8,seed6,6,8
It was a pass-fail course.,It was a charted course.,course,course,Different Sense,0.06946378946304321,19,0.7,8,7,1,405334016,EleutherAI/pythia-410m,step8,seed6,6,8
It was a pass-fail course.,It was a charted course.,course,course,Different Sense,0.06795728206634521,20,0.7,8,7,1,405334016,EleutherAI/pythia-410m,step8,seed6,6,8
It was a pass-fail course.,It was a charted course.,course,course,Different Sense,0.0682288408279419,21,0.7,8,7,1,405334016,EleutherAI/pythia-410m,step8,seed6,6,8
It was a pass-fail course.,It was a charted course.,course,course,Different Sense,0.06621944904327393,22,0.7,8,7,1,405334016,EleutherAI/pythia-410m,step8,seed6,6,8
It was a pass-fail course.,It was a charted course.,course,course,Different Sense,0.06552886962890625,23,0.7,8,7,1,405334016,EleutherAI/pythia-410m,step8,seed6,6,8
It was a pass-fail course.,It was a charted course.,course,course,Different Sense,0.06278687715530396,24,0.7,8,7,1,405334016,EleutherAI/pythia-410m,step8,seed6,6,8
It was a pass-fail course.,It was a collision course.,course,course,Different Sense,0.0,0,1.111111111,8,6,2,405334016,EleutherAI/pythia-410m,step8,seed6,6,8
It was a pass-fail course.,It was a collision course.,course,course,Different Sense,0.043679773807525635,1,1.111111111,8,6,2,405334016,EleutherAI/pythia-410m,step8,seed6,6,8
It was a pass-fail course.,It was a collision course.,course,course,Different Sense,0.054511845111846924,2,1.111111111,8,6,2,405334016,EleutherAI/pythia-410m,step8,seed6,6,8
It was a pass-fail course.,It was a collision course.,course,course,Different Sense,0.05951946973800659,3,1.111111111,8,6,2,405334016,EleutherAI/pythia-410m,step8,seed6,6,8
It was a pass-fail course.,It was a collision course.,course,course,Different Sense,0.06408995389938354,4,1.111111111,8,6,2,405334016,EleutherAI/pythia-410m,step8,seed6,6,8
It was a pass-fail course.,It was a collision course.,course,course,Different Sense,0.06740504503250122,5,1.111111111,8,6,2,405334016,EleutherAI/pythia-410m,step8,seed6,6,8
It was a pass-fail course.,It was a collision course.,course,course,Different Sense,0.07249891757965088,6,1.111111111,8,6,2,405334016,EleutherAI/pythia-410m,step8,seed6,6,8
It was a pass-fail course.,It was a collision course.,course,course,Different Sense,0.06926268339157104,7,1.111111111,8,6,2,405334016,EleutherAI/pythia-410m,step8,seed6,6,8
It was a pass-fail course.,It was a collision course.,course,course,Different Sense,0.0683673620223999,8,1.111111111,8,6,2,405334016,EleutherAI/pythia-410m,step8,seed6,6,8
It was a pass-fail course.,It was a collision course.,course,course,Different Sense,0.07023864984512329,9,1.111111111,8,6,2,405334016,EleutherAI/pythia-410m,step8,seed6,6,8
It was a pass-fail course.,It was a collision course.,course,course,Different Sense,0.06821870803833008,10,1.111111111,8,6,2,405334016,EleutherAI/pythia-410m,step8,seed6,6,8
It was a pass-fail course.,It was a collision course.,course,course,Different Sense,0.06900590658187866,11,1.111111111,8,6,2,405334016,EleutherAI/pythia-410m,step8,seed6,6,8
It was a pass-fail course.,It was a collision course.,course,course,Different Sense,0.0695352554321289,12,1.111111111,8,6,2,405334016,EleutherAI/pythia-410m,step8,seed6,6,8
It was a pass-fail course.,It was a collision course.,course,course,Different Sense,0.0707504153251648,13,1.111111111,8,6,2,405334016,EleutherAI/pythia-410m,step8,seed6,6,8
It was a pass-fail course.,It was a collision course.,course,course,Different Sense,0.07253402471542358,14,1.111111111,8,6,2,405334016,EleutherAI/pythia-410m,step8,seed6,6,8
It was a pass-fail course.,It was a collision course.,course,course,Different Sense,0.07133865356445312,15,1.111111111,8,6,2,405334016,EleutherAI/pythia-410m,step8,seed6,6,8
It was a pass-fail course.,It was a collision course.,course,course,Different Sense,0.07128691673278809,16,1.111111111,8,6,2,405334016,EleutherAI/pythia-410m,step8,seed6,6,8
It was a pass-fail course.,It was a collision course.,course,course,Different Sense,0.07231098413467407,17,1.111111111,8,6,2,405334016,EleutherAI/pythia-410m,step8,seed6,6,8
It was a pass-fail course.,It was a collision course.,course,course,Different Sense,0.07120496034622192,18,1.111111111,8,6,2,405334016,EleutherAI/pythia-410m,step8,seed6,6,8
It was a pass-fail course.,It was a collision course.,course,course,Different Sense,0.06864327192306519,19,1.111111111,8,6,2,405334016,EleutherAI/pythia-410m,step8,seed6,6,8
It was a pass-fail course.,It was a collision course.,course,course,Different Sense,0.06760942935943604,20,1.111111111,8,6,2,405334016,EleutherAI/pythia-410m,step8,seed6,6,8
It was a pass-fail course.,It was a collision course.,course,course,Different Sense,0.06733298301696777,21,1.111111111,8,6,2,405334016,EleutherAI/pythia-410m,step8,seed6,6,8
It was a pass-fail course.,It was a collision course.,course,course,Different Sense,0.06581509113311768,22,1.111111111,8,6,2,405334016,EleutherAI/pythia-410m,step8,seed6,6,8
It was a pass-fail course.,It was a collision course.,course,course,Different Sense,0.06500065326690674,23,1.111111111,8,6,2,405334016,EleutherAI/pythia-410m,step8,seed6,6,8
It was a pass-fail course.,It was a collision course.,course,course,Different Sense,0.06335097551345825,24,1.111111111,8,6,2,405334016,EleutherAI/pythia-410m,step8,seed6,6,8
It was an introductory course.,It was a pass-fail course.,course,course,Same Sense,0.0,0,3.909090909,6,8,2,405334016,EleutherAI/pythia-410m,step8,seed6,6,8
It was an introductory course.,It was a pass-fail course.,course,course,Same Sense,0.05295073986053467,1,3.909090909,6,8,2,405334016,EleutherAI/pythia-410m,step8,seed6,6,8
It was an introductory course.,It was a pass-fail course.,course,course,Same Sense,0.0792894959449768,2,3.909090909,6,8,2,405334016,EleutherAI/pythia-410m,step8,seed6,6,8
It was an introductory course.,It was a pass-fail course.,course,course,Same Sense,0.08785742521286011,3,3.909090909,6,8,2,405334016,EleutherAI/pythia-410m,step8,seed6,6,8
It was an introductory course.,It was a pass-fail course.,course,course,Same Sense,0.09186005592346191,4,3.909090909,6,8,2,405334016,EleutherAI/pythia-410m,step8,seed6,6,8
It was an introductory course.,It was a pass-fail course.,course,course,Same Sense,0.09501153230667114,5,3.909090909,6,8,2,405334016,EleutherAI/pythia-410m,step8,seed6,6,8
It was an introductory course.,It was a pass-fail course.,course,course,Same Sense,0.10609275102615356,6,3.909090909,6,8,2,405334016,EleutherAI/pythia-410m,step8,seed6,6,8
It was an introductory course.,It was a pass-fail course.,course,course,Same Sense,0.10438656806945801,7,3.909090909,6,8,2,405334016,EleutherAI/pythia-410m,step8,seed6,6,8
It was an introductory course.,It was a pass-fail course.,course,course,Same Sense,0.10114377737045288,8,3.909090909,6,8,2,405334016,EleutherAI/pythia-410m,step8,seed6,6,8
It was an introductory course.,It was a pass-fail course.,course,course,Same Sense,0.10091233253479004,9,3.909090909,6,8,2,405334016,EleutherAI/pythia-410m,step8,seed6,6,8
It was an introductory course.,It was a pass-fail course.,course,course,Same Sense,0.1005217432975769,10,3.909090909,6,8,2,405334016,EleutherAI/pythia-410m,step8,seed6,6,8
It was an introductory course.,It was a pass-fail course.,course,course,Same Sense,0.10396504402160645,11,3.909090909,6,8,2,405334016,EleutherAI/pythia-410m,step8,seed6,6,8
It was an introductory course.,It was a pass-fail course.,course,course,Same Sense,0.10154211521148682,12,3.909090909,6,8,2,405334016,EleutherAI/pythia-410m,step8,seed6,6,8
It was an introductory course.,It was a pass-fail course.,course,course,Same Sense,0.10125505924224854,13,3.909090909,6,8,2,405334016,EleutherAI/pythia-410m,step8,seed6,6,8
It was an introductory course.,It was a pass-fail course.,course,course,Same Sense,0.09940552711486816,14,3.909090909,6,8,2,405334016,EleutherAI/pythia-410m,step8,seed6,6,8
It was an introductory course.,It was a pass-fail course.,course,course,Same Sense,0.1008102297782898,15,3.909090909,6,8,2,405334016,EleutherAI/pythia-410m,step8,seed6,6,8
It was an introductory course.,It was a pass-fail course.,course,course,Same Sense,0.09875994920730591,16,3.909090909,6,8,2,405334016,EleutherAI/pythia-410m,step8,seed6,6,8
It was an introductory course.,It was a pass-fail course.,course,course,Same Sense,0.10049408674240112,17,3.909090909,6,8,2,405334016,EleutherAI/pythia-410m,step8,seed6,6,8
It was an introductory course.,It was a pass-fail course.,course,course,Same Sense,0.09873074293136597,18,3.909090909,6,8,2,405334016,EleutherAI/pythia-410m,step8,seed6,6,8
It was an introductory course.,It was a pass-fail course.,course,course,Same Sense,0.09606707096099854,19,3.909090909,6,8,2,405334016,EleutherAI/pythia-410m,step8,seed6,6,8
It was an introductory course.,It was a pass-fail course.,course,course,Same Sense,0.0928376317024231,20,3.909090909,6,8,2,405334016,EleutherAI/pythia-410m,step8,seed6,6,8
It was an introductory course.,It was a pass-fail course.,course,course,Same Sense,0.09327161312103271,21,3.909090909,6,8,2,405334016,EleutherAI/pythia-410m,step8,seed6,6,8
It was an introductory course.,It was a pass-fail course.,course,course,Same Sense,0.09099972248077393,22,3.909090909,6,8,2,405334016,EleutherAI/pythia-410m,step8,seed6,6,8
It was an introductory course.,It was a pass-fail course.,course,course,Same Sense,0.08892291784286499,23,3.909090909,6,8,2,405334016,EleutherAI/pythia-410m,step8,seed6,6,8
It was an introductory course.,It was a pass-fail course.,course,course,Same Sense,0.08710306882858276,24,3.909090909,6,8,2,405334016,EleutherAI/pythia-410m,step8,seed6,6,8
It was a charted course.,It was a collision course.,course,course,Same Sense,0.0,0,2.222222222,7,6,1,405334016,EleutherAI/pythia-410m,step8,seed6,6,8
It was a charted course.,It was a collision course.,course,course,Same Sense,0.0371556282043457,1,2.222222222,7,6,1,405334016,EleutherAI/pythia-410m,step8,seed6,6,8
It was a charted course.,It was a collision course.,course,course,Same Sense,0.04707521200180054,2,2.222222222,7,6,1,405334016,EleutherAI/pythia-410m,step8,seed6,6,8
It was a charted course.,It was a collision course.,course,course,Same Sense,0.05248582363128662,3,2.222222222,7,6,1,405334016,EleutherAI/pythia-410m,step8,seed6,6,8
It was a charted course.,It was a collision course.,course,course,Same Sense,0.05557215213775635,4,2.222222222,7,6,1,405334016,EleutherAI/pythia-410m,step8,seed6,6,8
It was a charted course.,It was a collision course.,course,course,Same Sense,0.05737084150314331,5,2.222222222,7,6,1,405334016,EleutherAI/pythia-410m,step8,seed6,6,8
It was a charted course.,It was a collision course.,course,course,Same Sense,0.06059223413467407,6,2.222222222,7,6,1,405334016,EleutherAI/pythia-410m,step8,seed6,6,8
It was a charted course.,It was a collision course.,course,course,Same Sense,0.05897796154022217,7,2.222222222,7,6,1,405334016,EleutherAI/pythia-410m,step8,seed6,6,8
It was a charted course.,It was a collision course.,course,course,Same Sense,0.0587044358253479,8,2.222222222,7,6,1,405334016,EleutherAI/pythia-410m,step8,seed6,6,8
It was a charted course.,It was a collision course.,course,course,Same Sense,0.060573577880859375,9,2.222222222,7,6,1,405334016,EleutherAI/pythia-410m,step8,seed6,6,8
It was a charted course.,It was a collision course.,course,course,Same Sense,0.0621296763420105,10,2.222222222,7,6,1,405334016,EleutherAI/pythia-410m,step8,seed6,6,8
It was a charted course.,It was a collision course.,course,course,Same Sense,0.06501889228820801,11,2.222222222,7,6,1,405334016,EleutherAI/pythia-410m,step8,seed6,6,8
It was a charted course.,It was a collision course.,course,course,Same Sense,0.06322085857391357,12,2.222222222,7,6,1,405334016,EleutherAI/pythia-410m,step8,seed6,6,8
It was a charted course.,It was a collision course.,course,course,Same Sense,0.06137734651565552,13,2.222222222,7,6,1,405334016,EleutherAI/pythia-410m,step8,seed6,6,8
It was a charted course.,It was a collision course.,course,course,Same Sense,0.061078667640686035,14,2.222222222,7,6,1,405334016,EleutherAI/pythia-410m,step8,seed6,6,8
It was a charted course.,It was a collision course.,course,course,Same Sense,0.05839139223098755,15,2.222222222,7,6,1,405334016,EleutherAI/pythia-410m,step8,seed6,6,8
It was a charted course.,It was a collision course.,course,course,Same Sense,0.05947345495223999,16,2.222222222,7,6,1,405334016,EleutherAI/pythia-410m,step8,seed6,6,8
It was a charted course.,It was a collision course.,course,course,Same Sense,0.05872035026550293,17,2.222222222,7,6,1,405334016,EleutherAI/pythia-410m,step8,seed6,6,8
It was a charted course.,It was a collision course.,course,course,Same Sense,0.05680161714553833,18,2.222222222,7,6,1,405334016,EleutherAI/pythia-410m,step8,seed6,6,8
It was a charted course.,It was a collision course.,course,course,Same Sense,0.053529977798461914,19,2.222222222,7,6,1,405334016,EleutherAI/pythia-410m,step8,seed6,6,8
It was a charted course.,It was a collision course.,course,course,Same Sense,0.05214744806289673,20,2.222222222,7,6,1,405334016,EleutherAI/pythia-410m,step8,seed6,6,8
It was a charted course.,It was a collision course.,course,course,Same Sense,0.052619338035583496,21,2.222222222,7,6,1,405334016,EleutherAI/pythia-410m,step8,seed6,6,8
It was a charted course.,It was a collision course.,course,course,Same Sense,0.051281869411468506,22,2.222222222,7,6,1,405334016,EleutherAI/pythia-410m,step8,seed6,6,8
It was a charted course.,It was a collision course.,course,course,Same Sense,0.04991692304611206,23,2.222222222,7,6,1,405334016,EleutherAI/pythia-410m,step8,seed6,6,8
It was a charted course.,It was a collision course.,course,course,Same Sense,0.04874312877655029,24,2.222222222,7,6,1,405334016,EleutherAI/pythia-410m,step8,seed6,6,8
It was a dinner date.,It was an expiration date.,date,date,Different Sense,0.0,0,1.25,6,6,0,405334016,EleutherAI/pythia-410m,step8,seed6,6,8
It was a dinner date.,It was an expiration date.,date,date,Different Sense,0.04135996103286743,1,1.25,6,6,0,405334016,EleutherAI/pythia-410m,step8,seed6,6,8
It was a dinner date.,It was an expiration date.,date,date,Different Sense,0.056437551975250244,2,1.25,6,6,0,405334016,EleutherAI/pythia-410m,step8,seed6,6,8
It was a dinner date.,It was an expiration date.,date,date,Different Sense,0.0644332766532898,3,1.25,6,6,0,405334016,EleutherAI/pythia-410m,step8,seed6,6,8
It was a dinner date.,It was an expiration date.,date,date,Different Sense,0.06706017255783081,4,1.25,6,6,0,405334016,EleutherAI/pythia-410m,step8,seed6,6,8
It was a dinner date.,It was an expiration date.,date,date,Different Sense,0.06720399856567383,5,1.25,6,6,0,405334016,EleutherAI/pythia-410m,step8,seed6,6,8
It was a dinner date.,It was an expiration date.,date,date,Different Sense,0.07058054208755493,6,1.25,6,6,0,405334016,EleutherAI/pythia-410m,step8,seed6,6,8
It was a dinner date.,It was an expiration date.,date,date,Different Sense,0.06686264276504517,7,1.25,6,6,0,405334016,EleutherAI/pythia-410m,step8,seed6,6,8
It was a dinner date.,It was an expiration date.,date,date,Different Sense,0.06653797626495361,8,1.25,6,6,0,405334016,EleutherAI/pythia-410m,step8,seed6,6,8
It was a dinner date.,It was an expiration date.,date,date,Different Sense,0.06816333532333374,9,1.25,6,6,0,405334016,EleutherAI/pythia-410m,step8,seed6,6,8
It was a dinner date.,It was an expiration date.,date,date,Different Sense,0.06975424289703369,10,1.25,6,6,0,405334016,EleutherAI/pythia-410m,step8,seed6,6,8
It was a dinner date.,It was an expiration date.,date,date,Different Sense,0.06816965341567993,11,1.25,6,6,0,405334016,EleutherAI/pythia-410m,step8,seed6,6,8
It was a dinner date.,It was an expiration date.,date,date,Different Sense,0.06831139326095581,12,1.25,6,6,0,405334016,EleutherAI/pythia-410m,step8,seed6,6,8
It was a dinner date.,It was an expiration date.,date,date,Different Sense,0.07124817371368408,13,1.25,6,6,0,405334016,EleutherAI/pythia-410m,step8,seed6,6,8
It was a dinner date.,It was an expiration date.,date,date,Different Sense,0.0691801905632019,14,1.25,6,6,0,405334016,EleutherAI/pythia-410m,step8,seed6,6,8
It was a dinner date.,It was an expiration date.,date,date,Different Sense,0.07015889883041382,15,1.25,6,6,0,405334016,EleutherAI/pythia-410m,step8,seed6,6,8
It was a dinner date.,It was an expiration date.,date,date,Different Sense,0.06758034229278564,16,1.25,6,6,0,405334016,EleutherAI/pythia-410m,step8,seed6,6,8
It was a dinner date.,It was an expiration date.,date,date,Different Sense,0.06613600254058838,17,1.25,6,6,0,405334016,EleutherAI/pythia-410m,step8,seed6,6,8
It was a dinner date.,It was an expiration date.,date,date,Different Sense,0.06394243240356445,18,1.25,6,6,0,405334016,EleutherAI/pythia-410m,step8,seed6,6,8
It was a dinner date.,It was an expiration date.,date,date,Different Sense,0.06419485807418823,19,1.25,6,6,0,405334016,EleutherAI/pythia-410m,step8,seed6,6,8
It was a dinner date.,It was an expiration date.,date,date,Different Sense,0.06499165296554565,20,1.25,6,6,0,405334016,EleutherAI/pythia-410m,step8,seed6,6,8
It was a dinner date.,It was an expiration date.,date,date,Different Sense,0.06463247537612915,21,1.25,6,6,0,405334016,EleutherAI/pythia-410m,step8,seed6,6,8
It was a dinner date.,It was an expiration date.,date,date,Different Sense,0.06028622388839722,22,1.25,6,6,0,405334016,EleutherAI/pythia-410m,step8,seed6,6,8
It was a dinner date.,It was an expiration date.,date,date,Different Sense,0.05863690376281738,23,1.25,6,6,0,405334016,EleutherAI/pythia-410m,step8,seed6,6,8
It was a dinner date.,It was an expiration date.,date,date,Different Sense,0.060415446758270264,24,1.25,6,6,0,405334016,EleutherAI/pythia-410m,step8,seed6,6,8
It was a dinner date.,It was a historical date.,date,date,Different Sense,0.0,0,1.176470588,6,6,0,405334016,EleutherAI/pythia-410m,step8,seed6,6,8
It was a dinner date.,It was a historical date.,date,date,Different Sense,0.02504652738571167,1,1.176470588,6,6,0,405334016,EleutherAI/pythia-410m,step8,seed6,6,8
It was a dinner date.,It was a historical date.,date,date,Different Sense,0.03441876173019409,2,1.176470588,6,6,0,405334016,EleutherAI/pythia-410m,step8,seed6,6,8
It was a dinner date.,It was a historical date.,date,date,Different Sense,0.035993874073028564,3,1.176470588,6,6,0,405334016,EleutherAI/pythia-410m,step8,seed6,6,8
It was a dinner date.,It was a historical date.,date,date,Different Sense,0.035780131816864014,4,1.176470588,6,6,0,405334016,EleutherAI/pythia-410m,step8,seed6,6,8
It was a dinner date.,It was a historical date.,date,date,Different Sense,0.03725546598434448,5,1.176470588,6,6,0,405334016,EleutherAI/pythia-410m,step8,seed6,6,8
It was a dinner date.,It was a historical date.,date,date,Different Sense,0.037323176860809326,6,1.176470588,6,6,0,405334016,EleutherAI/pythia-410m,step8,seed6,6,8
It was a dinner date.,It was a historical date.,date,date,Different Sense,0.03636986017227173,7,1.176470588,6,6,0,405334016,EleutherAI/pythia-410m,step8,seed6,6,8
It was a dinner date.,It was a historical date.,date,date,Different Sense,0.037874817848205566,8,1.176470588,6,6,0,405334016,EleutherAI/pythia-410m,step8,seed6,6,8
It was a dinner date.,It was a historical date.,date,date,Different Sense,0.03854835033416748,9,1.176470588,6,6,0,405334016,EleutherAI/pythia-410m,step8,seed6,6,8
It was a dinner date.,It was a historical date.,date,date,Different Sense,0.03875076770782471,10,1.176470588,6,6,0,405334016,EleutherAI/pythia-410m,step8,seed6,6,8
It was a dinner date.,It was a historical date.,date,date,Different Sense,0.03835415840148926,11,1.176470588,6,6,0,405334016,EleutherAI/pythia-410m,step8,seed6,6,8
It was a dinner date.,It was a historical date.,date,date,Different Sense,0.03922533988952637,12,1.176470588,6,6,0,405334016,EleutherAI/pythia-410m,step8,seed6,6,8
It was a dinner date.,It was a historical date.,date,date,Different Sense,0.03856074810028076,13,1.176470588,6,6,0,405334016,EleutherAI/pythia-410m,step8,seed6,6,8
It was a dinner date.,It was a historical date.,date,date,Different Sense,0.03827261924743652,14,1.176470588,6,6,0,405334016,EleutherAI/pythia-410m,step8,seed6,6,8
It was a dinner date.,It was a historical date.,date,date,Different Sense,0.039124488830566406,15,1.176470588,6,6,0,405334016,EleutherAI/pythia-410m,step8,seed6,6,8
It was a dinner date.,It was a historical date.,date,date,Different Sense,0.03840899467468262,16,1.176470588,6,6,0,405334016,EleutherAI/pythia-410m,step8,seed6,6,8
It was a dinner date.,It was a historical date.,date,date,Different Sense,0.03651881217956543,17,1.176470588,6,6,0,405334016,EleutherAI/pythia-410m,step8,seed6,6,8
It was a dinner date.,It was a historical date.,date,date,Different Sense,0.03517115116119385,18,1.176470588,6,6,0,405334016,EleutherAI/pythia-410m,step8,seed6,6,8
It was a dinner date.,It was a historical date.,date,date,Different Sense,0.03406679630279541,19,1.176470588,6,6,0,405334016,EleutherAI/pythia-410m,step8,seed6,6,8
It was a dinner date.,It was a historical date.,date,date,Different Sense,0.03318071365356445,20,1.176470588,6,6,0,405334016,EleutherAI/pythia-410m,step8,seed6,6,8
It was a dinner date.,It was a historical date.,date,date,Different Sense,0.03367125988006592,21,1.176470588,6,6,0,405334016,EleutherAI/pythia-410m,step8,seed6,6,8
It was a dinner date.,It was a historical date.,date,date,Different Sense,0.031285107135772705,22,1.176470588,6,6,0,405334016,EleutherAI/pythia-410m,step8,seed6,6,8
It was a dinner date.,It was a historical date.,date,date,Different Sense,0.030120253562927246,23,1.176470588,6,6,0,405334016,EleutherAI/pythia-410m,step8,seed6,6,8
It was a dinner date.,It was a historical date.,date,date,Different Sense,0.030503273010253906,24,1.176470588,6,6,0,405334016,EleutherAI/pythia-410m,step8,seed6,6,8
It was a blind date.,It was an expiration date.,date,date,Different Sense,0.0,0,0.230769231,6,6,0,405334016,EleutherAI/pythia-410m,step8,seed6,6,8
It was a blind date.,It was an expiration date.,date,date,Different Sense,0.04471266269683838,1,0.230769231,6,6,0,405334016,EleutherAI/pythia-410m,step8,seed6,6,8
It was a blind date.,It was an expiration date.,date,date,Different Sense,0.060195744037628174,2,0.230769231,6,6,0,405334016,EleutherAI/pythia-410m,step8,seed6,6,8
It was a blind date.,It was an expiration date.,date,date,Different Sense,0.06873947381973267,3,0.230769231,6,6,0,405334016,EleutherAI/pythia-410m,step8,seed6,6,8
It was a blind date.,It was an expiration date.,date,date,Different Sense,0.07154667377471924,4,0.230769231,6,6,0,405334016,EleutherAI/pythia-410m,step8,seed6,6,8
It was a blind date.,It was an expiration date.,date,date,Different Sense,0.07366549968719482,5,0.230769231,6,6,0,405334016,EleutherAI/pythia-410m,step8,seed6,6,8
It was a blind date.,It was an expiration date.,date,date,Different Sense,0.08134156465530396,6,0.230769231,6,6,0,405334016,EleutherAI/pythia-410m,step8,seed6,6,8
It was a blind date.,It was an expiration date.,date,date,Different Sense,0.07856756448745728,7,0.230769231,6,6,0,405334016,EleutherAI/pythia-410m,step8,seed6,6,8
It was a blind date.,It was an expiration date.,date,date,Different Sense,0.0768740177154541,8,0.230769231,6,6,0,405334016,EleutherAI/pythia-410m,step8,seed6,6,8
It was a blind date.,It was an expiration date.,date,date,Different Sense,0.0821262001991272,9,0.230769231,6,6,0,405334016,EleutherAI/pythia-410m,step8,seed6,6,8
It was a blind date.,It was an expiration date.,date,date,Different Sense,0.0821656584739685,10,0.230769231,6,6,0,405334016,EleutherAI/pythia-410m,step8,seed6,6,8
It was a blind date.,It was an expiration date.,date,date,Different Sense,0.07999604940414429,11,0.230769231,6,6,0,405334016,EleutherAI/pythia-410m,step8,seed6,6,8
It was a blind date.,It was an expiration date.,date,date,Different Sense,0.08284658193588257,12,0.230769231,6,6,0,405334016,EleutherAI/pythia-410m,step8,seed6,6,8
It was a blind date.,It was an expiration date.,date,date,Different Sense,0.08190613985061646,13,0.230769231,6,6,0,405334016,EleutherAI/pythia-410m,step8,seed6,6,8
It was a blind date.,It was an expiration date.,date,date,Different Sense,0.08060282468795776,14,0.230769231,6,6,0,405334016,EleutherAI/pythia-410m,step8,seed6,6,8
It was a blind date.,It was an expiration date.,date,date,Different Sense,0.08260142803192139,15,0.230769231,6,6,0,405334016,EleutherAI/pythia-410m,step8,seed6,6,8
It was a blind date.,It was an expiration date.,date,date,Different Sense,0.081429123878479,16,0.230769231,6,6,0,405334016,EleutherAI/pythia-410m,step8,seed6,6,8
It was a blind date.,It was an expiration date.,date,date,Different Sense,0.08117324113845825,17,0.230769231,6,6,0,405334016,EleutherAI/pythia-410m,step8,seed6,6,8
It was a blind date.,It was an expiration date.,date,date,Different Sense,0.07958459854125977,18,0.230769231,6,6,0,405334016,EleutherAI/pythia-410m,step8,seed6,6,8
It was a blind date.,It was an expiration date.,date,date,Different Sense,0.07756859064102173,19,0.230769231,6,6,0,405334016,EleutherAI/pythia-410m,step8,seed6,6,8
It was a blind date.,It was an expiration date.,date,date,Different Sense,0.07667422294616699,20,0.230769231,6,6,0,405334016,EleutherAI/pythia-410m,step8,seed6,6,8
It was a blind date.,It was an expiration date.,date,date,Different Sense,0.0770835280418396,21,0.230769231,6,6,0,405334016,EleutherAI/pythia-410m,step8,seed6,6,8
It was a blind date.,It was an expiration date.,date,date,Different Sense,0.07152903079986572,22,0.230769231,6,6,0,405334016,EleutherAI/pythia-410m,step8,seed6,6,8
It was a blind date.,It was an expiration date.,date,date,Different Sense,0.07010084390640259,23,0.230769231,6,6,0,405334016,EleutherAI/pythia-410m,step8,seed6,6,8
It was a blind date.,It was an expiration date.,date,date,Different Sense,0.07084190845489502,24,0.230769231,6,6,0,405334016,EleutherAI/pythia-410m,step8,seed6,6,8
It was a blind date.,It was a historical date.,date,date,Different Sense,0.0,0,0.75,6,6,0,405334016,EleutherAI/pythia-410m,step8,seed6,6,8
It was a blind date.,It was a historical date.,date,date,Different Sense,0.027476251125335693,1,0.75,6,6,0,405334016,EleutherAI/pythia-410m,step8,seed6,6,8
It was a blind date.,It was a historical date.,date,date,Different Sense,0.03766566514968872,2,0.75,6,6,0,405334016,EleutherAI/pythia-410m,step8,seed6,6,8
It was a blind date.,It was a historical date.,date,date,Different Sense,0.04112505912780762,3,0.75,6,6,0,405334016,EleutherAI/pythia-410m,step8,seed6,6,8
It was a blind date.,It was a historical date.,date,date,Different Sense,0.04207271337509155,4,0.75,6,6,0,405334016,EleutherAI/pythia-410m,step8,seed6,6,8
It was a blind date.,It was a historical date.,date,date,Different Sense,0.04173910617828369,5,0.75,6,6,0,405334016,EleutherAI/pythia-410m,step8,seed6,6,8
It was a blind date.,It was a historical date.,date,date,Different Sense,0.042202532291412354,6,0.75,6,6,0,405334016,EleutherAI/pythia-410m,step8,seed6,6,8
It was a blind date.,It was a historical date.,date,date,Different Sense,0.040809690952301025,7,0.75,6,6,0,405334016,EleutherAI/pythia-410m,step8,seed6,6,8
It was a blind date.,It was a historical date.,date,date,Different Sense,0.04091674089431763,8,0.75,6,6,0,405334016,EleutherAI/pythia-410m,step8,seed6,6,8
It was a blind date.,It was a historical date.,date,date,Different Sense,0.04292583465576172,9,0.75,6,6,0,405334016,EleutherAI/pythia-410m,step8,seed6,6,8
It was a blind date.,It was a historical date.,date,date,Different Sense,0.04246854782104492,10,0.75,6,6,0,405334016,EleutherAI/pythia-410m,step8,seed6,6,8
It was a blind date.,It was a historical date.,date,date,Different Sense,0.04164993762969971,11,0.75,6,6,0,405334016,EleutherAI/pythia-410m,step8,seed6,6,8
It was a blind date.,It was a historical date.,date,date,Different Sense,0.043378472328186035,12,0.75,6,6,0,405334016,EleutherAI/pythia-410m,step8,seed6,6,8
It was a blind date.,It was a historical date.,date,date,Different Sense,0.04340553283691406,13,0.75,6,6,0,405334016,EleutherAI/pythia-410m,step8,seed6,6,8
It was a blind date.,It was a historical date.,date,date,Different Sense,0.041574060916900635,14,0.75,6,6,0,405334016,EleutherAI/pythia-410m,step8,seed6,6,8
It was a blind date.,It was a historical date.,date,date,Different Sense,0.042735517024993896,15,0.75,6,6,0,405334016,EleutherAI/pythia-410m,step8,seed6,6,8
It was a blind date.,It was a historical date.,date,date,Different Sense,0.04253089427947998,16,0.75,6,6,0,405334016,EleutherAI/pythia-410m,step8,seed6,6,8
It was a blind date.,It was a historical date.,date,date,Different Sense,0.0422745943069458,17,0.75,6,6,0,405334016,EleutherAI/pythia-410m,step8,seed6,6,8
It was a blind date.,It was a historical date.,date,date,Different Sense,0.04210972785949707,18,0.75,6,6,0,405334016,EleutherAI/pythia-410m,step8,seed6,6,8
It was a blind date.,It was a historical date.,date,date,Different Sense,0.04069751501083374,19,0.75,6,6,0,405334016,EleutherAI/pythia-410m,step8,seed6,6,8
It was a blind date.,It was a historical date.,date,date,Different Sense,0.039971888065338135,20,0.75,6,6,0,405334016,EleutherAI/pythia-410m,step8,seed6,6,8
It was a blind date.,It was a historical date.,date,date,Different Sense,0.04033762216567993,21,0.75,6,6,0,405334016,EleutherAI/pythia-410m,step8,seed6,6,8
It was a blind date.,It was a historical date.,date,date,Different Sense,0.038913190364837646,22,0.75,6,6,0,405334016,EleutherAI/pythia-410m,step8,seed6,6,8
It was a blind date.,It was a historical date.,date,date,Different Sense,0.03742539882659912,23,0.75,6,6,0,405334016,EleutherAI/pythia-410m,step8,seed6,6,8
It was a blind date.,It was a historical date.,date,date,Different Sense,0.0381435751914978,24,0.75,6,6,0,405334016,EleutherAI/pythia-410m,step8,seed6,6,8
It was a dinner date.,It was a blind date.,date,date,Same Sense,0.0,0,3.882352941,6,6,0,405334016,EleutherAI/pythia-410m,step8,seed6,6,8
It was a dinner date.,It was a blind date.,date,date,Same Sense,0.03346139192581177,1,3.882352941,6,6,0,405334016,EleutherAI/pythia-410m,step8,seed6,6,8
It was a dinner date.,It was a blind date.,date,date,Same Sense,0.04384583234786987,2,3.882352941,6,6,0,405334016,EleutherAI/pythia-410m,step8,seed6,6,8
It was a dinner date.,It was a blind date.,date,date,Same Sense,0.0472295880317688,3,3.882352941,6,6,0,405334016,EleutherAI/pythia-410m,step8,seed6,6,8
It was a dinner date.,It was a blind date.,date,date,Same Sense,0.04792678356170654,4,3.882352941,6,6,0,405334016,EleutherAI/pythia-410m,step8,seed6,6,8
It was a dinner date.,It was a blind date.,date,date,Same Sense,0.04974544048309326,5,3.882352941,6,6,0,405334016,EleutherAI/pythia-410m,step8,seed6,6,8
It was a dinner date.,It was a blind date.,date,date,Same Sense,0.04995143413543701,6,3.882352941,6,6,0,405334016,EleutherAI/pythia-410m,step8,seed6,6,8
It was a dinner date.,It was a blind date.,date,date,Same Sense,0.046677350997924805,7,3.882352941,6,6,0,405334016,EleutherAI/pythia-410m,step8,seed6,6,8
It was a dinner date.,It was a blind date.,date,date,Same Sense,0.04717981815338135,8,3.882352941,6,6,0,405334016,EleutherAI/pythia-410m,step8,seed6,6,8
It was a dinner date.,It was a blind date.,date,date,Same Sense,0.04903697967529297,9,3.882352941,6,6,0,405334016,EleutherAI/pythia-410m,step8,seed6,6,8
It was a dinner date.,It was a blind date.,date,date,Same Sense,0.04714500904083252,10,3.882352941,6,6,0,405334016,EleutherAI/pythia-410m,step8,seed6,6,8
It was a dinner date.,It was a blind date.,date,date,Same Sense,0.046578824520111084,11,3.882352941,6,6,0,405334016,EleutherAI/pythia-410m,step8,seed6,6,8
It was a dinner date.,It was a blind date.,date,date,Same Sense,0.047971487045288086,12,3.882352941,6,6,0,405334016,EleutherAI/pythia-410m,step8,seed6,6,8
It was a dinner date.,It was a blind date.,date,date,Same Sense,0.048929452896118164,13,3.882352941,6,6,0,405334016,EleutherAI/pythia-410m,step8,seed6,6,8
It was a dinner date.,It was a blind date.,date,date,Same Sense,0.0466388463973999,14,3.882352941,6,6,0,405334016,EleutherAI/pythia-410m,step8,seed6,6,8
It was a dinner date.,It was a blind date.,date,date,Same Sense,0.04735761880874634,15,3.882352941,6,6,0,405334016,EleutherAI/pythia-410m,step8,seed6,6,8
It was a dinner date.,It was a blind date.,date,date,Same Sense,0.04648178815841675,16,3.882352941,6,6,0,405334016,EleutherAI/pythia-410m,step8,seed6,6,8
It was a dinner date.,It was a blind date.,date,date,Same Sense,0.044889748096466064,17,3.882352941,6,6,0,405334016,EleutherAI/pythia-410m,step8,seed6,6,8
It was a dinner date.,It was a blind date.,date,date,Same Sense,0.044123172760009766,18,3.882352941,6,6,0,405334016,EleutherAI/pythia-410m,step8,seed6,6,8
It was a dinner date.,It was a blind date.,date,date,Same Sense,0.04295700788497925,19,3.882352941,6,6,0,405334016,EleutherAI/pythia-410m,step8,seed6,6,8
It was a dinner date.,It was a blind date.,date,date,Same Sense,0.042404115200042725,20,3.882352941,6,6,0,405334016,EleutherAI/pythia-410m,step8,seed6,6,8
It was a dinner date.,It was a blind date.,date,date,Same Sense,0.04301244020462036,21,3.882352941,6,6,0,405334016,EleutherAI/pythia-410m,step8,seed6,6,8
It was a dinner date.,It was a blind date.,date,date,Same Sense,0.04019927978515625,22,3.882352941,6,6,0,405334016,EleutherAI/pythia-410m,step8,seed6,6,8
It was a dinner date.,It was a blind date.,date,date,Same Sense,0.038880348205566406,23,3.882352941,6,6,0,405334016,EleutherAI/pythia-410m,step8,seed6,6,8
It was a dinner date.,It was a blind date.,date,date,Same Sense,0.03886634111404419,24,3.882352941,6,6,0,405334016,EleutherAI/pythia-410m,step8,seed6,6,8
It was an expiration date.,It was a historical date.,date,date,Same Sense,0.0,0,2.928571429,6,6,0,405334016,EleutherAI/pythia-410m,step8,seed6,6,8
It was an expiration date.,It was a historical date.,date,date,Same Sense,0.042417168617248535,1,2.928571429,6,6,0,405334016,EleutherAI/pythia-410m,step8,seed6,6,8
It was an expiration date.,It was a historical date.,date,date,Same Sense,0.05855393409729004,2,2.928571429,6,6,0,405334016,EleutherAI/pythia-410m,step8,seed6,6,8
It was an expiration date.,It was a historical date.,date,date,Same Sense,0.06610476970672607,3,2.928571429,6,6,0,405334016,EleutherAI/pythia-410m,step8,seed6,6,8
It was an expiration date.,It was a historical date.,date,date,Same Sense,0.068947434425354,4,2.928571429,6,6,0,405334016,EleutherAI/pythia-410m,step8,seed6,6,8
It was an expiration date.,It was a historical date.,date,date,Same Sense,0.0704505443572998,5,2.928571429,6,6,0,405334016,EleutherAI/pythia-410m,step8,seed6,6,8
It was an expiration date.,It was a historical date.,date,date,Same Sense,0.07457590103149414,6,2.928571429,6,6,0,405334016,EleutherAI/pythia-410m,step8,seed6,6,8
It was an expiration date.,It was a historical date.,date,date,Same Sense,0.07375514507293701,7,2.928571429,6,6,0,405334016,EleutherAI/pythia-410m,step8,seed6,6,8
It was an expiration date.,It was a historical date.,date,date,Same Sense,0.07564359903335571,8,2.928571429,6,6,0,405334016,EleutherAI/pythia-410m,step8,seed6,6,8
It was an expiration date.,It was a historical date.,date,date,Same Sense,0.07762068510055542,9,2.928571429,6,6,0,405334016,EleutherAI/pythia-410m,step8,seed6,6,8
It was an expiration date.,It was a historical date.,date,date,Same Sense,0.07987505197525024,10,2.928571429,6,6,0,405334016,EleutherAI/pythia-410m,step8,seed6,6,8
It was an expiration date.,It was a historical date.,date,date,Same Sense,0.0764695405960083,11,2.928571429,6,6,0,405334016,EleutherAI/pythia-410m,step8,seed6,6,8
It was an expiration date.,It was a historical date.,date,date,Same Sense,0.08032655715942383,12,2.928571429,6,6,0,405334016,EleutherAI/pythia-410m,step8,seed6,6,8
It was an expiration date.,It was a historical date.,date,date,Same Sense,0.08245444297790527,13,2.928571429,6,6,0,405334016,EleutherAI/pythia-410m,step8,seed6,6,8
It was an expiration date.,It was a historical date.,date,date,Same Sense,0.08138591051101685,14,2.928571429,6,6,0,405334016,EleutherAI/pythia-410m,step8,seed6,6,8
It was an expiration date.,It was a historical date.,date,date,Same Sense,0.08190047740936279,15,2.928571429,6,6,0,405334016,EleutherAI/pythia-410m,step8,seed6,6,8
It was an expiration date.,It was a historical date.,date,date,Same Sense,0.08081400394439697,16,2.928571429,6,6,0,405334016,EleutherAI/pythia-410m,step8,seed6,6,8
It was an expiration date.,It was a historical date.,date,date,Same Sense,0.07830554246902466,17,2.928571429,6,6,0,405334016,EleutherAI/pythia-410m,step8,seed6,6,8
It was an expiration date.,It was a historical date.,date,date,Same Sense,0.07571852207183838,18,2.928571429,6,6,0,405334016,EleutherAI/pythia-410m,step8,seed6,6,8
It was an expiration date.,It was a historical date.,date,date,Same Sense,0.07401633262634277,19,2.928571429,6,6,0,405334016,EleutherAI/pythia-410m,step8,seed6,6,8
It was an expiration date.,It was a historical date.,date,date,Same Sense,0.07302254438400269,20,2.928571429,6,6,0,405334016,EleutherAI/pythia-410m,step8,seed6,6,8
It was an expiration date.,It was a historical date.,date,date,Same Sense,0.07415664196014404,21,2.928571429,6,6,0,405334016,EleutherAI/pythia-410m,step8,seed6,6,8
It was an expiration date.,It was a historical date.,date,date,Same Sense,0.0694088339805603,22,2.928571429,6,6,0,405334016,EleutherAI/pythia-410m,step8,seed6,6,8
It was an expiration date.,It was a historical date.,date,date,Same Sense,0.06671619415283203,23,2.928571429,6,6,0,405334016,EleutherAI/pythia-410m,step8,seed6,6,8
It was an expiration date.,It was a historical date.,date,date,Same Sense,0.06854182481765747,24,2.928571429,6,6,0,405334016,EleutherAI/pythia-410m,step8,seed6,6,8
It was about forty degrees.,It was about associate degrees.,degree,degrees,Different Sense,0.0,0,0.071428571,6,6,0,405334016,EleutherAI/pythia-410m,step8,seed6,6,8
It was about forty degrees.,It was about associate degrees.,degree,degrees,Different Sense,0.029475033283233643,1,0.071428571,6,6,0,405334016,EleutherAI/pythia-410m,step8,seed6,6,8
It was about forty degrees.,It was about associate degrees.,degree,degrees,Different Sense,0.03886401653289795,2,0.071428571,6,6,0,405334016,EleutherAI/pythia-410m,step8,seed6,6,8
It was about forty degrees.,It was about associate degrees.,degree,degrees,Different Sense,0.042249441146850586,3,0.071428571,6,6,0,405334016,EleutherAI/pythia-410m,step8,seed6,6,8
It was about forty degrees.,It was about associate degrees.,degree,degrees,Different Sense,0.04197508096694946,4,0.071428571,6,6,0,405334016,EleutherAI/pythia-410m,step8,seed6,6,8
It was about forty degrees.,It was about associate degrees.,degree,degrees,Different Sense,0.0426102876663208,5,0.071428571,6,6,0,405334016,EleutherAI/pythia-410m,step8,seed6,6,8
It was about forty degrees.,It was about associate degrees.,degree,degrees,Different Sense,0.039989173412323,6,0.071428571,6,6,0,405334016,EleutherAI/pythia-410m,step8,seed6,6,8
It was about forty degrees.,It was about associate degrees.,degree,degrees,Different Sense,0.03950017690658569,7,0.071428571,6,6,0,405334016,EleutherAI/pythia-410m,step8,seed6,6,8
It was about forty degrees.,It was about associate degrees.,degree,degrees,Different Sense,0.03914588689804077,8,0.071428571,6,6,0,405334016,EleutherAI/pythia-410m,step8,seed6,6,8
It was about forty degrees.,It was about associate degrees.,degree,degrees,Different Sense,0.039212942123413086,9,0.071428571,6,6,0,405334016,EleutherAI/pythia-410m,step8,seed6,6,8
It was about forty degrees.,It was about associate degrees.,degree,degrees,Different Sense,0.03865784406661987,10,0.071428571,6,6,0,405334016,EleutherAI/pythia-410m,step8,seed6,6,8
It was about forty degrees.,It was about associate degrees.,degree,degrees,Different Sense,0.03701525926589966,11,0.071428571,6,6,0,405334016,EleutherAI/pythia-410m,step8,seed6,6,8
It was about forty degrees.,It was about associate degrees.,degree,degrees,Different Sense,0.03699910640716553,12,0.071428571,6,6,0,405334016,EleutherAI/pythia-410m,step8,seed6,6,8
It was about forty degrees.,It was about associate degrees.,degree,degrees,Different Sense,0.03691130876541138,13,0.071428571,6,6,0,405334016,EleutherAI/pythia-410m,step8,seed6,6,8
It was about forty degrees.,It was about associate degrees.,degree,degrees,Different Sense,0.03761202096939087,14,0.071428571,6,6,0,405334016,EleutherAI/pythia-410m,step8,seed6,6,8
It was about forty degrees.,It was about associate degrees.,degree,degrees,Different Sense,0.03668475151062012,15,0.071428571,6,6,0,405334016,EleutherAI/pythia-410m,step8,seed6,6,8
It was about forty degrees.,It was about associate degrees.,degree,degrees,Different Sense,0.035733819007873535,16,0.071428571,6,6,0,405334016,EleutherAI/pythia-410m,step8,seed6,6,8
It was about forty degrees.,It was about associate degrees.,degree,degrees,Different Sense,0.03476613759994507,17,0.071428571,6,6,0,405334016,EleutherAI/pythia-410m,step8,seed6,6,8
It was about forty degrees.,It was about associate degrees.,degree,degrees,Different Sense,0.034913837909698486,18,0.071428571,6,6,0,405334016,EleutherAI/pythia-410m,step8,seed6,6,8
It was about forty degrees.,It was about associate degrees.,degree,degrees,Different Sense,0.033894121646881104,19,0.071428571,6,6,0,405334016,EleutherAI/pythia-410m,step8,seed6,6,8
It was about forty degrees.,It was about associate degrees.,degree,degrees,Different Sense,0.03429645299911499,20,0.071428571,6,6,0,405334016,EleutherAI/pythia-410m,step8,seed6,6,8
It was about forty degrees.,It was about associate degrees.,degree,degrees,Different Sense,0.03393489122390747,21,0.071428571,6,6,0,405334016,EleutherAI/pythia-410m,step8,seed6,6,8
It was about forty degrees.,It was about associate degrees.,degree,degrees,Different Sense,0.032880187034606934,22,0.071428571,6,6,0,405334016,EleutherAI/pythia-410m,step8,seed6,6,8
It was about forty degrees.,It was about associate degrees.,degree,degrees,Different Sense,0.031417131423950195,23,0.071428571,6,6,0,405334016,EleutherAI/pythia-410m,step8,seed6,6,8
It was about forty degrees.,It was about associate degrees.,degree,degrees,Different Sense,0.03162205219268799,24,0.071428571,6,6,0,405334016,EleutherAI/pythia-410m,step8,seed6,6,8
It was about forty degrees.,It was about college degrees.,degree,degrees,Different Sense,0.0,0,0.166666667,6,6,0,405334016,EleutherAI/pythia-410m,step8,seed6,6,8
It was about forty degrees.,It was about college degrees.,degree,degrees,Different Sense,0.03152263164520264,1,0.166666667,6,6,0,405334016,EleutherAI/pythia-410m,step8,seed6,6,8
It was about forty degrees.,It was about college degrees.,degree,degrees,Different Sense,0.037998974323272705,2,0.166666667,6,6,0,405334016,EleutherAI/pythia-410m,step8,seed6,6,8
It was about forty degrees.,It was about college degrees.,degree,degrees,Different Sense,0.043053507804870605,3,0.166666667,6,6,0,405334016,EleutherAI/pythia-410m,step8,seed6,6,8
It was about forty degrees.,It was about college degrees.,degree,degrees,Different Sense,0.043714702129364014,4,0.166666667,6,6,0,405334016,EleutherAI/pythia-410m,step8,seed6,6,8
It was about forty degrees.,It was about college degrees.,degree,degrees,Different Sense,0.045974671840667725,5,0.166666667,6,6,0,405334016,EleutherAI/pythia-410m,step8,seed6,6,8
It was about forty degrees.,It was about college degrees.,degree,degrees,Different Sense,0.04193359613418579,6,0.166666667,6,6,0,405334016,EleutherAI/pythia-410m,step8,seed6,6,8
It was about forty degrees.,It was about college degrees.,degree,degrees,Different Sense,0.04159891605377197,7,0.166666667,6,6,0,405334016,EleutherAI/pythia-410m,step8,seed6,6,8
It was about forty degrees.,It was about college degrees.,degree,degrees,Different Sense,0.04177355766296387,8,0.166666667,6,6,0,405334016,EleutherAI/pythia-410m,step8,seed6,6,8
It was about forty degrees.,It was about college degrees.,degree,degrees,Different Sense,0.04112505912780762,9,0.166666667,6,6,0,405334016,EleutherAI/pythia-410m,step8,seed6,6,8
It was about forty degrees.,It was about college degrees.,degree,degrees,Different Sense,0.039763569831848145,10,0.166666667,6,6,0,405334016,EleutherAI/pythia-410m,step8,seed6,6,8
It was about forty degrees.,It was about college degrees.,degree,degrees,Different Sense,0.03902769088745117,11,0.166666667,6,6,0,405334016,EleutherAI/pythia-410m,step8,seed6,6,8
It was about forty degrees.,It was about college degrees.,degree,degrees,Different Sense,0.03889477252960205,12,0.166666667,6,6,0,405334016,EleutherAI/pythia-410m,step8,seed6,6,8
It was about forty degrees.,It was about college degrees.,degree,degrees,Different Sense,0.03835749626159668,13,0.166666667,6,6,0,405334016,EleutherAI/pythia-410m,step8,seed6,6,8
It was about forty degrees.,It was about college degrees.,degree,degrees,Different Sense,0.03819549083709717,14,0.166666667,6,6,0,405334016,EleutherAI/pythia-410m,step8,seed6,6,8
It was about forty degrees.,It was about college degrees.,degree,degrees,Different Sense,0.03820401430130005,15,0.166666667,6,6,0,405334016,EleutherAI/pythia-410m,step8,seed6,6,8
It was about forty degrees.,It was about college degrees.,degree,degrees,Different Sense,0.03801017999649048,16,0.166666667,6,6,0,405334016,EleutherAI/pythia-410m,step8,seed6,6,8
It was about forty degrees.,It was about college degrees.,degree,degrees,Different Sense,0.03808659315109253,17,0.166666667,6,6,0,405334016,EleutherAI/pythia-410m,step8,seed6,6,8
It was about forty degrees.,It was about college degrees.,degree,degrees,Different Sense,0.03657698631286621,18,0.166666667,6,6,0,405334016,EleutherAI/pythia-410m,step8,seed6,6,8
It was about forty degrees.,It was about college degrees.,degree,degrees,Different Sense,0.0351712703704834,19,0.166666667,6,6,0,405334016,EleutherAI/pythia-410m,step8,seed6,6,8
It was about forty degrees.,It was about college degrees.,degree,degrees,Different Sense,0.03498244285583496,20,0.166666667,6,6,0,405334016,EleutherAI/pythia-410m,step8,seed6,6,8
It was about forty degrees.,It was about college degrees.,degree,degrees,Different Sense,0.034968435764312744,21,0.166666667,6,6,0,405334016,EleutherAI/pythia-410m,step8,seed6,6,8
It was about forty degrees.,It was about college degrees.,degree,degrees,Different Sense,0.03470581769943237,22,0.166666667,6,6,0,405334016,EleutherAI/pythia-410m,step8,seed6,6,8
It was about forty degrees.,It was about college degrees.,degree,degrees,Different Sense,0.03411579132080078,23,0.166666667,6,6,0,405334016,EleutherAI/pythia-410m,step8,seed6,6,8
It was about forty degrees.,It was about college degrees.,degree,degrees,Different Sense,0.03430408239364624,24,0.166666667,6,6,0,405334016,EleutherAI/pythia-410m,step8,seed6,6,8
It was about fifty degrees.,It was about associate degrees.,degree,degrees,Different Sense,0.0,0,0.076923077,6,6,0,405334016,EleutherAI/pythia-410m,step8,seed6,6,8
It was about fifty degrees.,It was about associate degrees.,degree,degrees,Different Sense,0.026807188987731934,1,0.076923077,6,6,0,405334016,EleutherAI/pythia-410m,step8,seed6,6,8
It was about fifty degrees.,It was about associate degrees.,degree,degrees,Different Sense,0.03145509958267212,2,0.076923077,6,6,0,405334016,EleutherAI/pythia-410m,step8,seed6,6,8
It was about fifty degrees.,It was about associate degrees.,degree,degrees,Different Sense,0.03456556797027588,3,0.076923077,6,6,0,405334016,EleutherAI/pythia-410m,step8,seed6,6,8
It was about fifty degrees.,It was about associate degrees.,degree,degrees,Different Sense,0.037011563777923584,4,0.076923077,6,6,0,405334016,EleutherAI/pythia-410m,step8,seed6,6,8
It was about fifty degrees.,It was about associate degrees.,degree,degrees,Different Sense,0.038878560066223145,5,0.076923077,6,6,0,405334016,EleutherAI/pythia-410m,step8,seed6,6,8
It was about fifty degrees.,It was about associate degrees.,degree,degrees,Different Sense,0.03600919246673584,6,0.076923077,6,6,0,405334016,EleutherAI/pythia-410m,step8,seed6,6,8
It was about fifty degrees.,It was about associate degrees.,degree,degrees,Different Sense,0.036754488945007324,7,0.076923077,6,6,0,405334016,EleutherAI/pythia-410m,step8,seed6,6,8
It was about fifty degrees.,It was about associate degrees.,degree,degrees,Different Sense,0.03607386350631714,8,0.076923077,6,6,0,405334016,EleutherAI/pythia-410m,step8,seed6,6,8
It was about fifty degrees.,It was about associate degrees.,degree,degrees,Different Sense,0.036437809467315674,9,0.076923077,6,6,0,405334016,EleutherAI/pythia-410m,step8,seed6,6,8
It was about fifty degrees.,It was about associate degrees.,degree,degrees,Different Sense,0.03851121664047241,10,0.076923077,6,6,0,405334016,EleutherAI/pythia-410m,step8,seed6,6,8
It was about fifty degrees.,It was about associate degrees.,degree,degrees,Different Sense,0.036114633083343506,11,0.076923077,6,6,0,405334016,EleutherAI/pythia-410m,step8,seed6,6,8
It was about fifty degrees.,It was about associate degrees.,degree,degrees,Different Sense,0.035813093185424805,12,0.076923077,6,6,0,405334016,EleutherAI/pythia-410m,step8,seed6,6,8
It was about fifty degrees.,It was about associate degrees.,degree,degrees,Different Sense,0.03579908609390259,13,0.076923077,6,6,0,405334016,EleutherAI/pythia-410m,step8,seed6,6,8
It was about fifty degrees.,It was about associate degrees.,degree,degrees,Different Sense,0.035871267318725586,14,0.076923077,6,6,0,405334016,EleutherAI/pythia-410m,step8,seed6,6,8
It was about fifty degrees.,It was about associate degrees.,degree,degrees,Different Sense,0.0356137752532959,15,0.076923077,6,6,0,405334016,EleutherAI/pythia-410m,step8,seed6,6,8
It was about fifty degrees.,It was about associate degrees.,degree,degrees,Different Sense,0.035335540771484375,16,0.076923077,6,6,0,405334016,EleutherAI/pythia-410m,step8,seed6,6,8
It was about fifty degrees.,It was about associate degrees.,degree,degrees,Different Sense,0.03503870964050293,17,0.076923077,6,6,0,405334016,EleutherAI/pythia-410m,step8,seed6,6,8
It was about fifty degrees.,It was about associate degrees.,degree,degrees,Different Sense,0.034900009632110596,18,0.076923077,6,6,0,405334016,EleutherAI/pythia-410m,step8,seed6,6,8
It was about fifty degrees.,It was about associate degrees.,degree,degrees,Different Sense,0.03384500741958618,19,0.076923077,6,6,0,405334016,EleutherAI/pythia-410m,step8,seed6,6,8
It was about fifty degrees.,It was about associate degrees.,degree,degrees,Different Sense,0.034640610218048096,20,0.076923077,6,6,0,405334016,EleutherAI/pythia-410m,step8,seed6,6,8
It was about fifty degrees.,It was about associate degrees.,degree,degrees,Different Sense,0.03470712900161743,21,0.076923077,6,6,0,405334016,EleutherAI/pythia-410m,step8,seed6,6,8
It was about fifty degrees.,It was about associate degrees.,degree,degrees,Different Sense,0.03405731916427612,22,0.076923077,6,6,0,405334016,EleutherAI/pythia-410m,step8,seed6,6,8
It was about fifty degrees.,It was about associate degrees.,degree,degrees,Different Sense,0.032206714153289795,23,0.076923077,6,6,0,405334016,EleutherAI/pythia-410m,step8,seed6,6,8
It was about fifty degrees.,It was about associate degrees.,degree,degrees,Different Sense,0.03262054920196533,24,0.076923077,6,6,0,405334016,EleutherAI/pythia-410m,step8,seed6,6,8
It was about fifty degrees.,It was about college degrees.,degree,degrees,Different Sense,0.0,0,0.0,6,6,0,405334016,EleutherAI/pythia-410m,step8,seed6,6,8
It was about fifty degrees.,It was about college degrees.,degree,degrees,Different Sense,0.029967784881591797,1,0.0,6,6,0,405334016,EleutherAI/pythia-410m,step8,seed6,6,8
It was about fifty degrees.,It was about college degrees.,degree,degrees,Different Sense,0.03605753183364868,2,0.0,6,6,0,405334016,EleutherAI/pythia-410m,step8,seed6,6,8
It was about fifty degrees.,It was about college degrees.,degree,degrees,Different Sense,0.040793657302856445,3,0.0,6,6,0,405334016,EleutherAI/pythia-410m,step8,seed6,6,8
It was about fifty degrees.,It was about college degrees.,degree,degrees,Different Sense,0.04331028461456299,4,0.0,6,6,0,405334016,EleutherAI/pythia-410m,step8,seed6,6,8
It was about fifty degrees.,It was about college degrees.,degree,degrees,Different Sense,0.04630255699157715,5,0.0,6,6,0,405334016,EleutherAI/pythia-410m,step8,seed6,6,8
It was about fifty degrees.,It was about college degrees.,degree,degrees,Different Sense,0.042582809925079346,6,0.0,6,6,0,405334016,EleutherAI/pythia-410m,step8,seed6,6,8
It was about fifty degrees.,It was about college degrees.,degree,degrees,Different Sense,0.041526854038238525,7,0.0,6,6,0,405334016,EleutherAI/pythia-410m,step8,seed6,6,8
It was about fifty degrees.,It was about college degrees.,degree,degrees,Different Sense,0.03928250074386597,8,0.0,6,6,0,405334016,EleutherAI/pythia-410m,step8,seed6,6,8
It was about fifty degrees.,It was about college degrees.,degree,degrees,Different Sense,0.039501726627349854,9,0.0,6,6,0,405334016,EleutherAI/pythia-410m,step8,seed6,6,8
It was about fifty degrees.,It was about college degrees.,degree,degrees,Different Sense,0.03960096836090088,10,0.0,6,6,0,405334016,EleutherAI/pythia-410m,step8,seed6,6,8
It was about fifty degrees.,It was about college degrees.,degree,degrees,Different Sense,0.03821921348571777,11,0.0,6,6,0,405334016,EleutherAI/pythia-410m,step8,seed6,6,8
It was about fifty degrees.,It was about college degrees.,degree,degrees,Different Sense,0.03746151924133301,12,0.0,6,6,0,405334016,EleutherAI/pythia-410m,step8,seed6,6,8
It was about fifty degrees.,It was about college degrees.,degree,degrees,Different Sense,0.036784231662750244,13,0.0,6,6,0,405334016,EleutherAI/pythia-410m,step8,seed6,6,8
It was about fifty degrees.,It was about college degrees.,degree,degrees,Different Sense,0.03772956132888794,14,0.0,6,6,0,405334016,EleutherAI/pythia-410m,step8,seed6,6,8
It was about fifty degrees.,It was about college degrees.,degree,degrees,Different Sense,0.03780633211135864,15,0.0,6,6,0,405334016,EleutherAI/pythia-410m,step8,seed6,6,8
It was about fifty degrees.,It was about college degrees.,degree,degrees,Different Sense,0.03809952735900879,16,0.0,6,6,0,405334016,EleutherAI/pythia-410m,step8,seed6,6,8
It was about fifty degrees.,It was about college degrees.,degree,degrees,Different Sense,0.03772932291030884,17,0.0,6,6,0,405334016,EleutherAI/pythia-410m,step8,seed6,6,8
It was about fifty degrees.,It was about college degrees.,degree,degrees,Different Sense,0.036939263343811035,18,0.0,6,6,0,405334016,EleutherAI/pythia-410m,step8,seed6,6,8
It was about fifty degrees.,It was about college degrees.,degree,degrees,Different Sense,0.035757362842559814,19,0.0,6,6,0,405334016,EleutherAI/pythia-410m,step8,seed6,6,8
It was about fifty degrees.,It was about college degrees.,degree,degrees,Different Sense,0.035256385803222656,20,0.0,6,6,0,405334016,EleutherAI/pythia-410m,step8,seed6,6,8
It was about fifty degrees.,It was about college degrees.,degree,degrees,Different Sense,0.03527390956878662,21,0.0,6,6,0,405334016,EleutherAI/pythia-410m,step8,seed6,6,8
It was about fifty degrees.,It was about college degrees.,degree,degrees,Different Sense,0.03449606895446777,22,0.0,6,6,0,405334016,EleutherAI/pythia-410m,step8,seed6,6,8
It was about fifty degrees.,It was about college degrees.,degree,degrees,Different Sense,0.03305095434188843,23,0.0,6,6,0,405334016,EleutherAI/pythia-410m,step8,seed6,6,8
It was about fifty degrees.,It was about college degrees.,degree,degrees,Different Sense,0.03309309482574463,24,0.0,6,6,0,405334016,EleutherAI/pythia-410m,step8,seed6,6,8
It was about forty degrees.,It was about fifty degrees.,degree,degrees,Same Sense,0.0,0,3.736842105,6,6,0,405334016,EleutherAI/pythia-410m,step8,seed6,6,8
It was about forty degrees.,It was about fifty degrees.,degree,degrees,Same Sense,0.02793872356414795,1,3.736842105,6,6,0,405334016,EleutherAI/pythia-410m,step8,seed6,6,8
It was about forty degrees.,It was about fifty degrees.,degree,degrees,Same Sense,0.036644935607910156,2,3.736842105,6,6,0,405334016,EleutherAI/pythia-410m,step8,seed6,6,8
It was about forty degrees.,It was about fifty degrees.,degree,degrees,Same Sense,0.04027825593948364,3,3.736842105,6,6,0,405334016,EleutherAI/pythia-410m,step8,seed6,6,8
It was about forty degrees.,It was about fifty degrees.,degree,degrees,Same Sense,0.04073899984359741,4,3.736842105,6,6,0,405334016,EleutherAI/pythia-410m,step8,seed6,6,8
It was about forty degrees.,It was about fifty degrees.,degree,degrees,Same Sense,0.041665732860565186,5,3.736842105,6,6,0,405334016,EleutherAI/pythia-410m,step8,seed6,6,8
It was about forty degrees.,It was about fifty degrees.,degree,degrees,Same Sense,0.039234042167663574,6,3.736842105,6,6,0,405334016,EleutherAI/pythia-410m,step8,seed6,6,8
It was about forty degrees.,It was about fifty degrees.,degree,degrees,Same Sense,0.03888809680938721,7,3.736842105,6,6,0,405334016,EleutherAI/pythia-410m,step8,seed6,6,8
It was about forty degrees.,It was about fifty degrees.,degree,degrees,Same Sense,0.037728846073150635,8,3.736842105,6,6,0,405334016,EleutherAI/pythia-410m,step8,seed6,6,8
It was about forty degrees.,It was about fifty degrees.,degree,degrees,Same Sense,0.0379597544670105,9,3.736842105,6,6,0,405334016,EleutherAI/pythia-410m,step8,seed6,6,8
It was about forty degrees.,It was about fifty degrees.,degree,degrees,Same Sense,0.03921246528625488,10,3.736842105,6,6,0,405334016,EleutherAI/pythia-410m,step8,seed6,6,8
It was about forty degrees.,It was about fifty degrees.,degree,degrees,Same Sense,0.03798586130142212,11,3.736842105,6,6,0,405334016,EleutherAI/pythia-410m,step8,seed6,6,8
It was about forty degrees.,It was about fifty degrees.,degree,degrees,Same Sense,0.03767573833465576,12,3.736842105,6,6,0,405334016,EleutherAI/pythia-410m,step8,seed6,6,8
It was about forty degrees.,It was about fifty degrees.,degree,degrees,Same Sense,0.03711885213851929,13,3.736842105,6,6,0,405334016,EleutherAI/pythia-410m,step8,seed6,6,8
It was about forty degrees.,It was about fifty degrees.,degree,degrees,Same Sense,0.0370326042175293,14,3.736842105,6,6,0,405334016,EleutherAI/pythia-410m,step8,seed6,6,8
It was about forty degrees.,It was about fifty degrees.,degree,degrees,Same Sense,0.037127137184143066,15,3.736842105,6,6,0,405334016,EleutherAI/pythia-410m,step8,seed6,6,8
It was about forty degrees.,It was about fifty degrees.,degree,degrees,Same Sense,0.0368615984916687,16,3.736842105,6,6,0,405334016,EleutherAI/pythia-410m,step8,seed6,6,8
It was about forty degrees.,It was about fifty degrees.,degree,degrees,Same Sense,0.036670982837677,17,3.736842105,6,6,0,405334016,EleutherAI/pythia-410m,step8,seed6,6,8
It was about forty degrees.,It was about fifty degrees.,degree,degrees,Same Sense,0.035498082637786865,18,3.736842105,6,6,0,405334016,EleutherAI/pythia-410m,step8,seed6,6,8
It was about forty degrees.,It was about fifty degrees.,degree,degrees,Same Sense,0.03490281105041504,19,3.736842105,6,6,0,405334016,EleutherAI/pythia-410m,step8,seed6,6,8
It was about forty degrees.,It was about fifty degrees.,degree,degrees,Same Sense,0.03486591577529907,20,3.736842105,6,6,0,405334016,EleutherAI/pythia-410m,step8,seed6,6,8
It was about forty degrees.,It was about fifty degrees.,degree,degrees,Same Sense,0.0350915789604187,21,3.736842105,6,6,0,405334016,EleutherAI/pythia-410m,step8,seed6,6,8
It was about forty degrees.,It was about fifty degrees.,degree,degrees,Same Sense,0.0341067910194397,22,3.736842105,6,6,0,405334016,EleutherAI/pythia-410m,step8,seed6,6,8
It was about forty degrees.,It was about fifty degrees.,degree,degrees,Same Sense,0.03269749879837036,23,3.736842105,6,6,0,405334016,EleutherAI/pythia-410m,step8,seed6,6,8
It was about forty degrees.,It was about fifty degrees.,degree,degrees,Same Sense,0.033110737800598145,24,3.736842105,6,6,0,405334016,EleutherAI/pythia-410m,step8,seed6,6,8
It was about associate degrees.,It was about college degrees.,degree,degrees,Same Sense,0.0,0,3.888888889,6,6,0,405334016,EleutherAI/pythia-410m,step8,seed6,6,8
It was about associate degrees.,It was about college degrees.,degree,degrees,Same Sense,0.03400987386703491,1,3.888888889,6,6,0,405334016,EleutherAI/pythia-410m,step8,seed6,6,8
It was about associate degrees.,It was about college degrees.,degree,degrees,Same Sense,0.03926253318786621,2,3.888888889,6,6,0,405334016,EleutherAI/pythia-410m,step8,seed6,6,8
It was about associate degrees.,It was about college degrees.,degree,degrees,Same Sense,0.04457390308380127,3,3.888888889,6,6,0,405334016,EleutherAI/pythia-410m,step8,seed6,6,8
It was about associate degrees.,It was about college degrees.,degree,degrees,Same Sense,0.04619067907333374,4,3.888888889,6,6,0,405334016,EleutherAI/pythia-410m,step8,seed6,6,8
It was about associate degrees.,It was about college degrees.,degree,degrees,Same Sense,0.05004006624221802,5,3.888888889,6,6,0,405334016,EleutherAI/pythia-410m,step8,seed6,6,8
It was about associate degrees.,It was about college degrees.,degree,degrees,Same Sense,0.04677379131317139,6,3.888888889,6,6,0,405334016,EleutherAI/pythia-410m,step8,seed6,6,8
It was about associate degrees.,It was about college degrees.,degree,degrees,Same Sense,0.045533716678619385,7,3.888888889,6,6,0,405334016,EleutherAI/pythia-410m,step8,seed6,6,8
It was about associate degrees.,It was about college degrees.,degree,degrees,Same Sense,0.04437285661697388,8,3.888888889,6,6,0,405334016,EleutherAI/pythia-410m,step8,seed6,6,8
It was about associate degrees.,It was about college degrees.,degree,degrees,Same Sense,0.04387277364730835,9,3.888888889,6,6,0,405334016,EleutherAI/pythia-410m,step8,seed6,6,8
It was about associate degrees.,It was about college degrees.,degree,degrees,Same Sense,0.04326808452606201,10,3.888888889,6,6,0,405334016,EleutherAI/pythia-410m,step8,seed6,6,8
It was about associate degrees.,It was about college degrees.,degree,degrees,Same Sense,0.04141634702682495,11,3.888888889,6,6,0,405334016,EleutherAI/pythia-410m,step8,seed6,6,8
It was about associate degrees.,It was about college degrees.,degree,degrees,Same Sense,0.041425108909606934,12,3.888888889,6,6,0,405334016,EleutherAI/pythia-410m,step8,seed6,6,8
It was about associate degrees.,It was about college degrees.,degree,degrees,Same Sense,0.041723430156707764,13,3.888888889,6,6,0,405334016,EleutherAI/pythia-410m,step8,seed6,6,8
It was about associate degrees.,It was about college degrees.,degree,degrees,Same Sense,0.041834235191345215,14,3.888888889,6,6,0,405334016,EleutherAI/pythia-410m,step8,seed6,6,8
It was about associate degrees.,It was about college degrees.,degree,degrees,Same Sense,0.041926681995391846,15,3.888888889,6,6,0,405334016,EleutherAI/pythia-410m,step8,seed6,6,8
It was about associate degrees.,It was about college degrees.,degree,degrees,Same Sense,0.04145252704620361,16,3.888888889,6,6,0,405334016,EleutherAI/pythia-410m,step8,seed6,6,8
It was about associate degrees.,It was about college degrees.,degree,degrees,Same Sense,0.04009675979614258,17,3.888888889,6,6,0,405334016,EleutherAI/pythia-410m,step8,seed6,6,8
It was about associate degrees.,It was about college degrees.,degree,degrees,Same Sense,0.03994494676589966,18,3.888888889,6,6,0,405334016,EleutherAI/pythia-410m,step8,seed6,6,8
It was about associate degrees.,It was about college degrees.,degree,degrees,Same Sense,0.03776097297668457,19,3.888888889,6,6,0,405334016,EleutherAI/pythia-410m,step8,seed6,6,8
It was about associate degrees.,It was about college degrees.,degree,degrees,Same Sense,0.037374794483184814,20,3.888888889,6,6,0,405334016,EleutherAI/pythia-410m,step8,seed6,6,8
It was about associate degrees.,It was about college degrees.,degree,degrees,Same Sense,0.03711038827896118,21,3.888888889,6,6,0,405334016,EleutherAI/pythia-410m,step8,seed6,6,8
It was about associate degrees.,It was about college degrees.,degree,degrees,Same Sense,0.03639000654220581,22,3.888888889,6,6,0,405334016,EleutherAI/pythia-410m,step8,seed6,6,8
It was about associate degrees.,It was about college degrees.,degree,degrees,Same Sense,0.03545486927032471,23,3.888888889,6,6,0,405334016,EleutherAI/pythia-410m,step8,seed6,6,8
It was about associate degrees.,It was about college degrees.,degree,degrees,Same Sense,0.03484916687011719,24,3.888888889,6,6,0,405334016,EleutherAI/pythia-410m,step8,seed6,6,8
They liked the floral design.,They liked the product design.,design,design,Different Sense,0.0,0,2.888888889,6,6,0,405334016,EleutherAI/pythia-410m,step8,seed6,6,8
They liked the floral design.,They liked the product design.,design,design,Different Sense,0.027756929397583008,1,2.888888889,6,6,0,405334016,EleutherAI/pythia-410m,step8,seed6,6,8
They liked the floral design.,They liked the product design.,design,design,Different Sense,0.03752797842025757,2,2.888888889,6,6,0,405334016,EleutherAI/pythia-410m,step8,seed6,6,8
They liked the floral design.,They liked the product design.,design,design,Different Sense,0.03894627094268799,3,2.888888889,6,6,0,405334016,EleutherAI/pythia-410m,step8,seed6,6,8
They liked the floral design.,They liked the product design.,design,design,Different Sense,0.04107463359832764,4,2.888888889,6,6,0,405334016,EleutherAI/pythia-410m,step8,seed6,6,8
They liked the floral design.,They liked the product design.,design,design,Different Sense,0.042316436767578125,5,2.888888889,6,6,0,405334016,EleutherAI/pythia-410m,step8,seed6,6,8
They liked the floral design.,They liked the product design.,design,design,Different Sense,0.04488325119018555,6,2.888888889,6,6,0,405334016,EleutherAI/pythia-410m,step8,seed6,6,8
They liked the floral design.,They liked the product design.,design,design,Different Sense,0.04421740770339966,7,2.888888889,6,6,0,405334016,EleutherAI/pythia-410m,step8,seed6,6,8
They liked the floral design.,They liked the product design.,design,design,Different Sense,0.04247081279754639,8,2.888888889,6,6,0,405334016,EleutherAI/pythia-410m,step8,seed6,6,8
They liked the floral design.,They liked the product design.,design,design,Different Sense,0.040902674198150635,9,2.888888889,6,6,0,405334016,EleutherAI/pythia-410m,step8,seed6,6,8
They liked the floral design.,They liked the product design.,design,design,Different Sense,0.03969162702560425,10,2.888888889,6,6,0,405334016,EleutherAI/pythia-410m,step8,seed6,6,8
They liked the floral design.,They liked the product design.,design,design,Different Sense,0.039474308490753174,11,2.888888889,6,6,0,405334016,EleutherAI/pythia-410m,step8,seed6,6,8
They liked the floral design.,They liked the product design.,design,design,Different Sense,0.03925645351409912,12,2.888888889,6,6,0,405334016,EleutherAI/pythia-410m,step8,seed6,6,8
They liked the floral design.,They liked the product design.,design,design,Different Sense,0.03841155767440796,13,2.888888889,6,6,0,405334016,EleutherAI/pythia-410m,step8,seed6,6,8
They liked the floral design.,They liked the product design.,design,design,Different Sense,0.03712141513824463,14,2.888888889,6,6,0,405334016,EleutherAI/pythia-410m,step8,seed6,6,8
They liked the floral design.,They liked the product design.,design,design,Different Sense,0.03651320934295654,15,2.888888889,6,6,0,405334016,EleutherAI/pythia-410m,step8,seed6,6,8
They liked the floral design.,They liked the product design.,design,design,Different Sense,0.03513222932815552,16,2.888888889,6,6,0,405334016,EleutherAI/pythia-410m,step8,seed6,6,8
They liked the floral design.,They liked the product design.,design,design,Different Sense,0.034146130084991455,17,2.888888889,6,6,0,405334016,EleutherAI/pythia-410m,step8,seed6,6,8
They liked the floral design.,They liked the product design.,design,design,Different Sense,0.03232854604721069,18,2.888888889,6,6,0,405334016,EleutherAI/pythia-410m,step8,seed6,6,8
They liked the floral design.,They liked the product design.,design,design,Different Sense,0.032012999057769775,19,2.888888889,6,6,0,405334016,EleutherAI/pythia-410m,step8,seed6,6,8
They liked the floral design.,They liked the product design.,design,design,Different Sense,0.03260833024978638,20,2.888888889,6,6,0,405334016,EleutherAI/pythia-410m,step8,seed6,6,8
They liked the floral design.,They liked the product design.,design,design,Different Sense,0.03205305337905884,21,2.888888889,6,6,0,405334016,EleutherAI/pythia-410m,step8,seed6,6,8
They liked the floral design.,They liked the product design.,design,design,Different Sense,0.02970743179321289,22,2.888888889,6,6,0,405334016,EleutherAI/pythia-410m,step8,seed6,6,8
They liked the floral design.,They liked the product design.,design,design,Different Sense,0.028247416019439697,23,2.888888889,6,6,0,405334016,EleutherAI/pythia-410m,step8,seed6,6,8
They liked the floral design.,They liked the product design.,design,design,Different Sense,0.028194844722747803,24,2.888888889,6,6,0,405334016,EleutherAI/pythia-410m,step8,seed6,6,8
They liked the floral design.,They liked the architectural design.,design,design,Different Sense,0.0,0,3.75,6,6,0,405334016,EleutherAI/pythia-410m,step8,seed6,6,8
They liked the floral design.,They liked the architectural design.,design,design,Different Sense,0.023201823234558105,1,3.75,6,6,0,405334016,EleutherAI/pythia-410m,step8,seed6,6,8
They liked the floral design.,They liked the architectural design.,design,design,Different Sense,0.03208279609680176,2,3.75,6,6,0,405334016,EleutherAI/pythia-410m,step8,seed6,6,8
They liked the floral design.,They liked the architectural design.,design,design,Different Sense,0.03384804725646973,3,3.75,6,6,0,405334016,EleutherAI/pythia-410m,step8,seed6,6,8
They liked the floral design.,They liked the architectural design.,design,design,Different Sense,0.033061981201171875,4,3.75,6,6,0,405334016,EleutherAI/pythia-410m,step8,seed6,6,8
They liked the floral design.,They liked the architectural design.,design,design,Different Sense,0.03476738929748535,5,3.75,6,6,0,405334016,EleutherAI/pythia-410m,step8,seed6,6,8
They liked the floral design.,They liked the architectural design.,design,design,Different Sense,0.03710454702377319,6,3.75,6,6,0,405334016,EleutherAI/pythia-410m,step8,seed6,6,8
They liked the floral design.,They liked the architectural design.,design,design,Different Sense,0.03682374954223633,7,3.75,6,6,0,405334016,EleutherAI/pythia-410m,step8,seed6,6,8
They liked the floral design.,They liked the architectural design.,design,design,Different Sense,0.034973323345184326,8,3.75,6,6,0,405334016,EleutherAI/pythia-410m,step8,seed6,6,8
They liked the floral design.,They liked the architectural design.,design,design,Different Sense,0.034184396266937256,9,3.75,6,6,0,405334016,EleutherAI/pythia-410m,step8,seed6,6,8
They liked the floral design.,They liked the architectural design.,design,design,Different Sense,0.03410685062408447,10,3.75,6,6,0,405334016,EleutherAI/pythia-410m,step8,seed6,6,8
They liked the floral design.,They liked the architectural design.,design,design,Different Sense,0.03372454643249512,11,3.75,6,6,0,405334016,EleutherAI/pythia-410m,step8,seed6,6,8
They liked the floral design.,They liked the architectural design.,design,design,Different Sense,0.03354239463806152,12,3.75,6,6,0,405334016,EleutherAI/pythia-410m,step8,seed6,6,8
They liked the floral design.,They liked the architectural design.,design,design,Different Sense,0.03234541416168213,13,3.75,6,6,0,405334016,EleutherAI/pythia-410m,step8,seed6,6,8
They liked the floral design.,They liked the architectural design.,design,design,Different Sense,0.03251051902770996,14,3.75,6,6,0,405334016,EleutherAI/pythia-410m,step8,seed6,6,8
They liked the floral design.,They liked the architectural design.,design,design,Different Sense,0.03154569864273071,15,3.75,6,6,0,405334016,EleutherAI/pythia-410m,step8,seed6,6,8
They liked the floral design.,They liked the architectural design.,design,design,Different Sense,0.030195891857147217,16,3.75,6,6,0,405334016,EleutherAI/pythia-410m,step8,seed6,6,8
They liked the floral design.,They liked the architectural design.,design,design,Different Sense,0.029280900955200195,17,3.75,6,6,0,405334016,EleutherAI/pythia-410m,step8,seed6,6,8
They liked the floral design.,They liked the architectural design.,design,design,Different Sense,0.028192102909088135,18,3.75,6,6,0,405334016,EleutherAI/pythia-410m,step8,seed6,6,8
They liked the floral design.,They liked the architectural design.,design,design,Different Sense,0.027430295944213867,19,3.75,6,6,0,405334016,EleutherAI/pythia-410m,step8,seed6,6,8
They liked the floral design.,They liked the architectural design.,design,design,Different Sense,0.027550578117370605,20,3.75,6,6,0,405334016,EleutherAI/pythia-410m,step8,seed6,6,8
They liked the floral design.,They liked the architectural design.,design,design,Different Sense,0.027297556400299072,21,3.75,6,6,0,405334016,EleutherAI/pythia-410m,step8,seed6,6,8
They liked the floral design.,They liked the architectural design.,design,design,Different Sense,0.026190221309661865,22,3.75,6,6,0,405334016,EleutherAI/pythia-410m,step8,seed6,6,8
They liked the floral design.,They liked the architectural design.,design,design,Different Sense,0.025048017501831055,23,3.75,6,6,0,405334016,EleutherAI/pythia-410m,step8,seed6,6,8
They liked the floral design.,They liked the architectural design.,design,design,Different Sense,0.02470386028289795,24,3.75,6,6,0,405334016,EleutherAI/pythia-410m,step8,seed6,6,8
They liked the geometric design.,They liked the product design.,design,design,Different Sense,0.0,0,3.454545455,6,6,0,405334016,EleutherAI/pythia-410m,step8,seed6,6,8
They liked the geometric design.,They liked the product design.,design,design,Different Sense,0.025171339511871338,1,3.454545455,6,6,0,405334016,EleutherAI/pythia-410m,step8,seed6,6,8
They liked the geometric design.,They liked the product design.,design,design,Different Sense,0.03798317909240723,2,3.454545455,6,6,0,405334016,EleutherAI/pythia-410m,step8,seed6,6,8
They liked the geometric design.,They liked the product design.,design,design,Different Sense,0.04061692953109741,3,3.454545455,6,6,0,405334016,EleutherAI/pythia-410m,step8,seed6,6,8
They liked the geometric design.,They liked the product design.,design,design,Different Sense,0.04198634624481201,4,3.454545455,6,6,0,405334016,EleutherAI/pythia-410m,step8,seed6,6,8
They liked the geometric design.,They liked the product design.,design,design,Different Sense,0.04363572597503662,5,3.454545455,6,6,0,405334016,EleutherAI/pythia-410m,step8,seed6,6,8
They liked the geometric design.,They liked the product design.,design,design,Different Sense,0.04581928253173828,6,3.454545455,6,6,0,405334016,EleutherAI/pythia-410m,step8,seed6,6,8
They liked the geometric design.,They liked the product design.,design,design,Different Sense,0.04518765211105347,7,3.454545455,6,6,0,405334016,EleutherAI/pythia-410m,step8,seed6,6,8
They liked the geometric design.,They liked the product design.,design,design,Different Sense,0.04290705919265747,8,3.454545455,6,6,0,405334016,EleutherAI/pythia-410m,step8,seed6,6,8
They liked the geometric design.,They liked the product design.,design,design,Different Sense,0.042199015617370605,9,3.454545455,6,6,0,405334016,EleutherAI/pythia-410m,step8,seed6,6,8
They liked the geometric design.,They liked the product design.,design,design,Different Sense,0.04016566276550293,10,3.454545455,6,6,0,405334016,EleutherAI/pythia-410m,step8,seed6,6,8
They liked the geometric design.,They liked the product design.,design,design,Different Sense,0.03957939147949219,11,3.454545455,6,6,0,405334016,EleutherAI/pythia-410m,step8,seed6,6,8
They liked the geometric design.,They liked the product design.,design,design,Different Sense,0.040190160274505615,12,3.454545455,6,6,0,405334016,EleutherAI/pythia-410m,step8,seed6,6,8
They liked the geometric design.,They liked the product design.,design,design,Different Sense,0.0400843620300293,13,3.454545455,6,6,0,405334016,EleutherAI/pythia-410m,step8,seed6,6,8
They liked the geometric design.,They liked the product design.,design,design,Different Sense,0.03976011276245117,14,3.454545455,6,6,0,405334016,EleutherAI/pythia-410m,step8,seed6,6,8
They liked the geometric design.,They liked the product design.,design,design,Different Sense,0.04080605506896973,15,3.454545455,6,6,0,405334016,EleutherAI/pythia-410m,step8,seed6,6,8
They liked the geometric design.,They liked the product design.,design,design,Different Sense,0.03998827934265137,16,3.454545455,6,6,0,405334016,EleutherAI/pythia-410m,step8,seed6,6,8
They liked the geometric design.,They liked the product design.,design,design,Different Sense,0.039080679416656494,17,3.454545455,6,6,0,405334016,EleutherAI/pythia-410m,step8,seed6,6,8
They liked the geometric design.,They liked the product design.,design,design,Different Sense,0.03851318359375,18,3.454545455,6,6,0,405334016,EleutherAI/pythia-410m,step8,seed6,6,8
They liked the geometric design.,They liked the product design.,design,design,Different Sense,0.03854095935821533,19,3.454545455,6,6,0,405334016,EleutherAI/pythia-410m,step8,seed6,6,8
They liked the geometric design.,They liked the product design.,design,design,Different Sense,0.039281249046325684,20,3.454545455,6,6,0,405334016,EleutherAI/pythia-410m,step8,seed6,6,8
They liked the geometric design.,They liked the product design.,design,design,Different Sense,0.038446128368377686,21,3.454545455,6,6,0,405334016,EleutherAI/pythia-410m,step8,seed6,6,8
They liked the geometric design.,They liked the product design.,design,design,Different Sense,0.03628551959991455,22,3.454545455,6,6,0,405334016,EleutherAI/pythia-410m,step8,seed6,6,8
They liked the geometric design.,They liked the product design.,design,design,Different Sense,0.03471255302429199,23,3.454545455,6,6,0,405334016,EleutherAI/pythia-410m,step8,seed6,6,8
They liked the geometric design.,They liked the product design.,design,design,Different Sense,0.03462696075439453,24,3.454545455,6,6,0,405334016,EleutherAI/pythia-410m,step8,seed6,6,8
They liked the geometric design.,They liked the architectural design.,design,design,Different Sense,0.0,0,3.538461538,6,6,0,405334016,EleutherAI/pythia-410m,step8,seed6,6,8
They liked the geometric design.,They liked the architectural design.,design,design,Different Sense,0.02483457326889038,1,3.538461538,6,6,0,405334016,EleutherAI/pythia-410m,step8,seed6,6,8
They liked the geometric design.,They liked the architectural design.,design,design,Different Sense,0.03509169816970825,2,3.538461538,6,6,0,405334016,EleutherAI/pythia-410m,step8,seed6,6,8
They liked the geometric design.,They liked the architectural design.,design,design,Different Sense,0.03538215160369873,3,3.538461538,6,6,0,405334016,EleutherAI/pythia-410m,step8,seed6,6,8
They liked the geometric design.,They liked the architectural design.,design,design,Different Sense,0.03508716821670532,4,3.538461538,6,6,0,405334016,EleutherAI/pythia-410m,step8,seed6,6,8
They liked the geometric design.,They liked the architectural design.,design,design,Different Sense,0.03721266984939575,5,3.538461538,6,6,0,405334016,EleutherAI/pythia-410m,step8,seed6,6,8
They liked the geometric design.,They liked the architectural design.,design,design,Different Sense,0.03955203294754028,6,3.538461538,6,6,0,405334016,EleutherAI/pythia-410m,step8,seed6,6,8
They liked the geometric design.,They liked the architectural design.,design,design,Different Sense,0.03997904062271118,7,3.538461538,6,6,0,405334016,EleutherAI/pythia-410m,step8,seed6,6,8
They liked the geometric design.,They liked the architectural design.,design,design,Different Sense,0.04011893272399902,8,3.538461538,6,6,0,405334016,EleutherAI/pythia-410m,step8,seed6,6,8
They liked the geometric design.,They liked the architectural design.,design,design,Different Sense,0.038759052753448486,9,3.538461538,6,6,0,405334016,EleutherAI/pythia-410m,step8,seed6,6,8
They liked the geometric design.,They liked the architectural design.,design,design,Different Sense,0.039069294929504395,10,3.538461538,6,6,0,405334016,EleutherAI/pythia-410m,step8,seed6,6,8
They liked the geometric design.,They liked the architectural design.,design,design,Different Sense,0.03846132755279541,11,3.538461538,6,6,0,405334016,EleutherAI/pythia-410m,step8,seed6,6,8
They liked the geometric design.,They liked the architectural design.,design,design,Different Sense,0.03834998607635498,12,3.538461538,6,6,0,405334016,EleutherAI/pythia-410m,step8,seed6,6,8
They liked the geometric design.,They liked the architectural design.,design,design,Different Sense,0.037007033824920654,13,3.538461538,6,6,0,405334016,EleutherAI/pythia-410m,step8,seed6,6,8
They liked the geometric design.,They liked the architectural design.,design,design,Different Sense,0.03753197193145752,14,3.538461538,6,6,0,405334016,EleutherAI/pythia-410m,step8,seed6,6,8
They liked the geometric design.,They liked the architectural design.,design,design,Different Sense,0.038197875022888184,15,3.538461538,6,6,0,405334016,EleutherAI/pythia-410m,step8,seed6,6,8
They liked the geometric design.,They liked the architectural design.,design,design,Different Sense,0.0369911789894104,16,3.538461538,6,6,0,405334016,EleutherAI/pythia-410m,step8,seed6,6,8
They liked the geometric design.,They liked the architectural design.,design,design,Different Sense,0.036006391048431396,17,3.538461538,6,6,0,405334016,EleutherAI/pythia-410m,step8,seed6,6,8
They liked the geometric design.,They liked the architectural design.,design,design,Different Sense,0.03485739231109619,18,3.538461538,6,6,0,405334016,EleutherAI/pythia-410m,step8,seed6,6,8
They liked the geometric design.,They liked the architectural design.,design,design,Different Sense,0.03295022249221802,19,3.538461538,6,6,0,405334016,EleutherAI/pythia-410m,step8,seed6,6,8
They liked the geometric design.,They liked the architectural design.,design,design,Different Sense,0.03278845548629761,20,3.538461538,6,6,0,405334016,EleutherAI/pythia-410m,step8,seed6,6,8
They liked the geometric design.,They liked the architectural design.,design,design,Different Sense,0.031778037548065186,21,3.538461538,6,6,0,405334016,EleutherAI/pythia-410m,step8,seed6,6,8
They liked the geometric design.,They liked the architectural design.,design,design,Different Sense,0.030633389949798584,22,3.538461538,6,6,0,405334016,EleutherAI/pythia-410m,step8,seed6,6,8
They liked the geometric design.,They liked the architectural design.,design,design,Different Sense,0.02971029281616211,23,3.538461538,6,6,0,405334016,EleutherAI/pythia-410m,step8,seed6,6,8
They liked the geometric design.,They liked the architectural design.,design,design,Different Sense,0.029287993907928467,24,3.538461538,6,6,0,405334016,EleutherAI/pythia-410m,step8,seed6,6,8
They liked the floral design.,They liked the geometric design.,design,design,Same Sense,0.0,0,3.9,6,6,0,405334016,EleutherAI/pythia-410m,step8,seed6,6,8
They liked the floral design.,They liked the geometric design.,design,design,Same Sense,0.025068163871765137,1,3.9,6,6,0,405334016,EleutherAI/pythia-410m,step8,seed6,6,8
They liked the floral design.,They liked the geometric design.,design,design,Same Sense,0.03730583190917969,2,3.9,6,6,0,405334016,EleutherAI/pythia-410m,step8,seed6,6,8
They liked the floral design.,They liked the geometric design.,design,design,Same Sense,0.036048829555511475,3,3.9,6,6,0,405334016,EleutherAI/pythia-410m,step8,seed6,6,8
They liked the floral design.,They liked the geometric design.,design,design,Same Sense,0.03585118055343628,4,3.9,6,6,0,405334016,EleutherAI/pythia-410m,step8,seed6,6,8
They liked the floral design.,They liked the geometric design.,design,design,Same Sense,0.03659355640411377,5,3.9,6,6,0,405334016,EleutherAI/pythia-410m,step8,seed6,6,8
They liked the floral design.,They liked the geometric design.,design,design,Same Sense,0.039711833000183105,6,3.9,6,6,0,405334016,EleutherAI/pythia-410m,step8,seed6,6,8
They liked the floral design.,They liked the geometric design.,design,design,Same Sense,0.03933292627334595,7,3.9,6,6,0,405334016,EleutherAI/pythia-410m,step8,seed6,6,8
They liked the floral design.,They liked the geometric design.,design,design,Same Sense,0.03749638795852661,8,3.9,6,6,0,405334016,EleutherAI/pythia-410m,step8,seed6,6,8
They liked the floral design.,They liked the geometric design.,design,design,Same Sense,0.0367884635925293,9,3.9,6,6,0,405334016,EleutherAI/pythia-410m,step8,seed6,6,8
They liked the floral design.,They liked the geometric design.,design,design,Same Sense,0.037348389625549316,10,3.9,6,6,0,405334016,EleutherAI/pythia-410m,step8,seed6,6,8
They liked the floral design.,They liked the geometric design.,design,design,Same Sense,0.03626978397369385,11,3.9,6,6,0,405334016,EleutherAI/pythia-410m,step8,seed6,6,8
They liked the floral design.,They liked the geometric design.,design,design,Same Sense,0.03525763750076294,12,3.9,6,6,0,405334016,EleutherAI/pythia-410m,step8,seed6,6,8
They liked the floral design.,They liked the geometric design.,design,design,Same Sense,0.03390669822692871,13,3.9,6,6,0,405334016,EleutherAI/pythia-410m,step8,seed6,6,8
They liked the floral design.,They liked the geometric design.,design,design,Same Sense,0.03322625160217285,14,3.9,6,6,0,405334016,EleutherAI/pythia-410m,step8,seed6,6,8
They liked the floral design.,They liked the geometric design.,design,design,Same Sense,0.03388446569442749,15,3.9,6,6,0,405334016,EleutherAI/pythia-410m,step8,seed6,6,8
They liked the floral design.,They liked the geometric design.,design,design,Same Sense,0.03292924165725708,16,3.9,6,6,0,405334016,EleutherAI/pythia-410m,step8,seed6,6,8
They liked the floral design.,They liked the geometric design.,design,design,Same Sense,0.03281700611114502,17,3.9,6,6,0,405334016,EleutherAI/pythia-410m,step8,seed6,6,8
They liked the floral design.,They liked the geometric design.,design,design,Same Sense,0.03211867809295654,18,3.9,6,6,0,405334016,EleutherAI/pythia-410m,step8,seed6,6,8
They liked the floral design.,They liked the geometric design.,design,design,Same Sense,0.031037509441375732,19,3.9,6,6,0,405334016,EleutherAI/pythia-410m,step8,seed6,6,8
They liked the floral design.,They liked the geometric design.,design,design,Same Sense,0.03108954429626465,20,3.9,6,6,0,405334016,EleutherAI/pythia-410m,step8,seed6,6,8
They liked the floral design.,They liked the geometric design.,design,design,Same Sense,0.030586540699005127,21,3.9,6,6,0,405334016,EleutherAI/pythia-410m,step8,seed6,6,8
They liked the floral design.,They liked the geometric design.,design,design,Same Sense,0.029571056365966797,22,3.9,6,6,0,405334016,EleutherAI/pythia-410m,step8,seed6,6,8
They liked the floral design.,They liked the geometric design.,design,design,Same Sense,0.0284883975982666,23,3.9,6,6,0,405334016,EleutherAI/pythia-410m,step8,seed6,6,8
They liked the floral design.,They liked the geometric design.,design,design,Same Sense,0.028216660022735596,24,3.9,6,6,0,405334016,EleutherAI/pythia-410m,step8,seed6,6,8
They liked the product design.,They liked the architectural design.,design,design,Same Sense,0.0,0,3.5,6,6,0,405334016,EleutherAI/pythia-410m,step8,seed6,6,8
They liked the product design.,They liked the architectural design.,design,design,Same Sense,0.025516748428344727,1,3.5,6,6,0,405334016,EleutherAI/pythia-410m,step8,seed6,6,8
They liked the product design.,They liked the architectural design.,design,design,Same Sense,0.032928407192230225,2,3.5,6,6,0,405334016,EleutherAI/pythia-410m,step8,seed6,6,8
They liked the product design.,They liked the architectural design.,design,design,Same Sense,0.03518158197402954,3,3.5,6,6,0,405334016,EleutherAI/pythia-410m,step8,seed6,6,8
They liked the product design.,They liked the architectural design.,design,design,Same Sense,0.03676694631576538,4,3.5,6,6,0,405334016,EleutherAI/pythia-410m,step8,seed6,6,8
They liked the product design.,They liked the architectural design.,design,design,Same Sense,0.03877377510070801,5,3.5,6,6,0,405334016,EleutherAI/pythia-410m,step8,seed6,6,8
They liked the product design.,They liked the architectural design.,design,design,Same Sense,0.03989267349243164,6,3.5,6,6,0,405334016,EleutherAI/pythia-410m,step8,seed6,6,8
They liked the product design.,They liked the architectural design.,design,design,Same Sense,0.03981083631515503,7,3.5,6,6,0,405334016,EleutherAI/pythia-410m,step8,seed6,6,8
They liked the product design.,They liked the architectural design.,design,design,Same Sense,0.03822118043899536,8,3.5,6,6,0,405334016,EleutherAI/pythia-410m,step8,seed6,6,8
They liked the product design.,They liked the architectural design.,design,design,Same Sense,0.03632122278213501,9,3.5,6,6,0,405334016,EleutherAI/pythia-410m,step8,seed6,6,8
They liked the product design.,They liked the architectural design.,design,design,Same Sense,0.03558903932571411,10,3.5,6,6,0,405334016,EleutherAI/pythia-410m,step8,seed6,6,8
They liked the product design.,They liked the architectural design.,design,design,Same Sense,0.035299837589263916,11,3.5,6,6,0,405334016,EleutherAI/pythia-410m,step8,seed6,6,8
They liked the product design.,They liked the architectural design.,design,design,Same Sense,0.034916579723358154,12,3.5,6,6,0,405334016,EleutherAI/pythia-410m,step8,seed6,6,8
They liked the product design.,They liked the architectural design.,design,design,Same Sense,0.033646345138549805,13,3.5,6,6,0,405334016,EleutherAI/pythia-410m,step8,seed6,6,8
They liked the product design.,They liked the architectural design.,design,design,Same Sense,0.03427547216415405,14,3.5,6,6,0,405334016,EleutherAI/pythia-410m,step8,seed6,6,8
They liked the product design.,They liked the architectural design.,design,design,Same Sense,0.03421616554260254,15,3.5,6,6,0,405334016,EleutherAI/pythia-410m,step8,seed6,6,8
They liked the product design.,They liked the architectural design.,design,design,Same Sense,0.032411813735961914,16,3.5,6,6,0,405334016,EleutherAI/pythia-410m,step8,seed6,6,8
They liked the product design.,They liked the architectural design.,design,design,Same Sense,0.03145104646682739,17,3.5,6,6,0,405334016,EleutherAI/pythia-410m,step8,seed6,6,8
They liked the product design.,They liked the architectural design.,design,design,Same Sense,0.030770719051361084,18,3.5,6,6,0,405334016,EleutherAI/pythia-410m,step8,seed6,6,8
They liked the product design.,They liked the architectural design.,design,design,Same Sense,0.030581653118133545,19,3.5,6,6,0,405334016,EleutherAI/pythia-410m,step8,seed6,6,8
They liked the product design.,They liked the architectural design.,design,design,Same Sense,0.030751287937164307,20,3.5,6,6,0,405334016,EleutherAI/pythia-410m,step8,seed6,6,8
They liked the product design.,They liked the architectural design.,design,design,Same Sense,0.030761301517486572,21,3.5,6,6,0,405334016,EleutherAI/pythia-410m,step8,seed6,6,8
They liked the product design.,They liked the architectural design.,design,design,Same Sense,0.029518961906433105,22,3.5,6,6,0,405334016,EleutherAI/pythia-410m,step8,seed6,6,8
They liked the product design.,They liked the architectural design.,design,design,Same Sense,0.02838599681854248,23,3.5,6,6,0,405334016,EleutherAI/pythia-410m,step8,seed6,6,8
They liked the product design.,They liked the architectural design.,design,design,Same Sense,0.02834618091583252,24,3.5,6,6,0,405334016,EleutherAI/pythia-410m,step8,seed6,6,8
They liked the turkey dinner.,They liked the formal dinner.,dinner,dinner,Different Sense,0.0,0,3.75,6,6,0,405334016,EleutherAI/pythia-410m,step8,seed6,6,8
They liked the turkey dinner.,They liked the formal dinner.,dinner,dinner,Different Sense,0.021134257316589355,1,3.75,6,6,0,405334016,EleutherAI/pythia-410m,step8,seed6,6,8
They liked the turkey dinner.,They liked the formal dinner.,dinner,dinner,Different Sense,0.030288517475128174,2,3.75,6,6,0,405334016,EleutherAI/pythia-410m,step8,seed6,6,8
They liked the turkey dinner.,They liked the formal dinner.,dinner,dinner,Different Sense,0.04087620973587036,3,3.75,6,6,0,405334016,EleutherAI/pythia-410m,step8,seed6,6,8
They liked the turkey dinner.,They liked the formal dinner.,dinner,dinner,Different Sense,0.04180186986923218,4,3.75,6,6,0,405334016,EleutherAI/pythia-410m,step8,seed6,6,8
They liked the turkey dinner.,They liked the formal dinner.,dinner,dinner,Different Sense,0.047923922538757324,5,3.75,6,6,0,405334016,EleutherAI/pythia-410m,step8,seed6,6,8
They liked the turkey dinner.,They liked the formal dinner.,dinner,dinner,Different Sense,0.04818075895309448,6,3.75,6,6,0,405334016,EleutherAI/pythia-410m,step8,seed6,6,8
They liked the turkey dinner.,They liked the formal dinner.,dinner,dinner,Different Sense,0.050291240215301514,7,3.75,6,6,0,405334016,EleutherAI/pythia-410m,step8,seed6,6,8
They liked the turkey dinner.,They liked the formal dinner.,dinner,dinner,Different Sense,0.04825657606124878,8,3.75,6,6,0,405334016,EleutherAI/pythia-410m,step8,seed6,6,8
They liked the turkey dinner.,They liked the formal dinner.,dinner,dinner,Different Sense,0.045484304428100586,9,3.75,6,6,0,405334016,EleutherAI/pythia-410m,step8,seed6,6,8
They liked the turkey dinner.,They liked the formal dinner.,dinner,dinner,Different Sense,0.04463016986846924,10,3.75,6,6,0,405334016,EleutherAI/pythia-410m,step8,seed6,6,8
They liked the turkey dinner.,They liked the formal dinner.,dinner,dinner,Different Sense,0.04301643371582031,11,3.75,6,6,0,405334016,EleutherAI/pythia-410m,step8,seed6,6,8
They liked the turkey dinner.,They liked the formal dinner.,dinner,dinner,Different Sense,0.04318726062774658,12,3.75,6,6,0,405334016,EleutherAI/pythia-410m,step8,seed6,6,8
They liked the turkey dinner.,They liked the formal dinner.,dinner,dinner,Different Sense,0.041976213455200195,13,3.75,6,6,0,405334016,EleutherAI/pythia-410m,step8,seed6,6,8
They liked the turkey dinner.,They liked the formal dinner.,dinner,dinner,Different Sense,0.04154980182647705,14,3.75,6,6,0,405334016,EleutherAI/pythia-410m,step8,seed6,6,8
They liked the turkey dinner.,They liked the formal dinner.,dinner,dinner,Different Sense,0.04045218229293823,15,3.75,6,6,0,405334016,EleutherAI/pythia-410m,step8,seed6,6,8
They liked the turkey dinner.,They liked the formal dinner.,dinner,dinner,Different Sense,0.04020005464553833,16,3.75,6,6,0,405334016,EleutherAI/pythia-410m,step8,seed6,6,8
They liked the turkey dinner.,They liked the formal dinner.,dinner,dinner,Different Sense,0.03957951068878174,17,3.75,6,6,0,405334016,EleutherAI/pythia-410m,step8,seed6,6,8
They liked the turkey dinner.,They liked the formal dinner.,dinner,dinner,Different Sense,0.03860366344451904,18,3.75,6,6,0,405334016,EleutherAI/pythia-410m,step8,seed6,6,8
They liked the turkey dinner.,They liked the formal dinner.,dinner,dinner,Different Sense,0.03795987367630005,19,3.75,6,6,0,405334016,EleutherAI/pythia-410m,step8,seed6,6,8
They liked the turkey dinner.,They liked the formal dinner.,dinner,dinner,Different Sense,0.03830653429031372,20,3.75,6,6,0,405334016,EleutherAI/pythia-410m,step8,seed6,6,8
They liked the turkey dinner.,They liked the formal dinner.,dinner,dinner,Different Sense,0.037833988666534424,21,3.75,6,6,0,405334016,EleutherAI/pythia-410m,step8,seed6,6,8
They liked the turkey dinner.,They liked the formal dinner.,dinner,dinner,Different Sense,0.03676104545593262,22,3.75,6,6,0,405334016,EleutherAI/pythia-410m,step8,seed6,6,8
They liked the turkey dinner.,They liked the formal dinner.,dinner,dinner,Different Sense,0.037682414054870605,23,3.75,6,6,0,405334016,EleutherAI/pythia-410m,step8,seed6,6,8
They liked the turkey dinner.,They liked the formal dinner.,dinner,dinner,Different Sense,0.037034451961517334,24,3.75,6,6,0,405334016,EleutherAI/pythia-410m,step8,seed6,6,8
They liked the turkey dinner.,They liked the anniversary dinner.,dinner,dinner,Different Sense,0.0,0,3.733333333,6,6,0,405334016,EleutherAI/pythia-410m,step8,seed6,6,8
They liked the turkey dinner.,They liked the anniversary dinner.,dinner,dinner,Different Sense,0.01626640558242798,1,3.733333333,6,6,0,405334016,EleutherAI/pythia-410m,step8,seed6,6,8
They liked the turkey dinner.,They liked the anniversary dinner.,dinner,dinner,Different Sense,0.02499222755432129,2,3.733333333,6,6,0,405334016,EleutherAI/pythia-410m,step8,seed6,6,8
They liked the turkey dinner.,They liked the anniversary dinner.,dinner,dinner,Different Sense,0.029810726642608643,3,3.733333333,6,6,0,405334016,EleutherAI/pythia-410m,step8,seed6,6,8
They liked the turkey dinner.,They liked the anniversary dinner.,dinner,dinner,Different Sense,0.031483352184295654,4,3.733333333,6,6,0,405334016,EleutherAI/pythia-410m,step8,seed6,6,8
They liked the turkey dinner.,They liked the anniversary dinner.,dinner,dinner,Different Sense,0.035671770572662354,5,3.733333333,6,6,0,405334016,EleutherAI/pythia-410m,step8,seed6,6,8
They liked the turkey dinner.,They liked the anniversary dinner.,dinner,dinner,Different Sense,0.03678464889526367,6,3.733333333,6,6,0,405334016,EleutherAI/pythia-410m,step8,seed6,6,8
They liked the turkey dinner.,They liked the anniversary dinner.,dinner,dinner,Different Sense,0.03710484504699707,7,3.733333333,6,6,0,405334016,EleutherAI/pythia-410m,step8,seed6,6,8
They liked the turkey dinner.,They liked the anniversary dinner.,dinner,dinner,Different Sense,0.0363505482673645,8,3.733333333,6,6,0,405334016,EleutherAI/pythia-410m,step8,seed6,6,8
They liked the turkey dinner.,They liked the anniversary dinner.,dinner,dinner,Different Sense,0.03441739082336426,9,3.733333333,6,6,0,405334016,EleutherAI/pythia-410m,step8,seed6,6,8
They liked the turkey dinner.,They liked the anniversary dinner.,dinner,dinner,Different Sense,0.03354597091674805,10,3.733333333,6,6,0,405334016,EleutherAI/pythia-410m,step8,seed6,6,8
They liked the turkey dinner.,They liked the anniversary dinner.,dinner,dinner,Different Sense,0.03306448459625244,11,3.733333333,6,6,0,405334016,EleutherAI/pythia-410m,step8,seed6,6,8
They liked the turkey dinner.,They liked the anniversary dinner.,dinner,dinner,Different Sense,0.033125340938568115,12,3.733333333,6,6,0,405334016,EleutherAI/pythia-410m,step8,seed6,6,8
They liked the turkey dinner.,They liked the anniversary dinner.,dinner,dinner,Different Sense,0.031855106353759766,13,3.733333333,6,6,0,405334016,EleutherAI/pythia-410m,step8,seed6,6,8
They liked the turkey dinner.,They liked the anniversary dinner.,dinner,dinner,Different Sense,0.03185009956359863,14,3.733333333,6,6,0,405334016,EleutherAI/pythia-410m,step8,seed6,6,8
They liked the turkey dinner.,They liked the anniversary dinner.,dinner,dinner,Different Sense,0.032294273376464844,15,3.733333333,6,6,0,405334016,EleutherAI/pythia-410m,step8,seed6,6,8
They liked the turkey dinner.,They liked the anniversary dinner.,dinner,dinner,Different Sense,0.03185993432998657,16,3.733333333,6,6,0,405334016,EleutherAI/pythia-410m,step8,seed6,6,8
They liked the turkey dinner.,They liked the anniversary dinner.,dinner,dinner,Different Sense,0.03143590688705444,17,3.733333333,6,6,0,405334016,EleutherAI/pythia-410m,step8,seed6,6,8
They liked the turkey dinner.,They liked the anniversary dinner.,dinner,dinner,Different Sense,0.03004676103591919,18,3.733333333,6,6,0,405334016,EleutherAI/pythia-410m,step8,seed6,6,8
They liked the turkey dinner.,They liked the anniversary dinner.,dinner,dinner,Different Sense,0.029311835765838623,19,3.733333333,6,6,0,405334016,EleutherAI/pythia-410m,step8,seed6,6,8
They liked the turkey dinner.,They liked the anniversary dinner.,dinner,dinner,Different Sense,0.02929466962814331,20,3.733333333,6,6,0,405334016,EleutherAI/pythia-410m,step8,seed6,6,8
They liked the turkey dinner.,They liked the anniversary dinner.,dinner,dinner,Different Sense,0.028583824634552002,21,3.733333333,6,6,0,405334016,EleutherAI/pythia-410m,step8,seed6,6,8
They liked the turkey dinner.,They liked the anniversary dinner.,dinner,dinner,Different Sense,0.028008878231048584,22,3.733333333,6,6,0,405334016,EleutherAI/pythia-410m,step8,seed6,6,8
They liked the turkey dinner.,They liked the anniversary dinner.,dinner,dinner,Different Sense,0.028031527996063232,23,3.733333333,6,6,0,405334016,EleutherAI/pythia-410m,step8,seed6,6,8
They liked the turkey dinner.,They liked the anniversary dinner.,dinner,dinner,Different Sense,0.028042137622833252,24,3.733333333,6,6,0,405334016,EleutherAI/pythia-410m,step8,seed6,6,8
They liked the light dinner.,They liked the formal dinner.,dinner,dinner,Different Sense,0.0,0,3.454545455,6,6,0,405334016,EleutherAI/pythia-410m,step8,seed6,6,8
They liked the light dinner.,They liked the formal dinner.,dinner,dinner,Different Sense,0.018390417098999023,1,3.454545455,6,6,0,405334016,EleutherAI/pythia-410m,step8,seed6,6,8
They liked the light dinner.,They liked the formal dinner.,dinner,dinner,Different Sense,0.02692699432373047,2,3.454545455,6,6,0,405334016,EleutherAI/pythia-410m,step8,seed6,6,8
They liked the light dinner.,They liked the formal dinner.,dinner,dinner,Different Sense,0.03525996208190918,3,3.454545455,6,6,0,405334016,EleutherAI/pythia-410m,step8,seed6,6,8
They liked the light dinner.,They liked the formal dinner.,dinner,dinner,Different Sense,0.037777066230773926,4,3.454545455,6,6,0,405334016,EleutherAI/pythia-410m,step8,seed6,6,8
They liked the light dinner.,They liked the formal dinner.,dinner,dinner,Different Sense,0.04174160957336426,5,3.454545455,6,6,0,405334016,EleutherAI/pythia-410m,step8,seed6,6,8
They liked the light dinner.,They liked the formal dinner.,dinner,dinner,Different Sense,0.0429987907409668,6,3.454545455,6,6,0,405334016,EleutherAI/pythia-410m,step8,seed6,6,8
They liked the light dinner.,They liked the formal dinner.,dinner,dinner,Different Sense,0.042011916637420654,7,3.454545455,6,6,0,405334016,EleutherAI/pythia-410m,step8,seed6,6,8
They liked the light dinner.,They liked the formal dinner.,dinner,dinner,Different Sense,0.04030966758728027,8,3.454545455,6,6,0,405334016,EleutherAI/pythia-410m,step8,seed6,6,8
They liked the light dinner.,They liked the formal dinner.,dinner,dinner,Different Sense,0.03783214092254639,9,3.454545455,6,6,0,405334016,EleutherAI/pythia-410m,step8,seed6,6,8
They liked the light dinner.,They liked the formal dinner.,dinner,dinner,Different Sense,0.03727167844772339,10,3.454545455,6,6,0,405334016,EleutherAI/pythia-410m,step8,seed6,6,8
They liked the light dinner.,They liked the formal dinner.,dinner,dinner,Different Sense,0.03693479299545288,11,3.454545455,6,6,0,405334016,EleutherAI/pythia-410m,step8,seed6,6,8
They liked the light dinner.,They liked the formal dinner.,dinner,dinner,Different Sense,0.03674650192260742,12,3.454545455,6,6,0,405334016,EleutherAI/pythia-410m,step8,seed6,6,8
They liked the light dinner.,They liked the formal dinner.,dinner,dinner,Different Sense,0.03694838285446167,13,3.454545455,6,6,0,405334016,EleutherAI/pythia-410m,step8,seed6,6,8
They liked the light dinner.,They liked the formal dinner.,dinner,dinner,Different Sense,0.036490678787231445,14,3.454545455,6,6,0,405334016,EleutherAI/pythia-410m,step8,seed6,6,8
They liked the light dinner.,They liked the formal dinner.,dinner,dinner,Different Sense,0.03489786386489868,15,3.454545455,6,6,0,405334016,EleutherAI/pythia-410m,step8,seed6,6,8
They liked the light dinner.,They liked the formal dinner.,dinner,dinner,Different Sense,0.0339011549949646,16,3.454545455,6,6,0,405334016,EleutherAI/pythia-410m,step8,seed6,6,8
They liked the light dinner.,They liked the formal dinner.,dinner,dinner,Different Sense,0.03351414203643799,17,3.454545455,6,6,0,405334016,EleutherAI/pythia-410m,step8,seed6,6,8
They liked the light dinner.,They liked the formal dinner.,dinner,dinner,Different Sense,0.032731831073760986,18,3.454545455,6,6,0,405334016,EleutherAI/pythia-410m,step8,seed6,6,8
They liked the light dinner.,They liked the formal dinner.,dinner,dinner,Different Sense,0.031936824321746826,19,3.454545455,6,6,0,405334016,EleutherAI/pythia-410m,step8,seed6,6,8
They liked the light dinner.,They liked the formal dinner.,dinner,dinner,Different Sense,0.03218436241149902,20,3.454545455,6,6,0,405334016,EleutherAI/pythia-410m,step8,seed6,6,8
They liked the light dinner.,They liked the formal dinner.,dinner,dinner,Different Sense,0.03151029348373413,21,3.454545455,6,6,0,405334016,EleutherAI/pythia-410m,step8,seed6,6,8
They liked the light dinner.,They liked the formal dinner.,dinner,dinner,Different Sense,0.030542969703674316,22,3.454545455,6,6,0,405334016,EleutherAI/pythia-410m,step8,seed6,6,8
They liked the light dinner.,They liked the formal dinner.,dinner,dinner,Different Sense,0.0315822958946228,23,3.454545455,6,6,0,405334016,EleutherAI/pythia-410m,step8,seed6,6,8
They liked the light dinner.,They liked the formal dinner.,dinner,dinner,Different Sense,0.032115936279296875,24,3.454545455,6,6,0,405334016,EleutherAI/pythia-410m,step8,seed6,6,8
They liked the light dinner.,They liked the anniversary dinner.,dinner,dinner,Different Sense,0.0,0,3.846153846,6,6,0,405334016,EleutherAI/pythia-410m,step8,seed6,6,8
They liked the light dinner.,They liked the anniversary dinner.,dinner,dinner,Different Sense,0.014798998832702637,1,3.846153846,6,6,0,405334016,EleutherAI/pythia-410m,step8,seed6,6,8
They liked the light dinner.,They liked the anniversary dinner.,dinner,dinner,Different Sense,0.023019909858703613,2,3.846153846,6,6,0,405334016,EleutherAI/pythia-410m,step8,seed6,6,8
They liked the light dinner.,They liked the anniversary dinner.,dinner,dinner,Different Sense,0.028377950191497803,3,3.846153846,6,6,0,405334016,EleutherAI/pythia-410m,step8,seed6,6,8
They liked the light dinner.,They liked the anniversary dinner.,dinner,dinner,Different Sense,0.029589831829071045,4,3.846153846,6,6,0,405334016,EleutherAI/pythia-410m,step8,seed6,6,8
They liked the light dinner.,They liked the anniversary dinner.,dinner,dinner,Different Sense,0.03412419557571411,5,3.846153846,6,6,0,405334016,EleutherAI/pythia-410m,step8,seed6,6,8
They liked the light dinner.,They liked the anniversary dinner.,dinner,dinner,Different Sense,0.03357422351837158,6,3.846153846,6,6,0,405334016,EleutherAI/pythia-410m,step8,seed6,6,8
They liked the light dinner.,They liked the anniversary dinner.,dinner,dinner,Different Sense,0.033141374588012695,7,3.846153846,6,6,0,405334016,EleutherAI/pythia-410m,step8,seed6,6,8
They liked the light dinner.,They liked the anniversary dinner.,dinner,dinner,Different Sense,0.03289163112640381,8,3.846153846,6,6,0,405334016,EleutherAI/pythia-410m,step8,seed6,6,8
They liked the light dinner.,They liked the anniversary dinner.,dinner,dinner,Different Sense,0.030836641788482666,9,3.846153846,6,6,0,405334016,EleutherAI/pythia-410m,step8,seed6,6,8
They liked the light dinner.,They liked the anniversary dinner.,dinner,dinner,Different Sense,0.029458343982696533,10,3.846153846,6,6,0,405334016,EleutherAI/pythia-410m,step8,seed6,6,8
They liked the light dinner.,They liked the anniversary dinner.,dinner,dinner,Different Sense,0.029498577117919922,11,3.846153846,6,6,0,405334016,EleutherAI/pythia-410m,step8,seed6,6,8
They liked the light dinner.,They liked the anniversary dinner.,dinner,dinner,Different Sense,0.02979588508605957,12,3.846153846,6,6,0,405334016,EleutherAI/pythia-410m,step8,seed6,6,8
They liked the light dinner.,They liked the anniversary dinner.,dinner,dinner,Different Sense,0.02932107448577881,13,3.846153846,6,6,0,405334016,EleutherAI/pythia-410m,step8,seed6,6,8
They liked the light dinner.,They liked the anniversary dinner.,dinner,dinner,Different Sense,0.02822554111480713,14,3.846153846,6,6,0,405334016,EleutherAI/pythia-410m,step8,seed6,6,8
They liked the light dinner.,They liked the anniversary dinner.,dinner,dinner,Different Sense,0.029060184955596924,15,3.846153846,6,6,0,405334016,EleutherAI/pythia-410m,step8,seed6,6,8
They liked the light dinner.,They liked the anniversary dinner.,dinner,dinner,Different Sense,0.028880059719085693,16,3.846153846,6,6,0,405334016,EleutherAI/pythia-410m,step8,seed6,6,8
They liked the light dinner.,They liked the anniversary dinner.,dinner,dinner,Different Sense,0.028898775577545166,17,3.846153846,6,6,0,405334016,EleutherAI/pythia-410m,step8,seed6,6,8
They liked the light dinner.,They liked the anniversary dinner.,dinner,dinner,Different Sense,0.028308331966400146,18,3.846153846,6,6,0,405334016,EleutherAI/pythia-410m,step8,seed6,6,8
They liked the light dinner.,They liked the anniversary dinner.,dinner,dinner,Different Sense,0.028247058391571045,19,3.846153846,6,6,0,405334016,EleutherAI/pythia-410m,step8,seed6,6,8
They liked the light dinner.,They liked the anniversary dinner.,dinner,dinner,Different Sense,0.027855634689331055,20,3.846153846,6,6,0,405334016,EleutherAI/pythia-410m,step8,seed6,6,8
They liked the light dinner.,They liked the anniversary dinner.,dinner,dinner,Different Sense,0.027117788791656494,21,3.846153846,6,6,0,405334016,EleutherAI/pythia-410m,step8,seed6,6,8
They liked the light dinner.,They liked the anniversary dinner.,dinner,dinner,Different Sense,0.026459455490112305,22,3.846153846,6,6,0,405334016,EleutherAI/pythia-410m,step8,seed6,6,8
They liked the light dinner.,They liked the anniversary dinner.,dinner,dinner,Different Sense,0.026917576789855957,23,3.846153846,6,6,0,405334016,EleutherAI/pythia-410m,step8,seed6,6,8
They liked the light dinner.,They liked the anniversary dinner.,dinner,dinner,Different Sense,0.02665567398071289,24,3.846153846,6,6,0,405334016,EleutherAI/pythia-410m,step8,seed6,6,8
They liked the turkey dinner.,They liked the light dinner.,dinner,dinner,Same Sense,0.0,0,3.846153846,6,6,0,405334016,EleutherAI/pythia-410m,step8,seed6,6,8
They liked the turkey dinner.,They liked the light dinner.,dinner,dinner,Same Sense,0.01698780059814453,1,3.846153846,6,6,0,405334016,EleutherAI/pythia-410m,step8,seed6,6,8
They liked the turkey dinner.,They liked the light dinner.,dinner,dinner,Same Sense,0.0274621844291687,2,3.846153846,6,6,0,405334016,EleutherAI/pythia-410m,step8,seed6,6,8
They liked the turkey dinner.,They liked the light dinner.,dinner,dinner,Same Sense,0.03382152318954468,3,3.846153846,6,6,0,405334016,EleutherAI/pythia-410m,step8,seed6,6,8
They liked the turkey dinner.,They liked the light dinner.,dinner,dinner,Same Sense,0.035171568393707275,4,3.846153846,6,6,0,405334016,EleutherAI/pythia-410m,step8,seed6,6,8
They liked the turkey dinner.,They liked the light dinner.,dinner,dinner,Same Sense,0.04005908966064453,5,3.846153846,6,6,0,405334016,EleutherAI/pythia-410m,step8,seed6,6,8
They liked the turkey dinner.,They liked the light dinner.,dinner,dinner,Same Sense,0.04092985391616821,6,3.846153846,6,6,0,405334016,EleutherAI/pythia-410m,step8,seed6,6,8
They liked the turkey dinner.,They liked the light dinner.,dinner,dinner,Same Sense,0.04371601343154907,7,3.846153846,6,6,0,405334016,EleutherAI/pythia-410m,step8,seed6,6,8
They liked the turkey dinner.,They liked the light dinner.,dinner,dinner,Same Sense,0.04390275478363037,8,3.846153846,6,6,0,405334016,EleutherAI/pythia-410m,step8,seed6,6,8
They liked the turkey dinner.,They liked the light dinner.,dinner,dinner,Same Sense,0.04140597581863403,9,3.846153846,6,6,0,405334016,EleutherAI/pythia-410m,step8,seed6,6,8
They liked the turkey dinner.,They liked the light dinner.,dinner,dinner,Same Sense,0.04199105501174927,10,3.846153846,6,6,0,405334016,EleutherAI/pythia-410m,step8,seed6,6,8
They liked the turkey dinner.,They liked the light dinner.,dinner,dinner,Same Sense,0.040931105613708496,11,3.846153846,6,6,0,405334016,EleutherAI/pythia-410m,step8,seed6,6,8
They liked the turkey dinner.,They liked the light dinner.,dinner,dinner,Same Sense,0.04147297143936157,12,3.846153846,6,6,0,405334016,EleutherAI/pythia-410m,step8,seed6,6,8
They liked the turkey dinner.,They liked the light dinner.,dinner,dinner,Same Sense,0.040673911571502686,13,3.846153846,6,6,0,405334016,EleutherAI/pythia-410m,step8,seed6,6,8
They liked the turkey dinner.,They liked the light dinner.,dinner,dinner,Same Sense,0.039289236068725586,14,3.846153846,6,6,0,405334016,EleutherAI/pythia-410m,step8,seed6,6,8
They liked the turkey dinner.,They liked the light dinner.,dinner,dinner,Same Sense,0.03885328769683838,15,3.846153846,6,6,0,405334016,EleutherAI/pythia-410m,step8,seed6,6,8
They liked the turkey dinner.,They liked the light dinner.,dinner,dinner,Same Sense,0.03847223520278931,16,3.846153846,6,6,0,405334016,EleutherAI/pythia-410m,step8,seed6,6,8
They liked the turkey dinner.,They liked the light dinner.,dinner,dinner,Same Sense,0.03756439685821533,17,3.846153846,6,6,0,405334016,EleutherAI/pythia-410m,step8,seed6,6,8
They liked the turkey dinner.,They liked the light dinner.,dinner,dinner,Same Sense,0.03659743070602417,18,3.846153846,6,6,0,405334016,EleutherAI/pythia-410m,step8,seed6,6,8
They liked the turkey dinner.,They liked the light dinner.,dinner,dinner,Same Sense,0.03685116767883301,19,3.846153846,6,6,0,405334016,EleutherAI/pythia-410m,step8,seed6,6,8
They liked the turkey dinner.,They liked the light dinner.,dinner,dinner,Same Sense,0.03717750310897827,20,3.846153846,6,6,0,405334016,EleutherAI/pythia-410m,step8,seed6,6,8
They liked the turkey dinner.,They liked the light dinner.,dinner,dinner,Same Sense,0.03624069690704346,21,3.846153846,6,6,0,405334016,EleutherAI/pythia-410m,step8,seed6,6,8
They liked the turkey dinner.,They liked the light dinner.,dinner,dinner,Same Sense,0.03487426042556763,22,3.846153846,6,6,0,405334016,EleutherAI/pythia-410m,step8,seed6,6,8
They liked the turkey dinner.,They liked the light dinner.,dinner,dinner,Same Sense,0.03569471836090088,23,3.846153846,6,6,0,405334016,EleutherAI/pythia-410m,step8,seed6,6,8
They liked the turkey dinner.,They liked the light dinner.,dinner,dinner,Same Sense,0.035205185413360596,24,3.846153846,6,6,0,405334016,EleutherAI/pythia-410m,step8,seed6,6,8
They liked the formal dinner.,They liked the anniversary dinner.,dinner,dinner,Same Sense,0.0,0,3.923076923,6,6,0,405334016,EleutherAI/pythia-410m,step8,seed6,6,8
They liked the formal dinner.,They liked the anniversary dinner.,dinner,dinner,Same Sense,0.018826305866241455,1,3.923076923,6,6,0,405334016,EleutherAI/pythia-410m,step8,seed6,6,8
They liked the formal dinner.,They liked the anniversary dinner.,dinner,dinner,Same Sense,0.02765733003616333,2,3.923076923,6,6,0,405334016,EleutherAI/pythia-410m,step8,seed6,6,8
They liked the formal dinner.,They liked the anniversary dinner.,dinner,dinner,Same Sense,0.034551382064819336,3,3.923076923,6,6,0,405334016,EleutherAI/pythia-410m,step8,seed6,6,8
They liked the formal dinner.,They liked the anniversary dinner.,dinner,dinner,Same Sense,0.036709368228912354,4,3.923076923,6,6,0,405334016,EleutherAI/pythia-410m,step8,seed6,6,8
They liked the formal dinner.,They liked the anniversary dinner.,dinner,dinner,Same Sense,0.03955554962158203,5,3.923076923,6,6,0,405334016,EleutherAI/pythia-410m,step8,seed6,6,8
They liked the formal dinner.,They liked the anniversary dinner.,dinner,dinner,Same Sense,0.042591094970703125,6,3.923076923,6,6,0,405334016,EleutherAI/pythia-410m,step8,seed6,6,8
They liked the formal dinner.,They liked the anniversary dinner.,dinner,dinner,Same Sense,0.040786802768707275,7,3.923076923,6,6,0,405334016,EleutherAI/pythia-410m,step8,seed6,6,8
They liked the formal dinner.,They liked the anniversary dinner.,dinner,dinner,Same Sense,0.03976118564605713,8,3.923076923,6,6,0,405334016,EleutherAI/pythia-410m,step8,seed6,6,8
They liked the formal dinner.,They liked the anniversary dinner.,dinner,dinner,Same Sense,0.038382112979888916,9,3.923076923,6,6,0,405334016,EleutherAI/pythia-410m,step8,seed6,6,8
They liked the formal dinner.,They liked the anniversary dinner.,dinner,dinner,Same Sense,0.036440491676330566,10,3.923076923,6,6,0,405334016,EleutherAI/pythia-410m,step8,seed6,6,8
They liked the formal dinner.,They liked the anniversary dinner.,dinner,dinner,Same Sense,0.035318076610565186,11,3.923076923,6,6,0,405334016,EleutherAI/pythia-410m,step8,seed6,6,8
They liked the formal dinner.,They liked the anniversary dinner.,dinner,dinner,Same Sense,0.03441125154495239,12,3.923076923,6,6,0,405334016,EleutherAI/pythia-410m,step8,seed6,6,8
They liked the formal dinner.,They liked the anniversary dinner.,dinner,dinner,Same Sense,0.03433173894882202,13,3.923076923,6,6,0,405334016,EleutherAI/pythia-410m,step8,seed6,6,8
They liked the formal dinner.,They liked the anniversary dinner.,dinner,dinner,Same Sense,0.03434330224990845,14,3.923076923,6,6,0,405334016,EleutherAI/pythia-410m,step8,seed6,6,8
They liked the formal dinner.,They liked the anniversary dinner.,dinner,dinner,Same Sense,0.033631861209869385,15,3.923076923,6,6,0,405334016,EleutherAI/pythia-410m,step8,seed6,6,8
They liked the formal dinner.,They liked the anniversary dinner.,dinner,dinner,Same Sense,0.03321737051010132,16,3.923076923,6,6,0,405334016,EleutherAI/pythia-410m,step8,seed6,6,8
They liked the formal dinner.,They liked the anniversary dinner.,dinner,dinner,Same Sense,0.03282368183135986,17,3.923076923,6,6,0,405334016,EleutherAI/pythia-410m,step8,seed6,6,8
They liked the formal dinner.,They liked the anniversary dinner.,dinner,dinner,Same Sense,0.03173190355300903,18,3.923076923,6,6,0,405334016,EleutherAI/pythia-410m,step8,seed6,6,8
They liked the formal dinner.,They liked the anniversary dinner.,dinner,dinner,Same Sense,0.0313568115234375,19,3.923076923,6,6,0,405334016,EleutherAI/pythia-410m,step8,seed6,6,8
They liked the formal dinner.,They liked the anniversary dinner.,dinner,dinner,Same Sense,0.030989348888397217,20,3.923076923,6,6,0,405334016,EleutherAI/pythia-410m,step8,seed6,6,8
They liked the formal dinner.,They liked the anniversary dinner.,dinner,dinner,Same Sense,0.03050363063812256,21,3.923076923,6,6,0,405334016,EleutherAI/pythia-410m,step8,seed6,6,8
They liked the formal dinner.,They liked the anniversary dinner.,dinner,dinner,Same Sense,0.029617607593536377,22,3.923076923,6,6,0,405334016,EleutherAI/pythia-410m,step8,seed6,6,8
They liked the formal dinner.,They liked the anniversary dinner.,dinner,dinner,Same Sense,0.030406951904296875,23,3.923076923,6,6,0,405334016,EleutherAI/pythia-410m,step8,seed6,6,8
They liked the formal dinner.,They liked the anniversary dinner.,dinner,dinner,Same Sense,0.03068709373474121,24,3.923076923,6,6,0,405334016,EleutherAI/pythia-410m,step8,seed6,6,8
He had a recurring dream.,He had a childhood dream.,dream,dream,Different Sense,0.0,0,2.5,6,6,0,405334016,EleutherAI/pythia-410m,step8,seed6,6,8
He had a recurring dream.,He had a childhood dream.,dream,dream,Different Sense,0.026115715503692627,1,2.5,6,6,0,405334016,EleutherAI/pythia-410m,step8,seed6,6,8
He had a recurring dream.,He had a childhood dream.,dream,dream,Different Sense,0.03559231758117676,2,2.5,6,6,0,405334016,EleutherAI/pythia-410m,step8,seed6,6,8
He had a recurring dream.,He had a childhood dream.,dream,dream,Different Sense,0.0424310564994812,3,2.5,6,6,0,405334016,EleutherAI/pythia-410m,step8,seed6,6,8
He had a recurring dream.,He had a childhood dream.,dream,dream,Different Sense,0.04450178146362305,4,2.5,6,6,0,405334016,EleutherAI/pythia-410m,step8,seed6,6,8
He had a recurring dream.,He had a childhood dream.,dream,dream,Different Sense,0.048378705978393555,5,2.5,6,6,0,405334016,EleutherAI/pythia-410m,step8,seed6,6,8
He had a recurring dream.,He had a childhood dream.,dream,dream,Different Sense,0.04752969741821289,6,2.5,6,6,0,405334016,EleutherAI/pythia-410m,step8,seed6,6,8
He had a recurring dream.,He had a childhood dream.,dream,dream,Different Sense,0.044859886169433594,7,2.5,6,6,0,405334016,EleutherAI/pythia-410m,step8,seed6,6,8
He had a recurring dream.,He had a childhood dream.,dream,dream,Different Sense,0.04561340808868408,8,2.5,6,6,0,405334016,EleutherAI/pythia-410m,step8,seed6,6,8
He had a recurring dream.,He had a childhood dream.,dream,dream,Different Sense,0.045290589332580566,9,2.5,6,6,0,405334016,EleutherAI/pythia-410m,step8,seed6,6,8
He had a recurring dream.,He had a childhood dream.,dream,dream,Different Sense,0.048034489154815674,10,2.5,6,6,0,405334016,EleutherAI/pythia-410m,step8,seed6,6,8
He had a recurring dream.,He had a childhood dream.,dream,dream,Different Sense,0.048092663288116455,11,2.5,6,6,0,405334016,EleutherAI/pythia-410m,step8,seed6,6,8
He had a recurring dream.,He had a childhood dream.,dream,dream,Different Sense,0.04921442270278931,12,2.5,6,6,0,405334016,EleutherAI/pythia-410m,step8,seed6,6,8
He had a recurring dream.,He had a childhood dream.,dream,dream,Different Sense,0.050139665603637695,13,2.5,6,6,0,405334016,EleutherAI/pythia-410m,step8,seed6,6,8
He had a recurring dream.,He had a childhood dream.,dream,dream,Different Sense,0.04829329252243042,14,2.5,6,6,0,405334016,EleutherAI/pythia-410m,step8,seed6,6,8
He had a recurring dream.,He had a childhood dream.,dream,dream,Different Sense,0.04820305109024048,15,2.5,6,6,0,405334016,EleutherAI/pythia-410m,step8,seed6,6,8
He had a recurring dream.,He had a childhood dream.,dream,dream,Different Sense,0.04673677682876587,16,2.5,6,6,0,405334016,EleutherAI/pythia-410m,step8,seed6,6,8
He had a recurring dream.,He had a childhood dream.,dream,dream,Different Sense,0.04747307300567627,17,2.5,6,6,0,405334016,EleutherAI/pythia-410m,step8,seed6,6,8
He had a recurring dream.,He had a childhood dream.,dream,dream,Different Sense,0.045370638370513916,18,2.5,6,6,0,405334016,EleutherAI/pythia-410m,step8,seed6,6,8
He had a recurring dream.,He had a childhood dream.,dream,dream,Different Sense,0.042922377586364746,19,2.5,6,6,0,405334016,EleutherAI/pythia-410m,step8,seed6,6,8
He had a recurring dream.,He had a childhood dream.,dream,dream,Different Sense,0.04293745756149292,20,2.5,6,6,0,405334016,EleutherAI/pythia-410m,step8,seed6,6,8
He had a recurring dream.,He had a childhood dream.,dream,dream,Different Sense,0.042985498905181885,21,2.5,6,6,0,405334016,EleutherAI/pythia-410m,step8,seed6,6,8
He had a recurring dream.,He had a childhood dream.,dream,dream,Different Sense,0.04083049297332764,22,2.5,6,6,0,405334016,EleutherAI/pythia-410m,step8,seed6,6,8
He had a recurring dream.,He had a childhood dream.,dream,dream,Different Sense,0.03958922624588013,23,2.5,6,6,0,405334016,EleutherAI/pythia-410m,step8,seed6,6,8
He had a recurring dream.,He had a childhood dream.,dream,dream,Different Sense,0.038284361362457275,24,2.5,6,6,0,405334016,EleutherAI/pythia-410m,step8,seed6,6,8
He had a recurring dream.,He had a career dream.,dream,dream,Different Sense,0.0,0,1.764705882,6,6,0,405334016,EleutherAI/pythia-410m,step8,seed6,6,8
He had a recurring dream.,He had a career dream.,dream,dream,Different Sense,0.026518285274505615,1,1.764705882,6,6,0,405334016,EleutherAI/pythia-410m,step8,seed6,6,8
He had a recurring dream.,He had a career dream.,dream,dream,Different Sense,0.0357244610786438,2,1.764705882,6,6,0,405334016,EleutherAI/pythia-410m,step8,seed6,6,8
He had a recurring dream.,He had a career dream.,dream,dream,Different Sense,0.03980827331542969,3,1.764705882,6,6,0,405334016,EleutherAI/pythia-410m,step8,seed6,6,8
He had a recurring dream.,He had a career dream.,dream,dream,Different Sense,0.04179871082305908,4,1.764705882,6,6,0,405334016,EleutherAI/pythia-410m,step8,seed6,6,8
He had a recurring dream.,He had a career dream.,dream,dream,Different Sense,0.042941927909851074,5,1.764705882,6,6,0,405334016,EleutherAI/pythia-410m,step8,seed6,6,8
He had a recurring dream.,He had a career dream.,dream,dream,Different Sense,0.04206204414367676,6,1.764705882,6,6,0,405334016,EleutherAI/pythia-410m,step8,seed6,6,8
He had a recurring dream.,He had a career dream.,dream,dream,Different Sense,0.04080772399902344,7,1.764705882,6,6,0,405334016,EleutherAI/pythia-410m,step8,seed6,6,8
He had a recurring dream.,He had a career dream.,dream,dream,Different Sense,0.041910648345947266,8,1.764705882,6,6,0,405334016,EleutherAI/pythia-410m,step8,seed6,6,8
He had a recurring dream.,He had a career dream.,dream,dream,Different Sense,0.04086381196975708,9,1.764705882,6,6,0,405334016,EleutherAI/pythia-410m,step8,seed6,6,8
He had a recurring dream.,He had a career dream.,dream,dream,Different Sense,0.042308688163757324,10,1.764705882,6,6,0,405334016,EleutherAI/pythia-410m,step8,seed6,6,8
He had a recurring dream.,He had a career dream.,dream,dream,Different Sense,0.04074782133102417,11,1.764705882,6,6,0,405334016,EleutherAI/pythia-410m,step8,seed6,6,8
He had a recurring dream.,He had a career dream.,dream,dream,Different Sense,0.04073035717010498,12,1.764705882,6,6,0,405334016,EleutherAI/pythia-410m,step8,seed6,6,8
He had a recurring dream.,He had a career dream.,dream,dream,Different Sense,0.0419696569442749,13,1.764705882,6,6,0,405334016,EleutherAI/pythia-410m,step8,seed6,6,8
He had a recurring dream.,He had a career dream.,dream,dream,Different Sense,0.0410800576210022,14,1.764705882,6,6,0,405334016,EleutherAI/pythia-410m,step8,seed6,6,8
He had a recurring dream.,He had a career dream.,dream,dream,Different Sense,0.04129147529602051,15,1.764705882,6,6,0,405334016,EleutherAI/pythia-410m,step8,seed6,6,8
He had a recurring dream.,He had a career dream.,dream,dream,Different Sense,0.04010128974914551,16,1.764705882,6,6,0,405334016,EleutherAI/pythia-410m,step8,seed6,6,8
He had a recurring dream.,He had a career dream.,dream,dream,Different Sense,0.040334880352020264,17,1.764705882,6,6,0,405334016,EleutherAI/pythia-410m,step8,seed6,6,8
He had a recurring dream.,He had a career dream.,dream,dream,Different Sense,0.03971397876739502,18,1.764705882,6,6,0,405334016,EleutherAI/pythia-410m,step8,seed6,6,8
He had a recurring dream.,He had a career dream.,dream,dream,Different Sense,0.0384291410446167,19,1.764705882,6,6,0,405334016,EleutherAI/pythia-410m,step8,seed6,6,8
He had a recurring dream.,He had a career dream.,dream,dream,Different Sense,0.0385625958442688,20,1.764705882,6,6,0,405334016,EleutherAI/pythia-410m,step8,seed6,6,8
He had a recurring dream.,He had a career dream.,dream,dream,Different Sense,0.0385897159576416,21,1.764705882,6,6,0,405334016,EleutherAI/pythia-410m,step8,seed6,6,8
He had a recurring dream.,He had a career dream.,dream,dream,Different Sense,0.03695499897003174,22,1.764705882,6,6,0,405334016,EleutherAI/pythia-410m,step8,seed6,6,8
He had a recurring dream.,He had a career dream.,dream,dream,Different Sense,0.03621172904968262,23,1.764705882,6,6,0,405334016,EleutherAI/pythia-410m,step8,seed6,6,8
He had a recurring dream.,He had a career dream.,dream,dream,Different Sense,0.03498721122741699,24,1.764705882,6,6,0,405334016,EleutherAI/pythia-410m,step8,seed6,6,8
He had a bad dream.,He had a childhood dream.,dream,dream,Different Sense,0.0,0,1.888888889,6,6,0,405334016,EleutherAI/pythia-410m,step8,seed6,6,8
He had a bad dream.,He had a childhood dream.,dream,dream,Different Sense,0.03273111581802368,1,1.888888889,6,6,0,405334016,EleutherAI/pythia-410m,step8,seed6,6,8
He had a bad dream.,He had a childhood dream.,dream,dream,Different Sense,0.044457197189331055,2,1.888888889,6,6,0,405334016,EleutherAI/pythia-410m,step8,seed6,6,8
He had a bad dream.,He had a childhood dream.,dream,dream,Different Sense,0.050679147243499756,3,1.888888889,6,6,0,405334016,EleutherAI/pythia-410m,step8,seed6,6,8
He had a bad dream.,He had a childhood dream.,dream,dream,Different Sense,0.052652597427368164,4,1.888888889,6,6,0,405334016,EleutherAI/pythia-410m,step8,seed6,6,8
He had a bad dream.,He had a childhood dream.,dream,dream,Different Sense,0.05508333444595337,5,1.888888889,6,6,0,405334016,EleutherAI/pythia-410m,step8,seed6,6,8
He had a bad dream.,He had a childhood dream.,dream,dream,Different Sense,0.05451691150665283,6,1.888888889,6,6,0,405334016,EleutherAI/pythia-410m,step8,seed6,6,8
He had a bad dream.,He had a childhood dream.,dream,dream,Different Sense,0.05169224739074707,7,1.888888889,6,6,0,405334016,EleutherAI/pythia-410m,step8,seed6,6,8
He had a bad dream.,He had a childhood dream.,dream,dream,Different Sense,0.049985408782958984,8,1.888888889,6,6,0,405334016,EleutherAI/pythia-410m,step8,seed6,6,8
He had a bad dream.,He had a childhood dream.,dream,dream,Different Sense,0.05039262771606445,9,1.888888889,6,6,0,405334016,EleutherAI/pythia-410m,step8,seed6,6,8
He had a bad dream.,He had a childhood dream.,dream,dream,Different Sense,0.052287757396698,10,1.888888889,6,6,0,405334016,EleutherAI/pythia-410m,step8,seed6,6,8
He had a bad dream.,He had a childhood dream.,dream,dream,Different Sense,0.050919413566589355,11,1.888888889,6,6,0,405334016,EleutherAI/pythia-410m,step8,seed6,6,8
He had a bad dream.,He had a childhood dream.,dream,dream,Different Sense,0.053741633892059326,12,1.888888889,6,6,0,405334016,EleutherAI/pythia-410m,step8,seed6,6,8
He had a bad dream.,He had a childhood dream.,dream,dream,Different Sense,0.05430668592453003,13,1.888888889,6,6,0,405334016,EleutherAI/pythia-410m,step8,seed6,6,8
He had a bad dream.,He had a childhood dream.,dream,dream,Different Sense,0.05342245101928711,14,1.888888889,6,6,0,405334016,EleutherAI/pythia-410m,step8,seed6,6,8
He had a bad dream.,He had a childhood dream.,dream,dream,Different Sense,0.05322176218032837,15,1.888888889,6,6,0,405334016,EleutherAI/pythia-410m,step8,seed6,6,8
He had a bad dream.,He had a childhood dream.,dream,dream,Different Sense,0.05116814374923706,16,1.888888889,6,6,0,405334016,EleutherAI/pythia-410m,step8,seed6,6,8
He had a bad dream.,He had a childhood dream.,dream,dream,Different Sense,0.05186682939529419,17,1.888888889,6,6,0,405334016,EleutherAI/pythia-410m,step8,seed6,6,8
He had a bad dream.,He had a childhood dream.,dream,dream,Different Sense,0.04978799819946289,18,1.888888889,6,6,0,405334016,EleutherAI/pythia-410m,step8,seed6,6,8
He had a bad dream.,He had a childhood dream.,dream,dream,Different Sense,0.04855412244796753,19,1.888888889,6,6,0,405334016,EleutherAI/pythia-410m,step8,seed6,6,8
He had a bad dream.,He had a childhood dream.,dream,dream,Different Sense,0.049205660820007324,20,1.888888889,6,6,0,405334016,EleutherAI/pythia-410m,step8,seed6,6,8
He had a bad dream.,He had a childhood dream.,dream,dream,Different Sense,0.04868680238723755,21,1.888888889,6,6,0,405334016,EleutherAI/pythia-410m,step8,seed6,6,8
He had a bad dream.,He had a childhood dream.,dream,dream,Different Sense,0.046142637729644775,22,1.888888889,6,6,0,405334016,EleutherAI/pythia-410m,step8,seed6,6,8
He had a bad dream.,He had a childhood dream.,dream,dream,Different Sense,0.04564422369003296,23,1.888888889,6,6,0,405334016,EleutherAI/pythia-410m,step8,seed6,6,8
He had a bad dream.,He had a childhood dream.,dream,dream,Different Sense,0.04392290115356445,24,1.888888889,6,6,0,405334016,EleutherAI/pythia-410m,step8,seed6,6,8
He had a bad dream.,He had a career dream.,dream,dream,Different Sense,0.0,0,1.777777778,6,6,0,405334016,EleutherAI/pythia-410m,step8,seed6,6,8
He had a bad dream.,He had a career dream.,dream,dream,Different Sense,0.030674457550048828,1,1.777777778,6,6,0,405334016,EleutherAI/pythia-410m,step8,seed6,6,8
He had a bad dream.,He had a career dream.,dream,dream,Different Sense,0.039553701877593994,2,1.777777778,6,6,0,405334016,EleutherAI/pythia-410m,step8,seed6,6,8
He had a bad dream.,He had a career dream.,dream,dream,Different Sense,0.04434090852737427,3,1.777777778,6,6,0,405334016,EleutherAI/pythia-410m,step8,seed6,6,8
He had a bad dream.,He had a career dream.,dream,dream,Different Sense,0.045307934284210205,4,1.777777778,6,6,0,405334016,EleutherAI/pythia-410m,step8,seed6,6,8
He had a bad dream.,He had a career dream.,dream,dream,Different Sense,0.04654085636138916,5,1.777777778,6,6,0,405334016,EleutherAI/pythia-410m,step8,seed6,6,8
He had a bad dream.,He had a career dream.,dream,dream,Different Sense,0.04519665241241455,6,1.777777778,6,6,0,405334016,EleutherAI/pythia-410m,step8,seed6,6,8
He had a bad dream.,He had a career dream.,dream,dream,Different Sense,0.042445361614227295,7,1.777777778,6,6,0,405334016,EleutherAI/pythia-410m,step8,seed6,6,8
He had a bad dream.,He had a career dream.,dream,dream,Different Sense,0.04248148202896118,8,1.777777778,6,6,0,405334016,EleutherAI/pythia-410m,step8,seed6,6,8
He had a bad dream.,He had a career dream.,dream,dream,Different Sense,0.04083251953125,9,1.777777778,6,6,0,405334016,EleutherAI/pythia-410m,step8,seed6,6,8
He had a bad dream.,He had a career dream.,dream,dream,Different Sense,0.04038870334625244,10,1.777777778,6,6,0,405334016,EleutherAI/pythia-410m,step8,seed6,6,8
He had a bad dream.,He had a career dream.,dream,dream,Different Sense,0.03940463066101074,11,1.777777778,6,6,0,405334016,EleutherAI/pythia-410m,step8,seed6,6,8
He had a bad dream.,He had a career dream.,dream,dream,Different Sense,0.040729641914367676,12,1.777777778,6,6,0,405334016,EleutherAI/pythia-410m,step8,seed6,6,8
He had a bad dream.,He had a career dream.,dream,dream,Different Sense,0.04176318645477295,13,1.777777778,6,6,0,405334016,EleutherAI/pythia-410m,step8,seed6,6,8
He had a bad dream.,He had a career dream.,dream,dream,Different Sense,0.04110586643218994,14,1.777777778,6,6,0,405334016,EleutherAI/pythia-410m,step8,seed6,6,8
He had a bad dream.,He had a career dream.,dream,dream,Different Sense,0.0405542254447937,15,1.777777778,6,6,0,405334016,EleutherAI/pythia-410m,step8,seed6,6,8
He had a bad dream.,He had a career dream.,dream,dream,Different Sense,0.03858637809753418,16,1.777777778,6,6,0,405334016,EleutherAI/pythia-410m,step8,seed6,6,8
He had a bad dream.,He had a career dream.,dream,dream,Different Sense,0.03937172889709473,17,1.777777778,6,6,0,405334016,EleutherAI/pythia-410m,step8,seed6,6,8
He had a bad dream.,He had a career dream.,dream,dream,Different Sense,0.03916651010513306,18,1.777777778,6,6,0,405334016,EleutherAI/pythia-410m,step8,seed6,6,8
He had a bad dream.,He had a career dream.,dream,dream,Different Sense,0.03730499744415283,19,1.777777778,6,6,0,405334016,EleutherAI/pythia-410m,step8,seed6,6,8
He had a bad dream.,He had a career dream.,dream,dream,Different Sense,0.03714418411254883,20,1.777777778,6,6,0,405334016,EleutherAI/pythia-410m,step8,seed6,6,8
He had a bad dream.,He had a career dream.,dream,dream,Different Sense,0.03700143098831177,21,1.777777778,6,6,0,405334016,EleutherAI/pythia-410m,step8,seed6,6,8
He had a bad dream.,He had a career dream.,dream,dream,Different Sense,0.03567469120025635,22,1.777777778,6,6,0,405334016,EleutherAI/pythia-410m,step8,seed6,6,8
He had a bad dream.,He had a career dream.,dream,dream,Different Sense,0.03472417593002319,23,1.777777778,6,6,0,405334016,EleutherAI/pythia-410m,step8,seed6,6,8
He had a bad dream.,He had a career dream.,dream,dream,Different Sense,0.034109294414520264,24,1.777777778,6,6,0,405334016,EleutherAI/pythia-410m,step8,seed6,6,8
He had a recurring dream.,He had a bad dream.,dream,dream,Same Sense,0.0,0,4.0,6,6,0,405334016,EleutherAI/pythia-410m,step8,seed6,6,8
He had a recurring dream.,He had a bad dream.,dream,dream,Same Sense,0.0285528302192688,1,4.0,6,6,0,405334016,EleutherAI/pythia-410m,step8,seed6,6,8
He had a recurring dream.,He had a bad dream.,dream,dream,Same Sense,0.036765098571777344,2,4.0,6,6,0,405334016,EleutherAI/pythia-410m,step8,seed6,6,8
He had a recurring dream.,He had a bad dream.,dream,dream,Same Sense,0.04176813364028931,3,4.0,6,6,0,405334016,EleutherAI/pythia-410m,step8,seed6,6,8
He had a recurring dream.,He had a bad dream.,dream,dream,Same Sense,0.042926132678985596,4,4.0,6,6,0,405334016,EleutherAI/pythia-410m,step8,seed6,6,8
He had a recurring dream.,He had a bad dream.,dream,dream,Same Sense,0.04445534944534302,5,4.0,6,6,0,405334016,EleutherAI/pythia-410m,step8,seed6,6,8
He had a recurring dream.,He had a bad dream.,dream,dream,Same Sense,0.0444682240486145,6,4.0,6,6,0,405334016,EleutherAI/pythia-410m,step8,seed6,6,8
He had a recurring dream.,He had a bad dream.,dream,dream,Same Sense,0.04265332221984863,7,4.0,6,6,0,405334016,EleutherAI/pythia-410m,step8,seed6,6,8
He had a recurring dream.,He had a bad dream.,dream,dream,Same Sense,0.04239857196807861,8,4.0,6,6,0,405334016,EleutherAI/pythia-410m,step8,seed6,6,8
He had a recurring dream.,He had a bad dream.,dream,dream,Same Sense,0.04085749387741089,9,4.0,6,6,0,405334016,EleutherAI/pythia-410m,step8,seed6,6,8
He had a recurring dream.,He had a bad dream.,dream,dream,Same Sense,0.042183756828308105,10,4.0,6,6,0,405334016,EleutherAI/pythia-410m,step8,seed6,6,8
He had a recurring dream.,He had a bad dream.,dream,dream,Same Sense,0.042541682720184326,11,4.0,6,6,0,405334016,EleutherAI/pythia-410m,step8,seed6,6,8
He had a recurring dream.,He had a bad dream.,dream,dream,Same Sense,0.04413098096847534,12,4.0,6,6,0,405334016,EleutherAI/pythia-410m,step8,seed6,6,8
He had a recurring dream.,He had a bad dream.,dream,dream,Same Sense,0.045155465602874756,13,4.0,6,6,0,405334016,EleutherAI/pythia-410m,step8,seed6,6,8
He had a recurring dream.,He had a bad dream.,dream,dream,Same Sense,0.04295456409454346,14,4.0,6,6,0,405334016,EleutherAI/pythia-410m,step8,seed6,6,8
He had a recurring dream.,He had a bad dream.,dream,dream,Same Sense,0.04317581653594971,15,4.0,6,6,0,405334016,EleutherAI/pythia-410m,step8,seed6,6,8
He had a recurring dream.,He had a bad dream.,dream,dream,Same Sense,0.04237234592437744,16,4.0,6,6,0,405334016,EleutherAI/pythia-410m,step8,seed6,6,8
He had a recurring dream.,He had a bad dream.,dream,dream,Same Sense,0.04242044687271118,17,4.0,6,6,0,405334016,EleutherAI/pythia-410m,step8,seed6,6,8
He had a recurring dream.,He had a bad dream.,dream,dream,Same Sense,0.0406913161277771,18,4.0,6,6,0,405334016,EleutherAI/pythia-410m,step8,seed6,6,8
He had a recurring dream.,He had a bad dream.,dream,dream,Same Sense,0.0386425256729126,19,4.0,6,6,0,405334016,EleutherAI/pythia-410m,step8,seed6,6,8
He had a recurring dream.,He had a bad dream.,dream,dream,Same Sense,0.037533342838287354,20,4.0,6,6,0,405334016,EleutherAI/pythia-410m,step8,seed6,6,8
He had a recurring dream.,He had a bad dream.,dream,dream,Same Sense,0.037010908126831055,21,4.0,6,6,0,405334016,EleutherAI/pythia-410m,step8,seed6,6,8
He had a recurring dream.,He had a bad dream.,dream,dream,Same Sense,0.03564578294754028,22,4.0,6,6,0,405334016,EleutherAI/pythia-410m,step8,seed6,6,8
He had a recurring dream.,He had a bad dream.,dream,dream,Same Sense,0.03503131866455078,23,4.0,6,6,0,405334016,EleutherAI/pythia-410m,step8,seed6,6,8
He had a recurring dream.,He had a bad dream.,dream,dream,Same Sense,0.034394145011901855,24,4.0,6,6,0,405334016,EleutherAI/pythia-410m,step8,seed6,6,8
He had a childhood dream.,He had a career dream.,dream,dream,Same Sense,0.0,0,3.421052632,6,6,0,405334016,EleutherAI/pythia-410m,step8,seed6,6,8
He had a childhood dream.,He had a career dream.,dream,dream,Same Sense,0.022147059440612793,1,3.421052632,6,6,0,405334016,EleutherAI/pythia-410m,step8,seed6,6,8
He had a childhood dream.,He had a career dream.,dream,dream,Same Sense,0.032558321952819824,2,3.421052632,6,6,0,405334016,EleutherAI/pythia-410m,step8,seed6,6,8
He had a childhood dream.,He had a career dream.,dream,dream,Same Sense,0.037326276302337646,3,3.421052632,6,6,0,405334016,EleutherAI/pythia-410m,step8,seed6,6,8
He had a childhood dream.,He had a career dream.,dream,dream,Same Sense,0.03865838050842285,4,3.421052632,6,6,0,405334016,EleutherAI/pythia-410m,step8,seed6,6,8
He had a childhood dream.,He had a career dream.,dream,dream,Same Sense,0.03971600532531738,5,3.421052632,6,6,0,405334016,EleutherAI/pythia-410m,step8,seed6,6,8
He had a childhood dream.,He had a career dream.,dream,dream,Same Sense,0.03894096612930298,6,3.421052632,6,6,0,405334016,EleutherAI/pythia-410m,step8,seed6,6,8
He had a childhood dream.,He had a career dream.,dream,dream,Same Sense,0.036518871784210205,7,3.421052632,6,6,0,405334016,EleutherAI/pythia-410m,step8,seed6,6,8
He had a childhood dream.,He had a career dream.,dream,dream,Same Sense,0.03827667236328125,8,3.421052632,6,6,0,405334016,EleutherAI/pythia-410m,step8,seed6,6,8
He had a childhood dream.,He had a career dream.,dream,dream,Same Sense,0.03902256488800049,9,3.421052632,6,6,0,405334016,EleutherAI/pythia-410m,step8,seed6,6,8
He had a childhood dream.,He had a career dream.,dream,dream,Same Sense,0.039781391620635986,10,3.421052632,6,6,0,405334016,EleutherAI/pythia-410m,step8,seed6,6,8
He had a childhood dream.,He had a career dream.,dream,dream,Same Sense,0.039438843727111816,11,3.421052632,6,6,0,405334016,EleutherAI/pythia-410m,step8,seed6,6,8
He had a childhood dream.,He had a career dream.,dream,dream,Same Sense,0.040303707122802734,12,3.421052632,6,6,0,405334016,EleutherAI/pythia-410m,step8,seed6,6,8
He had a childhood dream.,He had a career dream.,dream,dream,Same Sense,0.0407719612121582,13,3.421052632,6,6,0,405334016,EleutherAI/pythia-410m,step8,seed6,6,8
He had a childhood dream.,He had a career dream.,dream,dream,Same Sense,0.04040217399597168,14,3.421052632,6,6,0,405334016,EleutherAI/pythia-410m,step8,seed6,6,8
He had a childhood dream.,He had a career dream.,dream,dream,Same Sense,0.03969430923461914,15,3.421052632,6,6,0,405334016,EleutherAI/pythia-410m,step8,seed6,6,8
He had a childhood dream.,He had a career dream.,dream,dream,Same Sense,0.03824740648269653,16,3.421052632,6,6,0,405334016,EleutherAI/pythia-410m,step8,seed6,6,8
He had a childhood dream.,He had a career dream.,dream,dream,Same Sense,0.03777545690536499,17,3.421052632,6,6,0,405334016,EleutherAI/pythia-410m,step8,seed6,6,8
He had a childhood dream.,He had a career dream.,dream,dream,Same Sense,0.03697711229324341,18,3.421052632,6,6,0,405334016,EleutherAI/pythia-410m,step8,seed6,6,8
He had a childhood dream.,He had a career dream.,dream,dream,Same Sense,0.035512685775756836,19,3.421052632,6,6,0,405334016,EleutherAI/pythia-410m,step8,seed6,6,8
He had a childhood dream.,He had a career dream.,dream,dream,Same Sense,0.03543347120285034,20,3.421052632,6,6,0,405334016,EleutherAI/pythia-410m,step8,seed6,6,8
He had a childhood dream.,He had a career dream.,dream,dream,Same Sense,0.03587508201599121,21,3.421052632,6,6,0,405334016,EleutherAI/pythia-410m,step8,seed6,6,8
He had a childhood dream.,He had a career dream.,dream,dream,Same Sense,0.033847928047180176,22,3.421052632,6,6,0,405334016,EleutherAI/pythia-410m,step8,seed6,6,8
He had a childhood dream.,He had a career dream.,dream,dream,Same Sense,0.034328997135162354,23,3.421052632,6,6,0,405334016,EleutherAI/pythia-410m,step8,seed6,6,8
He had a childhood dream.,He had a career dream.,dream,dream,Same Sense,0.03301054239273071,24,3.421052632,6,6,0,405334016,EleutherAI/pythia-410m,step8,seed6,6,8
It was a grueling drill.,It was an electric drill.,drill,drill,Different Sense,0.0,0,0.4,7,6,1,405334016,EleutherAI/pythia-410m,step8,seed6,6,8
It was a grueling drill.,It was an electric drill.,drill,drill,Different Sense,0.05413311719894409,1,0.4,7,6,1,405334016,EleutherAI/pythia-410m,step8,seed6,6,8
It was a grueling drill.,It was an electric drill.,drill,drill,Different Sense,0.0808408260345459,2,0.4,7,6,1,405334016,EleutherAI/pythia-410m,step8,seed6,6,8
It was a grueling drill.,It was an electric drill.,drill,drill,Different Sense,0.09029543399810791,3,0.4,7,6,1,405334016,EleutherAI/pythia-410m,step8,seed6,6,8
It was a grueling drill.,It was an electric drill.,drill,drill,Different Sense,0.09929293394088745,4,0.4,7,6,1,405334016,EleutherAI/pythia-410m,step8,seed6,6,8
It was a grueling drill.,It was an electric drill.,drill,drill,Different Sense,0.1038711667060852,5,0.4,7,6,1,405334016,EleutherAI/pythia-410m,step8,seed6,6,8
It was a grueling drill.,It was an electric drill.,drill,drill,Different Sense,0.10627949237823486,6,0.4,7,6,1,405334016,EleutherAI/pythia-410m,step8,seed6,6,8
It was a grueling drill.,It was an electric drill.,drill,drill,Different Sense,0.10204768180847168,7,0.4,7,6,1,405334016,EleutherAI/pythia-410m,step8,seed6,6,8
It was a grueling drill.,It was an electric drill.,drill,drill,Different Sense,0.10211420059204102,8,0.4,7,6,1,405334016,EleutherAI/pythia-410m,step8,seed6,6,8
It was a grueling drill.,It was an electric drill.,drill,drill,Different Sense,0.10528188943862915,9,0.4,7,6,1,405334016,EleutherAI/pythia-410m,step8,seed6,6,8
It was a grueling drill.,It was an electric drill.,drill,drill,Different Sense,0.10935366153717041,10,0.4,7,6,1,405334016,EleutherAI/pythia-410m,step8,seed6,6,8
It was a grueling drill.,It was an electric drill.,drill,drill,Different Sense,0.10682648420333862,11,0.4,7,6,1,405334016,EleutherAI/pythia-410m,step8,seed6,6,8
It was a grueling drill.,It was an electric drill.,drill,drill,Different Sense,0.10484343767166138,12,0.4,7,6,1,405334016,EleutherAI/pythia-410m,step8,seed6,6,8
It was a grueling drill.,It was an electric drill.,drill,drill,Different Sense,0.104586660861969,13,0.4,7,6,1,405334016,EleutherAI/pythia-410m,step8,seed6,6,8
It was a grueling drill.,It was an electric drill.,drill,drill,Different Sense,0.1015627384185791,14,0.4,7,6,1,405334016,EleutherAI/pythia-410m,step8,seed6,6,8
It was a grueling drill.,It was an electric drill.,drill,drill,Different Sense,0.09951794147491455,15,0.4,7,6,1,405334016,EleutherAI/pythia-410m,step8,seed6,6,8
It was a grueling drill.,It was an electric drill.,drill,drill,Different Sense,0.09859901666641235,16,0.4,7,6,1,405334016,EleutherAI/pythia-410m,step8,seed6,6,8
It was a grueling drill.,It was an electric drill.,drill,drill,Different Sense,0.09510248899459839,17,0.4,7,6,1,405334016,EleutherAI/pythia-410m,step8,seed6,6,8
It was a grueling drill.,It was an electric drill.,drill,drill,Different Sense,0.09537577629089355,18,0.4,7,6,1,405334016,EleutherAI/pythia-410m,step8,seed6,6,8
It was a grueling drill.,It was an electric drill.,drill,drill,Different Sense,0.09159761667251587,19,0.4,7,6,1,405334016,EleutherAI/pythia-410m,step8,seed6,6,8
It was a grueling drill.,It was an electric drill.,drill,drill,Different Sense,0.09109652042388916,20,0.4,7,6,1,405334016,EleutherAI/pythia-410m,step8,seed6,6,8
It was a grueling drill.,It was an electric drill.,drill,drill,Different Sense,0.09167802333831787,21,0.4,7,6,1,405334016,EleutherAI/pythia-410m,step8,seed6,6,8
It was a grueling drill.,It was an electric drill.,drill,drill,Different Sense,0.08890575170516968,22,0.4,7,6,1,405334016,EleutherAI/pythia-410m,step8,seed6,6,8
It was a grueling drill.,It was an electric drill.,drill,drill,Different Sense,0.08660471439361572,23,0.4,7,6,1,405334016,EleutherAI/pythia-410m,step8,seed6,6,8
It was a grueling drill.,It was an electric drill.,drill,drill,Different Sense,0.08691763877868652,24,0.4,7,6,1,405334016,EleutherAI/pythia-410m,step8,seed6,6,8
It was a grueling drill.,It was a battery-powered drill.,drill,drill,Different Sense,0.0,0,0.636363636,7,8,1,405334016,EleutherAI/pythia-410m,step8,seed6,6,8
It was a grueling drill.,It was a battery-powered drill.,drill,drill,Different Sense,0.0415111780166626,1,0.636363636,7,8,1,405334016,EleutherAI/pythia-410m,step8,seed6,6,8
It was a grueling drill.,It was a battery-powered drill.,drill,drill,Different Sense,0.05926322937011719,2,0.636363636,7,8,1,405334016,EleutherAI/pythia-410m,step8,seed6,6,8
It was a grueling drill.,It was a battery-powered drill.,drill,drill,Different Sense,0.06563776731491089,3,0.636363636,7,8,1,405334016,EleutherAI/pythia-410m,step8,seed6,6,8
It was a grueling drill.,It was a battery-powered drill.,drill,drill,Different Sense,0.07138866186141968,4,0.636363636,7,8,1,405334016,EleutherAI/pythia-410m,step8,seed6,6,8
It was a grueling drill.,It was a battery-powered drill.,drill,drill,Different Sense,0.07484441995620728,5,0.636363636,7,8,1,405334016,EleutherAI/pythia-410m,step8,seed6,6,8
It was a grueling drill.,It was a battery-powered drill.,drill,drill,Different Sense,0.07388114929199219,6,0.636363636,7,8,1,405334016,EleutherAI/pythia-410m,step8,seed6,6,8
It was a grueling drill.,It was a battery-powered drill.,drill,drill,Different Sense,0.0702594518661499,7,0.636363636,7,8,1,405334016,EleutherAI/pythia-410m,step8,seed6,6,8
It was a grueling drill.,It was a battery-powered drill.,drill,drill,Different Sense,0.06907385587692261,8,0.636363636,7,8,1,405334016,EleutherAI/pythia-410m,step8,seed6,6,8
It was a grueling drill.,It was a battery-powered drill.,drill,drill,Different Sense,0.06995284557342529,9,0.636363636,7,8,1,405334016,EleutherAI/pythia-410m,step8,seed6,6,8
It was a grueling drill.,It was a battery-powered drill.,drill,drill,Different Sense,0.07033270597457886,10,0.636363636,7,8,1,405334016,EleutherAI/pythia-410m,step8,seed6,6,8
It was a grueling drill.,It was a battery-powered drill.,drill,drill,Different Sense,0.06787872314453125,11,0.636363636,7,8,1,405334016,EleutherAI/pythia-410m,step8,seed6,6,8
It was a grueling drill.,It was a battery-powered drill.,drill,drill,Different Sense,0.06618553400039673,12,0.636363636,7,8,1,405334016,EleutherAI/pythia-410m,step8,seed6,6,8
It was a grueling drill.,It was a battery-powered drill.,drill,drill,Different Sense,0.06650930643081665,13,0.636363636,7,8,1,405334016,EleutherAI/pythia-410m,step8,seed6,6,8
It was a grueling drill.,It was a battery-powered drill.,drill,drill,Different Sense,0.06464201211929321,14,0.636363636,7,8,1,405334016,EleutherAI/pythia-410m,step8,seed6,6,8
It was a grueling drill.,It was a battery-powered drill.,drill,drill,Different Sense,0.06354576349258423,15,0.636363636,7,8,1,405334016,EleutherAI/pythia-410m,step8,seed6,6,8
It was a grueling drill.,It was a battery-powered drill.,drill,drill,Different Sense,0.06313180923461914,16,0.636363636,7,8,1,405334016,EleutherAI/pythia-410m,step8,seed6,6,8
It was a grueling drill.,It was a battery-powered drill.,drill,drill,Different Sense,0.0630846619606018,17,0.636363636,7,8,1,405334016,EleutherAI/pythia-410m,step8,seed6,6,8
It was a grueling drill.,It was a battery-powered drill.,drill,drill,Different Sense,0.06299418210983276,18,0.636363636,7,8,1,405334016,EleutherAI/pythia-410m,step8,seed6,6,8
It was a grueling drill.,It was a battery-powered drill.,drill,drill,Different Sense,0.06415367126464844,19,0.636363636,7,8,1,405334016,EleutherAI/pythia-410m,step8,seed6,6,8
It was a grueling drill.,It was a battery-powered drill.,drill,drill,Different Sense,0.06229919195175171,20,0.636363636,7,8,1,405334016,EleutherAI/pythia-410m,step8,seed6,6,8
It was a grueling drill.,It was a battery-powered drill.,drill,drill,Different Sense,0.06326127052307129,21,0.636363636,7,8,1,405334016,EleutherAI/pythia-410m,step8,seed6,6,8
It was a grueling drill.,It was a battery-powered drill.,drill,drill,Different Sense,0.06258130073547363,22,0.636363636,7,8,1,405334016,EleutherAI/pythia-410m,step8,seed6,6,8
It was a grueling drill.,It was a battery-powered drill.,drill,drill,Different Sense,0.06202971935272217,23,0.636363636,7,8,1,405334016,EleutherAI/pythia-410m,step8,seed6,6,8
It was a grueling drill.,It was a battery-powered drill.,drill,drill,Different Sense,0.0619390606880188,24,0.636363636,7,8,1,405334016,EleutherAI/pythia-410m,step8,seed6,6,8
It was a challenging drill.,It was an electric drill.,drill,drill,Different Sense,0.0,0,0.230769231,6,6,0,405334016,EleutherAI/pythia-410m,step8,seed6,6,8
It was a challenging drill.,It was an electric drill.,drill,drill,Different Sense,0.052954673767089844,1,0.230769231,6,6,0,405334016,EleutherAI/pythia-410m,step8,seed6,6,8
It was a challenging drill.,It was an electric drill.,drill,drill,Different Sense,0.07641452550888062,2,0.230769231,6,6,0,405334016,EleutherAI/pythia-410m,step8,seed6,6,8
It was a challenging drill.,It was an electric drill.,drill,drill,Different Sense,0.0829916000366211,3,0.230769231,6,6,0,405334016,EleutherAI/pythia-410m,step8,seed6,6,8
It was a challenging drill.,It was an electric drill.,drill,drill,Different Sense,0.088870108127594,4,0.230769231,6,6,0,405334016,EleutherAI/pythia-410m,step8,seed6,6,8
It was a challenging drill.,It was an electric drill.,drill,drill,Different Sense,0.09443897008895874,5,0.230769231,6,6,0,405334016,EleutherAI/pythia-410m,step8,seed6,6,8
It was a challenging drill.,It was an electric drill.,drill,drill,Different Sense,0.09414225816726685,6,0.230769231,6,6,0,405334016,EleutherAI/pythia-410m,step8,seed6,6,8
It was a challenging drill.,It was an electric drill.,drill,drill,Different Sense,0.08732843399047852,7,0.230769231,6,6,0,405334016,EleutherAI/pythia-410m,step8,seed6,6,8
It was a challenging drill.,It was an electric drill.,drill,drill,Different Sense,0.08992642164230347,8,0.230769231,6,6,0,405334016,EleutherAI/pythia-410m,step8,seed6,6,8
It was a challenging drill.,It was an electric drill.,drill,drill,Different Sense,0.09146445989608765,9,0.230769231,6,6,0,405334016,EleutherAI/pythia-410m,step8,seed6,6,8
It was a challenging drill.,It was an electric drill.,drill,drill,Different Sense,0.09357947111129761,10,0.230769231,6,6,0,405334016,EleutherAI/pythia-410m,step8,seed6,6,8
It was a challenging drill.,It was an electric drill.,drill,drill,Different Sense,0.09281295537948608,11,0.230769231,6,6,0,405334016,EleutherAI/pythia-410m,step8,seed6,6,8
It was a challenging drill.,It was an electric drill.,drill,drill,Different Sense,0.0912521481513977,12,0.230769231,6,6,0,405334016,EleutherAI/pythia-410m,step8,seed6,6,8
It was a challenging drill.,It was an electric drill.,drill,drill,Different Sense,0.08969372510910034,13,0.230769231,6,6,0,405334016,EleutherAI/pythia-410m,step8,seed6,6,8
It was a challenging drill.,It was an electric drill.,drill,drill,Different Sense,0.08631855249404907,14,0.230769231,6,6,0,405334016,EleutherAI/pythia-410m,step8,seed6,6,8
It was a challenging drill.,It was an electric drill.,drill,drill,Different Sense,0.08280426263809204,15,0.230769231,6,6,0,405334016,EleutherAI/pythia-410m,step8,seed6,6,8
It was a challenging drill.,It was an electric drill.,drill,drill,Different Sense,0.08167439699172974,16,0.230769231,6,6,0,405334016,EleutherAI/pythia-410m,step8,seed6,6,8
It was a challenging drill.,It was an electric drill.,drill,drill,Different Sense,0.08017271757125854,17,0.230769231,6,6,0,405334016,EleutherAI/pythia-410m,step8,seed6,6,8
It was a challenging drill.,It was an electric drill.,drill,drill,Different Sense,0.08067923784255981,18,0.230769231,6,6,0,405334016,EleutherAI/pythia-410m,step8,seed6,6,8
It was a challenging drill.,It was an electric drill.,drill,drill,Different Sense,0.07770335674285889,19,0.230769231,6,6,0,405334016,EleutherAI/pythia-410m,step8,seed6,6,8
It was a challenging drill.,It was an electric drill.,drill,drill,Different Sense,0.07754868268966675,20,0.230769231,6,6,0,405334016,EleutherAI/pythia-410m,step8,seed6,6,8
It was a challenging drill.,It was an electric drill.,drill,drill,Different Sense,0.07834917306900024,21,0.230769231,6,6,0,405334016,EleutherAI/pythia-410m,step8,seed6,6,8
It was a challenging drill.,It was an electric drill.,drill,drill,Different Sense,0.07685321569442749,22,0.230769231,6,6,0,405334016,EleutherAI/pythia-410m,step8,seed6,6,8
It was a challenging drill.,It was an electric drill.,drill,drill,Different Sense,0.07688826322555542,23,0.230769231,6,6,0,405334016,EleutherAI/pythia-410m,step8,seed6,6,8
It was a challenging drill.,It was an electric drill.,drill,drill,Different Sense,0.07742434740066528,24,0.230769231,6,6,0,405334016,EleutherAI/pythia-410m,step8,seed6,6,8
It was a challenging drill.,It was a battery-powered drill.,drill,drill,Different Sense,0.0,0,0.153846154,6,8,2,405334016,EleutherAI/pythia-410m,step8,seed6,6,8
It was a challenging drill.,It was a battery-powered drill.,drill,drill,Different Sense,0.039903461933135986,1,0.153846154,6,8,2,405334016,EleutherAI/pythia-410m,step8,seed6,6,8
It was a challenging drill.,It was a battery-powered drill.,drill,drill,Different Sense,0.05735534429550171,2,0.153846154,6,8,2,405334016,EleutherAI/pythia-410m,step8,seed6,6,8
It was a challenging drill.,It was a battery-powered drill.,drill,drill,Different Sense,0.06544148921966553,3,0.153846154,6,8,2,405334016,EleutherAI/pythia-410m,step8,seed6,6,8
It was a challenging drill.,It was a battery-powered drill.,drill,drill,Different Sense,0.07039827108383179,4,0.153846154,6,8,2,405334016,EleutherAI/pythia-410m,step8,seed6,6,8
It was a challenging drill.,It was a battery-powered drill.,drill,drill,Different Sense,0.07197612524032593,5,0.153846154,6,8,2,405334016,EleutherAI/pythia-410m,step8,seed6,6,8
It was a challenging drill.,It was a battery-powered drill.,drill,drill,Different Sense,0.07047075033187866,6,0.153846154,6,8,2,405334016,EleutherAI/pythia-410m,step8,seed6,6,8
It was a challenging drill.,It was a battery-powered drill.,drill,drill,Different Sense,0.06651341915130615,7,0.153846154,6,8,2,405334016,EleutherAI/pythia-410m,step8,seed6,6,8
It was a challenging drill.,It was a battery-powered drill.,drill,drill,Different Sense,0.06735533475875854,8,0.153846154,6,8,2,405334016,EleutherAI/pythia-410m,step8,seed6,6,8
It was a challenging drill.,It was a battery-powered drill.,drill,drill,Different Sense,0.06706738471984863,9,0.153846154,6,8,2,405334016,EleutherAI/pythia-410m,step8,seed6,6,8
It was a challenging drill.,It was a battery-powered drill.,drill,drill,Different Sense,0.0666002631187439,10,0.153846154,6,8,2,405334016,EleutherAI/pythia-410m,step8,seed6,6,8
It was a challenging drill.,It was a battery-powered drill.,drill,drill,Different Sense,0.06537657976150513,11,0.153846154,6,8,2,405334016,EleutherAI/pythia-410m,step8,seed6,6,8
It was a challenging drill.,It was a battery-powered drill.,drill,drill,Different Sense,0.0651887059211731,12,0.153846154,6,8,2,405334016,EleutherAI/pythia-410m,step8,seed6,6,8
It was a challenging drill.,It was a battery-powered drill.,drill,drill,Different Sense,0.06545424461364746,13,0.153846154,6,8,2,405334016,EleutherAI/pythia-410m,step8,seed6,6,8
It was a challenging drill.,It was a battery-powered drill.,drill,drill,Different Sense,0.06392496824264526,14,0.153846154,6,8,2,405334016,EleutherAI/pythia-410m,step8,seed6,6,8
It was a challenging drill.,It was a battery-powered drill.,drill,drill,Different Sense,0.06159394979476929,15,0.153846154,6,8,2,405334016,EleutherAI/pythia-410m,step8,seed6,6,8
It was a challenging drill.,It was a battery-powered drill.,drill,drill,Different Sense,0.05987882614135742,16,0.153846154,6,8,2,405334016,EleutherAI/pythia-410m,step8,seed6,6,8
It was a challenging drill.,It was a battery-powered drill.,drill,drill,Different Sense,0.06008410453796387,17,0.153846154,6,8,2,405334016,EleutherAI/pythia-410m,step8,seed6,6,8
It was a challenging drill.,It was a battery-powered drill.,drill,drill,Different Sense,0.059548258781433105,18,0.153846154,6,8,2,405334016,EleutherAI/pythia-410m,step8,seed6,6,8
It was a challenging drill.,It was a battery-powered drill.,drill,drill,Different Sense,0.058997273445129395,19,0.153846154,6,8,2,405334016,EleutherAI/pythia-410m,step8,seed6,6,8
It was a challenging drill.,It was a battery-powered drill.,drill,drill,Different Sense,0.05689561367034912,20,0.153846154,6,8,2,405334016,EleutherAI/pythia-410m,step8,seed6,6,8
It was a challenging drill.,It was a battery-powered drill.,drill,drill,Different Sense,0.05835169553756714,21,0.153846154,6,8,2,405334016,EleutherAI/pythia-410m,step8,seed6,6,8
It was a challenging drill.,It was a battery-powered drill.,drill,drill,Different Sense,0.058249711990356445,22,0.153846154,6,8,2,405334016,EleutherAI/pythia-410m,step8,seed6,6,8
It was a challenging drill.,It was a battery-powered drill.,drill,drill,Different Sense,0.056507229804992676,23,0.153846154,6,8,2,405334016,EleutherAI/pythia-410m,step8,seed6,6,8
It was a challenging drill.,It was a battery-powered drill.,drill,drill,Different Sense,0.057307422161102295,24,0.153846154,6,8,2,405334016,EleutherAI/pythia-410m,step8,seed6,6,8
It was a grueling drill.,It was a challenging drill.,drill,drill,Same Sense,0.0,0,2.888888889,7,6,1,405334016,EleutherAI/pythia-410m,step8,seed6,6,8
It was a grueling drill.,It was a challenging drill.,drill,drill,Same Sense,0.034037768840789795,1,2.888888889,7,6,1,405334016,EleutherAI/pythia-410m,step8,seed6,6,8
It was a grueling drill.,It was a challenging drill.,drill,drill,Same Sense,0.04522901773452759,2,2.888888889,7,6,1,405334016,EleutherAI/pythia-410m,step8,seed6,6,8
It was a grueling drill.,It was a challenging drill.,drill,drill,Same Sense,0.04969066381454468,3,2.888888889,7,6,1,405334016,EleutherAI/pythia-410m,step8,seed6,6,8
It was a grueling drill.,It was a challenging drill.,drill,drill,Same Sense,0.05077177286148071,4,2.888888889,7,6,1,405334016,EleutherAI/pythia-410m,step8,seed6,6,8
It was a grueling drill.,It was a challenging drill.,drill,drill,Same Sense,0.05103802680969238,5,2.888888889,7,6,1,405334016,EleutherAI/pythia-410m,step8,seed6,6,8
It was a grueling drill.,It was a challenging drill.,drill,drill,Same Sense,0.05307644605636597,6,2.888888889,7,6,1,405334016,EleutherAI/pythia-410m,step8,seed6,6,8
It was a grueling drill.,It was a challenging drill.,drill,drill,Same Sense,0.05039745569229126,7,2.888888889,7,6,1,405334016,EleutherAI/pythia-410m,step8,seed6,6,8
It was a grueling drill.,It was a challenging drill.,drill,drill,Same Sense,0.04613077640533447,8,2.888888889,7,6,1,405334016,EleutherAI/pythia-410m,step8,seed6,6,8
It was a grueling drill.,It was a challenging drill.,drill,drill,Same Sense,0.045803070068359375,9,2.888888889,7,6,1,405334016,EleutherAI/pythia-410m,step8,seed6,6,8
It was a grueling drill.,It was a challenging drill.,drill,drill,Same Sense,0.04645413160324097,10,2.888888889,7,6,1,405334016,EleutherAI/pythia-410m,step8,seed6,6,8
It was a grueling drill.,It was a challenging drill.,drill,drill,Same Sense,0.045359134674072266,11,2.888888889,7,6,1,405334016,EleutherAI/pythia-410m,step8,seed6,6,8
It was a grueling drill.,It was a challenging drill.,drill,drill,Same Sense,0.045897841453552246,12,2.888888889,7,6,1,405334016,EleutherAI/pythia-410m,step8,seed6,6,8
It was a grueling drill.,It was a challenging drill.,drill,drill,Same Sense,0.045086443424224854,13,2.888888889,7,6,1,405334016,EleutherAI/pythia-410m,step8,seed6,6,8
It was a grueling drill.,It was a challenging drill.,drill,drill,Same Sense,0.04236304759979248,14,2.888888889,7,6,1,405334016,EleutherAI/pythia-410m,step8,seed6,6,8
It was a grueling drill.,It was a challenging drill.,drill,drill,Same Sense,0.04118537902832031,15,2.888888889,7,6,1,405334016,EleutherAI/pythia-410m,step8,seed6,6,8
It was a grueling drill.,It was a challenging drill.,drill,drill,Same Sense,0.04054683446884155,16,2.888888889,7,6,1,405334016,EleutherAI/pythia-410m,step8,seed6,6,8
It was a grueling drill.,It was a challenging drill.,drill,drill,Same Sense,0.039509475231170654,17,2.888888889,7,6,1,405334016,EleutherAI/pythia-410m,step8,seed6,6,8
It was a grueling drill.,It was a challenging drill.,drill,drill,Same Sense,0.039232075214385986,18,2.888888889,7,6,1,405334016,EleutherAI/pythia-410m,step8,seed6,6,8
It was a grueling drill.,It was a challenging drill.,drill,drill,Same Sense,0.0394364595413208,19,2.888888889,7,6,1,405334016,EleutherAI/pythia-410m,step8,seed6,6,8
It was a grueling drill.,It was a challenging drill.,drill,drill,Same Sense,0.039199769496917725,20,2.888888889,7,6,1,405334016,EleutherAI/pythia-410m,step8,seed6,6,8
It was a grueling drill.,It was a challenging drill.,drill,drill,Same Sense,0.03898060321807861,21,2.888888889,7,6,1,405334016,EleutherAI/pythia-410m,step8,seed6,6,8
It was a grueling drill.,It was a challenging drill.,drill,drill,Same Sense,0.03883993625640869,22,2.888888889,7,6,1,405334016,EleutherAI/pythia-410m,step8,seed6,6,8
It was a grueling drill.,It was a challenging drill.,drill,drill,Same Sense,0.03845977783203125,23,2.888888889,7,6,1,405334016,EleutherAI/pythia-410m,step8,seed6,6,8
It was a grueling drill.,It was a challenging drill.,drill,drill,Same Sense,0.037595152854919434,24,2.888888889,7,6,1,405334016,EleutherAI/pythia-410m,step8,seed6,6,8
It was an electric drill.,It was a battery-powered drill.,drill,drill,Same Sense,0.0,0,4.0,6,8,2,405334016,EleutherAI/pythia-410m,step8,seed6,6,8
It was an electric drill.,It was a battery-powered drill.,drill,drill,Same Sense,0.05277681350708008,1,4.0,6,8,2,405334016,EleutherAI/pythia-410m,step8,seed6,6,8
It was an electric drill.,It was a battery-powered drill.,drill,drill,Same Sense,0.07791656255722046,2,4.0,6,8,2,405334016,EleutherAI/pythia-410m,step8,seed6,6,8
It was an electric drill.,It was a battery-powered drill.,drill,drill,Same Sense,0.08612388372421265,3,4.0,6,8,2,405334016,EleutherAI/pythia-410m,step8,seed6,6,8
It was an electric drill.,It was a battery-powered drill.,drill,drill,Same Sense,0.09340053796768188,4,4.0,6,8,2,405334016,EleutherAI/pythia-410m,step8,seed6,6,8
It was an electric drill.,It was a battery-powered drill.,drill,drill,Same Sense,0.0997922420501709,5,4.0,6,8,2,405334016,EleutherAI/pythia-410m,step8,seed6,6,8
It was an electric drill.,It was a battery-powered drill.,drill,drill,Same Sense,0.10118681192398071,6,4.0,6,8,2,405334016,EleutherAI/pythia-410m,step8,seed6,6,8
It was an electric drill.,It was a battery-powered drill.,drill,drill,Same Sense,0.09742718935012817,7,4.0,6,8,2,405334016,EleutherAI/pythia-410m,step8,seed6,6,8
It was an electric drill.,It was a battery-powered drill.,drill,drill,Same Sense,0.10325372219085693,8,4.0,6,8,2,405334016,EleutherAI/pythia-410m,step8,seed6,6,8
It was an electric drill.,It was a battery-powered drill.,drill,drill,Same Sense,0.10203313827514648,9,4.0,6,8,2,405334016,EleutherAI/pythia-410m,step8,seed6,6,8
It was an electric drill.,It was a battery-powered drill.,drill,drill,Same Sense,0.10319310426712036,10,4.0,6,8,2,405334016,EleutherAI/pythia-410m,step8,seed6,6,8
It was an electric drill.,It was a battery-powered drill.,drill,drill,Same Sense,0.10310763120651245,11,4.0,6,8,2,405334016,EleutherAI/pythia-410m,step8,seed6,6,8
It was an electric drill.,It was a battery-powered drill.,drill,drill,Same Sense,0.10329204797744751,12,4.0,6,8,2,405334016,EleutherAI/pythia-410m,step8,seed6,6,8
It was an electric drill.,It was a battery-powered drill.,drill,drill,Same Sense,0.10277336835861206,13,4.0,6,8,2,405334016,EleutherAI/pythia-410m,step8,seed6,6,8
It was an electric drill.,It was a battery-powered drill.,drill,drill,Same Sense,0.0980292558670044,14,4.0,6,8,2,405334016,EleutherAI/pythia-410m,step8,seed6,6,8
It was an electric drill.,It was a battery-powered drill.,drill,drill,Same Sense,0.09768688678741455,15,4.0,6,8,2,405334016,EleutherAI/pythia-410m,step8,seed6,6,8
It was an electric drill.,It was a battery-powered drill.,drill,drill,Same Sense,0.09793013334274292,16,4.0,6,8,2,405334016,EleutherAI/pythia-410m,step8,seed6,6,8
It was an electric drill.,It was a battery-powered drill.,drill,drill,Same Sense,0.09751367568969727,17,4.0,6,8,2,405334016,EleutherAI/pythia-410m,step8,seed6,6,8
It was an electric drill.,It was a battery-powered drill.,drill,drill,Same Sense,0.09759777784347534,18,4.0,6,8,2,405334016,EleutherAI/pythia-410m,step8,seed6,6,8
It was an electric drill.,It was a battery-powered drill.,drill,drill,Same Sense,0.09492909908294678,19,4.0,6,8,2,405334016,EleutherAI/pythia-410m,step8,seed6,6,8
It was an electric drill.,It was a battery-powered drill.,drill,drill,Same Sense,0.09351682662963867,20,4.0,6,8,2,405334016,EleutherAI/pythia-410m,step8,seed6,6,8
It was an electric drill.,It was a battery-powered drill.,drill,drill,Same Sense,0.09562110900878906,21,4.0,6,8,2,405334016,EleutherAI/pythia-410m,step8,seed6,6,8
It was an electric drill.,It was a battery-powered drill.,drill,drill,Same Sense,0.09425997734069824,22,4.0,6,8,2,405334016,EleutherAI/pythia-410m,step8,seed6,6,8
It was an electric drill.,It was a battery-powered drill.,drill,drill,Same Sense,0.09418648481369019,23,4.0,6,8,2,405334016,EleutherAI/pythia-410m,step8,seed6,6,8
It was an electric drill.,It was a battery-powered drill.,drill,drill,Same Sense,0.09469294548034668,24,4.0,6,8,2,405334016,EleutherAI/pythia-410m,step8,seed6,6,8
It was a multiple-choice examination.,It was a prostate examination.,examination,examination,Different Sense,0.0,0,2.0,8,6,2,405334016,EleutherAI/pythia-410m,step8,seed6,6,8
It was a multiple-choice examination.,It was a prostate examination.,examination,examination,Different Sense,0.04103022813796997,1,2.0,8,6,2,405334016,EleutherAI/pythia-410m,step8,seed6,6,8
It was a multiple-choice examination.,It was a prostate examination.,examination,examination,Different Sense,0.05736607313156128,2,2.0,8,6,2,405334016,EleutherAI/pythia-410m,step8,seed6,6,8
It was a multiple-choice examination.,It was a prostate examination.,examination,examination,Different Sense,0.06354528665542603,3,2.0,8,6,2,405334016,EleutherAI/pythia-410m,step8,seed6,6,8
It was a multiple-choice examination.,It was a prostate examination.,examination,examination,Different Sense,0.0685533881187439,4,2.0,8,6,2,405334016,EleutherAI/pythia-410m,step8,seed6,6,8
It was a multiple-choice examination.,It was a prostate examination.,examination,examination,Different Sense,0.06959015130996704,5,2.0,8,6,2,405334016,EleutherAI/pythia-410m,step8,seed6,6,8
It was a multiple-choice examination.,It was a prostate examination.,examination,examination,Different Sense,0.06624257564544678,6,2.0,8,6,2,405334016,EleutherAI/pythia-410m,step8,seed6,6,8
It was a multiple-choice examination.,It was a prostate examination.,examination,examination,Different Sense,0.0668177604675293,7,2.0,8,6,2,405334016,EleutherAI/pythia-410m,step8,seed6,6,8
It was a multiple-choice examination.,It was a prostate examination.,examination,examination,Different Sense,0.06479889154434204,8,2.0,8,6,2,405334016,EleutherAI/pythia-410m,step8,seed6,6,8
It was a multiple-choice examination.,It was a prostate examination.,examination,examination,Different Sense,0.06594091653823853,9,2.0,8,6,2,405334016,EleutherAI/pythia-410m,step8,seed6,6,8
It was a multiple-choice examination.,It was a prostate examination.,examination,examination,Different Sense,0.06719350814819336,10,2.0,8,6,2,405334016,EleutherAI/pythia-410m,step8,seed6,6,8
It was a multiple-choice examination.,It was a prostate examination.,examination,examination,Different Sense,0.06838083267211914,11,2.0,8,6,2,405334016,EleutherAI/pythia-410m,step8,seed6,6,8
It was a multiple-choice examination.,It was a prostate examination.,examination,examination,Different Sense,0.06682252883911133,12,2.0,8,6,2,405334016,EleutherAI/pythia-410m,step8,seed6,6,8
It was a multiple-choice examination.,It was a prostate examination.,examination,examination,Different Sense,0.06528139114379883,13,2.0,8,6,2,405334016,EleutherAI/pythia-410m,step8,seed6,6,8
It was a multiple-choice examination.,It was a prostate examination.,examination,examination,Different Sense,0.0646398663520813,14,2.0,8,6,2,405334016,EleutherAI/pythia-410m,step8,seed6,6,8
It was a multiple-choice examination.,It was a prostate examination.,examination,examination,Different Sense,0.06330829858779907,15,2.0,8,6,2,405334016,EleutherAI/pythia-410m,step8,seed6,6,8
It was a multiple-choice examination.,It was a prostate examination.,examination,examination,Different Sense,0.06252825260162354,16,2.0,8,6,2,405334016,EleutherAI/pythia-410m,step8,seed6,6,8
It was a multiple-choice examination.,It was a prostate examination.,examination,examination,Different Sense,0.05997806787490845,17,2.0,8,6,2,405334016,EleutherAI/pythia-410m,step8,seed6,6,8
It was a multiple-choice examination.,It was a prostate examination.,examination,examination,Different Sense,0.05796349048614502,18,2.0,8,6,2,405334016,EleutherAI/pythia-410m,step8,seed6,6,8
It was a multiple-choice examination.,It was a prostate examination.,examination,examination,Different Sense,0.05525177717208862,19,2.0,8,6,2,405334016,EleutherAI/pythia-410m,step8,seed6,6,8
It was a multiple-choice examination.,It was a prostate examination.,examination,examination,Different Sense,0.05256932973861694,20,2.0,8,6,2,405334016,EleutherAI/pythia-410m,step8,seed6,6,8
It was a multiple-choice examination.,It was a prostate examination.,examination,examination,Different Sense,0.05144780874252319,21,2.0,8,6,2,405334016,EleutherAI/pythia-410m,step8,seed6,6,8
It was a multiple-choice examination.,It was a prostate examination.,examination,examination,Different Sense,0.0494803786277771,22,2.0,8,6,2,405334016,EleutherAI/pythia-410m,step8,seed6,6,8
It was a multiple-choice examination.,It was a prostate examination.,examination,examination,Different Sense,0.048385798931121826,23,2.0,8,6,2,405334016,EleutherAI/pythia-410m,step8,seed6,6,8
It was a multiple-choice examination.,It was a prostate examination.,examination,examination,Different Sense,0.04716837406158447,24,2.0,8,6,2,405334016,EleutherAI/pythia-410m,step8,seed6,6,8
It was a multiple-choice examination.,It was a physical examination.,examination,examination,Different Sense,0.0,0,3.125,8,6,2,405334016,EleutherAI/pythia-410m,step8,seed6,6,8
It was a multiple-choice examination.,It was a physical examination.,examination,examination,Different Sense,0.04727506637573242,1,3.125,8,6,2,405334016,EleutherAI/pythia-410m,step8,seed6,6,8
It was a multiple-choice examination.,It was a physical examination.,examination,examination,Different Sense,0.0641624927520752,2,3.125,8,6,2,405334016,EleutherAI/pythia-410m,step8,seed6,6,8
It was a multiple-choice examination.,It was a physical examination.,examination,examination,Different Sense,0.07658207416534424,3,3.125,8,6,2,405334016,EleutherAI/pythia-410m,step8,seed6,6,8
It was a multiple-choice examination.,It was a physical examination.,examination,examination,Different Sense,0.08359438180923462,4,3.125,8,6,2,405334016,EleutherAI/pythia-410m,step8,seed6,6,8
It was a multiple-choice examination.,It was a physical examination.,examination,examination,Different Sense,0.08721953630447388,5,3.125,8,6,2,405334016,EleutherAI/pythia-410m,step8,seed6,6,8
It was a multiple-choice examination.,It was a physical examination.,examination,examination,Different Sense,0.08519172668457031,6,3.125,8,6,2,405334016,EleutherAI/pythia-410m,step8,seed6,6,8
It was a multiple-choice examination.,It was a physical examination.,examination,examination,Different Sense,0.08532536029815674,7,3.125,8,6,2,405334016,EleutherAI/pythia-410m,step8,seed6,6,8
It was a multiple-choice examination.,It was a physical examination.,examination,examination,Different Sense,0.08132290840148926,8,3.125,8,6,2,405334016,EleutherAI/pythia-410m,step8,seed6,6,8
It was a multiple-choice examination.,It was a physical examination.,examination,examination,Different Sense,0.08063966035842896,9,3.125,8,6,2,405334016,EleutherAI/pythia-410m,step8,seed6,6,8
It was a multiple-choice examination.,It was a physical examination.,examination,examination,Different Sense,0.08001339435577393,10,3.125,8,6,2,405334016,EleutherAI/pythia-410m,step8,seed6,6,8
It was a multiple-choice examination.,It was a physical examination.,examination,examination,Different Sense,0.08230358362197876,11,3.125,8,6,2,405334016,EleutherAI/pythia-410m,step8,seed6,6,8
It was a multiple-choice examination.,It was a physical examination.,examination,examination,Different Sense,0.08142703771591187,12,3.125,8,6,2,405334016,EleutherAI/pythia-410m,step8,seed6,6,8
It was a multiple-choice examination.,It was a physical examination.,examination,examination,Different Sense,0.0816354751586914,13,3.125,8,6,2,405334016,EleutherAI/pythia-410m,step8,seed6,6,8
It was a multiple-choice examination.,It was a physical examination.,examination,examination,Different Sense,0.0820307731628418,14,3.125,8,6,2,405334016,EleutherAI/pythia-410m,step8,seed6,6,8
It was a multiple-choice examination.,It was a physical examination.,examination,examination,Different Sense,0.08191001415252686,15,3.125,8,6,2,405334016,EleutherAI/pythia-410m,step8,seed6,6,8
It was a multiple-choice examination.,It was a physical examination.,examination,examination,Different Sense,0.07968765497207642,16,3.125,8,6,2,405334016,EleutherAI/pythia-410m,step8,seed6,6,8
It was a multiple-choice examination.,It was a physical examination.,examination,examination,Different Sense,0.07594656944274902,17,3.125,8,6,2,405334016,EleutherAI/pythia-410m,step8,seed6,6,8
It was a multiple-choice examination.,It was a physical examination.,examination,examination,Different Sense,0.0724635124206543,18,3.125,8,6,2,405334016,EleutherAI/pythia-410m,step8,seed6,6,8
It was a multiple-choice examination.,It was a physical examination.,examination,examination,Different Sense,0.07024621963500977,19,3.125,8,6,2,405334016,EleutherAI/pythia-410m,step8,seed6,6,8
It was a multiple-choice examination.,It was a physical examination.,examination,examination,Different Sense,0.06773996353149414,20,3.125,8,6,2,405334016,EleutherAI/pythia-410m,step8,seed6,6,8
It was a multiple-choice examination.,It was a physical examination.,examination,examination,Different Sense,0.06578409671783447,21,3.125,8,6,2,405334016,EleutherAI/pythia-410m,step8,seed6,6,8
It was a multiple-choice examination.,It was a physical examination.,examination,examination,Different Sense,0.06400471925735474,22,3.125,8,6,2,405334016,EleutherAI/pythia-410m,step8,seed6,6,8
It was a multiple-choice examination.,It was a physical examination.,examination,examination,Different Sense,0.06252837181091309,23,3.125,8,6,2,405334016,EleutherAI/pythia-410m,step8,seed6,6,8
It was a multiple-choice examination.,It was a physical examination.,examination,examination,Different Sense,0.06116211414337158,24,3.125,8,6,2,405334016,EleutherAI/pythia-410m,step8,seed6,6,8
It was a difficult examination.,It was a prostate examination.,examination,examination,Different Sense,0.0,0,1.764705882,6,6,0,405334016,EleutherAI/pythia-410m,step8,seed6,6,8
It was a difficult examination.,It was a prostate examination.,examination,examination,Different Sense,0.03338158130645752,1,1.764705882,6,6,0,405334016,EleutherAI/pythia-410m,step8,seed6,6,8
It was a difficult examination.,It was a prostate examination.,examination,examination,Different Sense,0.04116708040237427,2,1.764705882,6,6,0,405334016,EleutherAI/pythia-410m,step8,seed6,6,8
It was a difficult examination.,It was a prostate examination.,examination,examination,Different Sense,0.04441016912460327,3,1.764705882,6,6,0,405334016,EleutherAI/pythia-410m,step8,seed6,6,8
It was a difficult examination.,It was a prostate examination.,examination,examination,Different Sense,0.04768097400665283,4,1.764705882,6,6,0,405334016,EleutherAI/pythia-410m,step8,seed6,6,8
It was a difficult examination.,It was a prostate examination.,examination,examination,Different Sense,0.0472644567489624,5,1.764705882,6,6,0,405334016,EleutherAI/pythia-410m,step8,seed6,6,8
It was a difficult examination.,It was a prostate examination.,examination,examination,Different Sense,0.04447484016418457,6,1.764705882,6,6,0,405334016,EleutherAI/pythia-410m,step8,seed6,6,8
It was a difficult examination.,It was a prostate examination.,examination,examination,Different Sense,0.04395425319671631,7,1.764705882,6,6,0,405334016,EleutherAI/pythia-410m,step8,seed6,6,8
It was a difficult examination.,It was a prostate examination.,examination,examination,Different Sense,0.04198426008224487,8,1.764705882,6,6,0,405334016,EleutherAI/pythia-410m,step8,seed6,6,8
It was a difficult examination.,It was a prostate examination.,examination,examination,Different Sense,0.04146069288253784,9,1.764705882,6,6,0,405334016,EleutherAI/pythia-410m,step8,seed6,6,8
It was a difficult examination.,It was a prostate examination.,examination,examination,Different Sense,0.042633771896362305,10,1.764705882,6,6,0,405334016,EleutherAI/pythia-410m,step8,seed6,6,8
It was a difficult examination.,It was a prostate examination.,examination,examination,Different Sense,0.04208308458328247,11,1.764705882,6,6,0,405334016,EleutherAI/pythia-410m,step8,seed6,6,8
It was a difficult examination.,It was a prostate examination.,examination,examination,Different Sense,0.04167163372039795,12,1.764705882,6,6,0,405334016,EleutherAI/pythia-410m,step8,seed6,6,8
It was a difficult examination.,It was a prostate examination.,examination,examination,Different Sense,0.042002081871032715,13,1.764705882,6,6,0,405334016,EleutherAI/pythia-410m,step8,seed6,6,8
It was a difficult examination.,It was a prostate examination.,examination,examination,Different Sense,0.041571974754333496,14,1.764705882,6,6,0,405334016,EleutherAI/pythia-410m,step8,seed6,6,8
It was a difficult examination.,It was a prostate examination.,examination,examination,Different Sense,0.04137152433395386,15,1.764705882,6,6,0,405334016,EleutherAI/pythia-410m,step8,seed6,6,8
It was a difficult examination.,It was a prostate examination.,examination,examination,Different Sense,0.03979891538619995,16,1.764705882,6,6,0,405334016,EleutherAI/pythia-410m,step8,seed6,6,8
It was a difficult examination.,It was a prostate examination.,examination,examination,Different Sense,0.03860652446746826,17,1.764705882,6,6,0,405334016,EleutherAI/pythia-410m,step8,seed6,6,8
It was a difficult examination.,It was a prostate examination.,examination,examination,Different Sense,0.037497520446777344,18,1.764705882,6,6,0,405334016,EleutherAI/pythia-410m,step8,seed6,6,8
It was a difficult examination.,It was a prostate examination.,examination,examination,Different Sense,0.036396563053131104,19,1.764705882,6,6,0,405334016,EleutherAI/pythia-410m,step8,seed6,6,8
It was a difficult examination.,It was a prostate examination.,examination,examination,Different Sense,0.0355876088142395,20,1.764705882,6,6,0,405334016,EleutherAI/pythia-410m,step8,seed6,6,8
It was a difficult examination.,It was a prostate examination.,examination,examination,Different Sense,0.03458821773529053,21,1.764705882,6,6,0,405334016,EleutherAI/pythia-410m,step8,seed6,6,8
It was a difficult examination.,It was a prostate examination.,examination,examination,Different Sense,0.033573806285858154,22,1.764705882,6,6,0,405334016,EleutherAI/pythia-410m,step8,seed6,6,8
It was a difficult examination.,It was a prostate examination.,examination,examination,Different Sense,0.0327763557434082,23,1.764705882,6,6,0,405334016,EleutherAI/pythia-410m,step8,seed6,6,8
It was a difficult examination.,It was a prostate examination.,examination,examination,Different Sense,0.031865596771240234,24,1.764705882,6,6,0,405334016,EleutherAI/pythia-410m,step8,seed6,6,8
It was a difficult examination.,It was a physical examination.,examination,examination,Different Sense,0.0,0,2.625,6,6,0,405334016,EleutherAI/pythia-410m,step8,seed6,6,8
It was a difficult examination.,It was a physical examination.,examination,examination,Different Sense,0.03800696134567261,1,2.625,6,6,0,405334016,EleutherAI/pythia-410m,step8,seed6,6,8
It was a difficult examination.,It was a physical examination.,examination,examination,Different Sense,0.046526968479156494,2,2.625,6,6,0,405334016,EleutherAI/pythia-410m,step8,seed6,6,8
It was a difficult examination.,It was a physical examination.,examination,examination,Different Sense,0.05207526683807373,3,2.625,6,6,0,405334016,EleutherAI/pythia-410m,step8,seed6,6,8
It was a difficult examination.,It was a physical examination.,examination,examination,Different Sense,0.04970830678939819,4,2.625,6,6,0,405334016,EleutherAI/pythia-410m,step8,seed6,6,8
It was a difficult examination.,It was a physical examination.,examination,examination,Different Sense,0.049149274826049805,5,2.625,6,6,0,405334016,EleutherAI/pythia-410m,step8,seed6,6,8
It was a difficult examination.,It was a physical examination.,examination,examination,Different Sense,0.04698902368545532,6,2.625,6,6,0,405334016,EleutherAI/pythia-410m,step8,seed6,6,8
It was a difficult examination.,It was a physical examination.,examination,examination,Different Sense,0.04747879505157471,7,2.625,6,6,0,405334016,EleutherAI/pythia-410m,step8,seed6,6,8
It was a difficult examination.,It was a physical examination.,examination,examination,Different Sense,0.04780399799346924,8,2.625,6,6,0,405334016,EleutherAI/pythia-410m,step8,seed6,6,8
It was a difficult examination.,It was a physical examination.,examination,examination,Different Sense,0.04712724685668945,9,2.625,6,6,0,405334016,EleutherAI/pythia-410m,step8,seed6,6,8
It was a difficult examination.,It was a physical examination.,examination,examination,Different Sense,0.047643065452575684,10,2.625,6,6,0,405334016,EleutherAI/pythia-410m,step8,seed6,6,8
It was a difficult examination.,It was a physical examination.,examination,examination,Different Sense,0.04955261945724487,11,2.625,6,6,0,405334016,EleutherAI/pythia-410m,step8,seed6,6,8
It was a difficult examination.,It was a physical examination.,examination,examination,Different Sense,0.049528539180755615,12,2.625,6,6,0,405334016,EleutherAI/pythia-410m,step8,seed6,6,8
It was a difficult examination.,It was a physical examination.,examination,examination,Different Sense,0.0497361421585083,13,2.625,6,6,0,405334016,EleutherAI/pythia-410m,step8,seed6,6,8
It was a difficult examination.,It was a physical examination.,examination,examination,Different Sense,0.04932969808578491,14,2.625,6,6,0,405334016,EleutherAI/pythia-410m,step8,seed6,6,8
It was a difficult examination.,It was a physical examination.,examination,examination,Different Sense,0.04905492067337036,15,2.625,6,6,0,405334016,EleutherAI/pythia-410m,step8,seed6,6,8
It was a difficult examination.,It was a physical examination.,examination,examination,Different Sense,0.04679912328720093,16,2.625,6,6,0,405334016,EleutherAI/pythia-410m,step8,seed6,6,8
It was a difficult examination.,It was a physical examination.,examination,examination,Different Sense,0.04540681838989258,17,2.625,6,6,0,405334016,EleutherAI/pythia-410m,step8,seed6,6,8
It was a difficult examination.,It was a physical examination.,examination,examination,Different Sense,0.043052613735198975,18,2.625,6,6,0,405334016,EleutherAI/pythia-410m,step8,seed6,6,8
It was a difficult examination.,It was a physical examination.,examination,examination,Different Sense,0.04153043031692505,19,2.625,6,6,0,405334016,EleutherAI/pythia-410m,step8,seed6,6,8
It was a difficult examination.,It was a physical examination.,examination,examination,Different Sense,0.04095113277435303,20,2.625,6,6,0,405334016,EleutherAI/pythia-410m,step8,seed6,6,8
It was a difficult examination.,It was a physical examination.,examination,examination,Different Sense,0.04008054733276367,21,2.625,6,6,0,405334016,EleutherAI/pythia-410m,step8,seed6,6,8
It was a difficult examination.,It was a physical examination.,examination,examination,Different Sense,0.038752198219299316,22,2.625,6,6,0,405334016,EleutherAI/pythia-410m,step8,seed6,6,8
It was a difficult examination.,It was a physical examination.,examination,examination,Different Sense,0.03855586051940918,23,2.625,6,6,0,405334016,EleutherAI/pythia-410m,step8,seed6,6,8
It was a difficult examination.,It was a physical examination.,examination,examination,Different Sense,0.03763169050216675,24,2.625,6,6,0,405334016,EleutherAI/pythia-410m,step8,seed6,6,8
It was a multiple-choice examination.,It was a difficult examination.,examination,examination,Same Sense,0.0,0,3.526315789,8,6,2,405334016,EleutherAI/pythia-410m,step8,seed6,6,8
It was a multiple-choice examination.,It was a difficult examination.,examination,examination,Same Sense,0.04141587018966675,1,3.526315789,8,6,2,405334016,EleutherAI/pythia-410m,step8,seed6,6,8
It was a multiple-choice examination.,It was a difficult examination.,examination,examination,Same Sense,0.061932265758514404,2,3.526315789,8,6,2,405334016,EleutherAI/pythia-410m,step8,seed6,6,8
It was a multiple-choice examination.,It was a difficult examination.,examination,examination,Same Sense,0.06976079940795898,3,3.526315789,8,6,2,405334016,EleutherAI/pythia-410m,step8,seed6,6,8
It was a multiple-choice examination.,It was a difficult examination.,examination,examination,Same Sense,0.0782700777053833,4,3.526315789,8,6,2,405334016,EleutherAI/pythia-410m,step8,seed6,6,8
It was a multiple-choice examination.,It was a difficult examination.,examination,examination,Same Sense,0.08296936750411987,5,3.526315789,8,6,2,405334016,EleutherAI/pythia-410m,step8,seed6,6,8
It was a multiple-choice examination.,It was a difficult examination.,examination,examination,Same Sense,0.08101832866668701,6,3.526315789,8,6,2,405334016,EleutherAI/pythia-410m,step8,seed6,6,8
It was a multiple-choice examination.,It was a difficult examination.,examination,examination,Same Sense,0.08125627040863037,7,3.526315789,8,6,2,405334016,EleutherAI/pythia-410m,step8,seed6,6,8
It was a multiple-choice examination.,It was a difficult examination.,examination,examination,Same Sense,0.07916766405105591,8,3.526315789,8,6,2,405334016,EleutherAI/pythia-410m,step8,seed6,6,8
It was a multiple-choice examination.,It was a difficult examination.,examination,examination,Same Sense,0.07786649465560913,9,3.526315789,8,6,2,405334016,EleutherAI/pythia-410m,step8,seed6,6,8
It was a multiple-choice examination.,It was a difficult examination.,examination,examination,Same Sense,0.07799559831619263,10,3.526315789,8,6,2,405334016,EleutherAI/pythia-410m,step8,seed6,6,8
It was a multiple-choice examination.,It was a difficult examination.,examination,examination,Same Sense,0.07908731698989868,11,3.526315789,8,6,2,405334016,EleutherAI/pythia-410m,step8,seed6,6,8
It was a multiple-choice examination.,It was a difficult examination.,examination,examination,Same Sense,0.07886064052581787,12,3.526315789,8,6,2,405334016,EleutherAI/pythia-410m,step8,seed6,6,8
It was a multiple-choice examination.,It was a difficult examination.,examination,examination,Same Sense,0.0781373381614685,13,3.526315789,8,6,2,405334016,EleutherAI/pythia-410m,step8,seed6,6,8
It was a multiple-choice examination.,It was a difficult examination.,examination,examination,Same Sense,0.07890123128890991,14,3.526315789,8,6,2,405334016,EleutherAI/pythia-410m,step8,seed6,6,8
It was a multiple-choice examination.,It was a difficult examination.,examination,examination,Same Sense,0.07877689599990845,15,3.526315789,8,6,2,405334016,EleutherAI/pythia-410m,step8,seed6,6,8
It was a multiple-choice examination.,It was a difficult examination.,examination,examination,Same Sense,0.07653611898422241,16,3.526315789,8,6,2,405334016,EleutherAI/pythia-410m,step8,seed6,6,8
It was a multiple-choice examination.,It was a difficult examination.,examination,examination,Same Sense,0.07516264915466309,17,3.526315789,8,6,2,405334016,EleutherAI/pythia-410m,step8,seed6,6,8
It was a multiple-choice examination.,It was a difficult examination.,examination,examination,Same Sense,0.07292193174362183,18,3.526315789,8,6,2,405334016,EleutherAI/pythia-410m,step8,seed6,6,8
It was a multiple-choice examination.,It was a difficult examination.,examination,examination,Same Sense,0.07108426094055176,19,3.526315789,8,6,2,405334016,EleutherAI/pythia-410m,step8,seed6,6,8
It was a multiple-choice examination.,It was a difficult examination.,examination,examination,Same Sense,0.06745940446853638,20,3.526315789,8,6,2,405334016,EleutherAI/pythia-410m,step8,seed6,6,8
It was a multiple-choice examination.,It was a difficult examination.,examination,examination,Same Sense,0.06605786085128784,21,3.526315789,8,6,2,405334016,EleutherAI/pythia-410m,step8,seed6,6,8
It was a multiple-choice examination.,It was a difficult examination.,examination,examination,Same Sense,0.06339704990386963,22,3.526315789,8,6,2,405334016,EleutherAI/pythia-410m,step8,seed6,6,8
It was a multiple-choice examination.,It was a difficult examination.,examination,examination,Same Sense,0.06201404333114624,23,3.526315789,8,6,2,405334016,EleutherAI/pythia-410m,step8,seed6,6,8
It was a multiple-choice examination.,It was a difficult examination.,examination,examination,Same Sense,0.060692429542541504,24,3.526315789,8,6,2,405334016,EleutherAI/pythia-410m,step8,seed6,6,8
It was a prostate examination.,It was a physical examination.,examination,examination,Same Sense,0.0,0,4.0,6,6,0,405334016,EleutherAI/pythia-410m,step8,seed6,6,8
It was a prostate examination.,It was a physical examination.,examination,examination,Same Sense,0.03304821252822876,1,4.0,6,6,0,405334016,EleutherAI/pythia-410m,step8,seed6,6,8
It was a prostate examination.,It was a physical examination.,examination,examination,Same Sense,0.04164481163024902,2,4.0,6,6,0,405334016,EleutherAI/pythia-410m,step8,seed6,6,8
It was a prostate examination.,It was a physical examination.,examination,examination,Same Sense,0.04754215478897095,3,4.0,6,6,0,405334016,EleutherAI/pythia-410m,step8,seed6,6,8
It was a prostate examination.,It was a physical examination.,examination,examination,Same Sense,0.04601544141769409,4,4.0,6,6,0,405334016,EleutherAI/pythia-410m,step8,seed6,6,8
It was a prostate examination.,It was a physical examination.,examination,examination,Same Sense,0.04709118604660034,5,4.0,6,6,0,405334016,EleutherAI/pythia-410m,step8,seed6,6,8
It was a prostate examination.,It was a physical examination.,examination,examination,Same Sense,0.04497075080871582,6,4.0,6,6,0,405334016,EleutherAI/pythia-410m,step8,seed6,6,8
It was a prostate examination.,It was a physical examination.,examination,examination,Same Sense,0.04312175512313843,7,4.0,6,6,0,405334016,EleutherAI/pythia-410m,step8,seed6,6,8
It was a prostate examination.,It was a physical examination.,examination,examination,Same Sense,0.041714370250701904,8,4.0,6,6,0,405334016,EleutherAI/pythia-410m,step8,seed6,6,8
It was a prostate examination.,It was a physical examination.,examination,examination,Same Sense,0.04225003719329834,9,4.0,6,6,0,405334016,EleutherAI/pythia-410m,step8,seed6,6,8
It was a prostate examination.,It was a physical examination.,examination,examination,Same Sense,0.04180407524108887,10,4.0,6,6,0,405334016,EleutherAI/pythia-410m,step8,seed6,6,8
It was a prostate examination.,It was a physical examination.,examination,examination,Same Sense,0.042851388454437256,11,4.0,6,6,0,405334016,EleutherAI/pythia-410m,step8,seed6,6,8
It was a prostate examination.,It was a physical examination.,examination,examination,Same Sense,0.04178488254547119,12,4.0,6,6,0,405334016,EleutherAI/pythia-410m,step8,seed6,6,8
It was a prostate examination.,It was a physical examination.,examination,examination,Same Sense,0.04104912281036377,13,4.0,6,6,0,405334016,EleutherAI/pythia-410m,step8,seed6,6,8
It was a prostate examination.,It was a physical examination.,examination,examination,Same Sense,0.04117816686630249,14,4.0,6,6,0,405334016,EleutherAI/pythia-410m,step8,seed6,6,8
It was a prostate examination.,It was a physical examination.,examination,examination,Same Sense,0.04083496332168579,15,4.0,6,6,0,405334016,EleutherAI/pythia-410m,step8,seed6,6,8
It was a prostate examination.,It was a physical examination.,examination,examination,Same Sense,0.04068922996520996,16,4.0,6,6,0,405334016,EleutherAI/pythia-410m,step8,seed6,6,8
It was a prostate examination.,It was a physical examination.,examination,examination,Same Sense,0.039246439933776855,17,4.0,6,6,0,405334016,EleutherAI/pythia-410m,step8,seed6,6,8
It was a prostate examination.,It was a physical examination.,examination,examination,Same Sense,0.03789710998535156,18,4.0,6,6,0,405334016,EleutherAI/pythia-410m,step8,seed6,6,8
It was a prostate examination.,It was a physical examination.,examination,examination,Same Sense,0.0364527702331543,19,4.0,6,6,0,405334016,EleutherAI/pythia-410m,step8,seed6,6,8
It was a prostate examination.,It was a physical examination.,examination,examination,Same Sense,0.03620785474777222,20,4.0,6,6,0,405334016,EleutherAI/pythia-410m,step8,seed6,6,8
It was a prostate examination.,It was a physical examination.,examination,examination,Same Sense,0.035571157932281494,21,4.0,6,6,0,405334016,EleutherAI/pythia-410m,step8,seed6,6,8
It was a prostate examination.,It was a physical examination.,examination,examination,Same Sense,0.03539806604385376,22,4.0,6,6,0,405334016,EleutherAI/pythia-410m,step8,seed6,6,8
It was a prostate examination.,It was a physical examination.,examination,examination,Same Sense,0.03413748741149902,23,4.0,6,6,0,405334016,EleutherAI/pythia-410m,step8,seed6,6,8
It was a prostate examination.,It was a physical examination.,examination,examination,Same Sense,0.03328496217727661,24,4.0,6,6,0,405334016,EleutherAI/pythia-410m,step8,seed6,6,8
They had an electric fan.,They had a zealous fan.,fan,fan,Different Sense,0.0,0,0.266666667,6,7,1,405334016,EleutherAI/pythia-410m,step8,seed6,6,8
They had an electric fan.,They had a zealous fan.,fan,fan,Different Sense,0.05113118886947632,1,0.266666667,6,7,1,405334016,EleutherAI/pythia-410m,step8,seed6,6,8
They had an electric fan.,They had a zealous fan.,fan,fan,Different Sense,0.07350456714630127,2,0.266666667,6,7,1,405334016,EleutherAI/pythia-410m,step8,seed6,6,8
They had an electric fan.,They had a zealous fan.,fan,fan,Different Sense,0.0833902359008789,3,0.266666667,6,7,1,405334016,EleutherAI/pythia-410m,step8,seed6,6,8
They had an electric fan.,They had a zealous fan.,fan,fan,Different Sense,0.09941548109054565,4,0.266666667,6,7,1,405334016,EleutherAI/pythia-410m,step8,seed6,6,8
They had an electric fan.,They had a zealous fan.,fan,fan,Different Sense,0.10515308380126953,5,0.266666667,6,7,1,405334016,EleutherAI/pythia-410m,step8,seed6,6,8
They had an electric fan.,They had a zealous fan.,fan,fan,Different Sense,0.10869282484054565,6,0.266666667,6,7,1,405334016,EleutherAI/pythia-410m,step8,seed6,6,8
They had an electric fan.,They had a zealous fan.,fan,fan,Different Sense,0.1105610728263855,7,0.266666667,6,7,1,405334016,EleutherAI/pythia-410m,step8,seed6,6,8
They had an electric fan.,They had a zealous fan.,fan,fan,Different Sense,0.10779935121536255,8,0.266666667,6,7,1,405334016,EleutherAI/pythia-410m,step8,seed6,6,8
They had an electric fan.,They had a zealous fan.,fan,fan,Different Sense,0.1005370020866394,9,0.266666667,6,7,1,405334016,EleutherAI/pythia-410m,step8,seed6,6,8
They had an electric fan.,They had a zealous fan.,fan,fan,Different Sense,0.1043652892112732,10,0.266666667,6,7,1,405334016,EleutherAI/pythia-410m,step8,seed6,6,8
They had an electric fan.,They had a zealous fan.,fan,fan,Different Sense,0.10031402111053467,11,0.266666667,6,7,1,405334016,EleutherAI/pythia-410m,step8,seed6,6,8
They had an electric fan.,They had a zealous fan.,fan,fan,Different Sense,0.1019943356513977,12,0.266666667,6,7,1,405334016,EleutherAI/pythia-410m,step8,seed6,6,8
They had an electric fan.,They had a zealous fan.,fan,fan,Different Sense,0.10232049226760864,13,0.266666667,6,7,1,405334016,EleutherAI/pythia-410m,step8,seed6,6,8
They had an electric fan.,They had a zealous fan.,fan,fan,Different Sense,0.09377366304397583,14,0.266666667,6,7,1,405334016,EleutherAI/pythia-410m,step8,seed6,6,8
They had an electric fan.,They had a zealous fan.,fan,fan,Different Sense,0.09633249044418335,15,0.266666667,6,7,1,405334016,EleutherAI/pythia-410m,step8,seed6,6,8
They had an electric fan.,They had a zealous fan.,fan,fan,Different Sense,0.09603452682495117,16,0.266666667,6,7,1,405334016,EleutherAI/pythia-410m,step8,seed6,6,8
They had an electric fan.,They had a zealous fan.,fan,fan,Different Sense,0.09393072128295898,17,0.266666667,6,7,1,405334016,EleutherAI/pythia-410m,step8,seed6,6,8
They had an electric fan.,They had a zealous fan.,fan,fan,Different Sense,0.09028559923171997,18,0.266666667,6,7,1,405334016,EleutherAI/pythia-410m,step8,seed6,6,8
They had an electric fan.,They had a zealous fan.,fan,fan,Different Sense,0.08888250589370728,19,0.266666667,6,7,1,405334016,EleutherAI/pythia-410m,step8,seed6,6,8
They had an electric fan.,They had a zealous fan.,fan,fan,Different Sense,0.08800995349884033,20,0.266666667,6,7,1,405334016,EleutherAI/pythia-410m,step8,seed6,6,8
They had an electric fan.,They had a zealous fan.,fan,fan,Different Sense,0.08854490518569946,21,0.266666667,6,7,1,405334016,EleutherAI/pythia-410m,step8,seed6,6,8
They had an electric fan.,They had a zealous fan.,fan,fan,Different Sense,0.0848281979560852,22,0.266666667,6,7,1,405334016,EleutherAI/pythia-410m,step8,seed6,6,8
They had an electric fan.,They had a zealous fan.,fan,fan,Different Sense,0.08334141969680786,23,0.266666667,6,7,1,405334016,EleutherAI/pythia-410m,step8,seed6,6,8
They had an electric fan.,They had a zealous fan.,fan,fan,Different Sense,0.08317619562149048,24,0.266666667,6,7,1,405334016,EleutherAI/pythia-410m,step8,seed6,6,8
They had an electric fan.,They had an enthusiastic fan.,fan,fan,Different Sense,0.0,0,0.0,6,6,0,405334016,EleutherAI/pythia-410m,step8,seed6,6,8
They had an electric fan.,They had an enthusiastic fan.,fan,fan,Different Sense,0.02192544937133789,1,0.0,6,6,0,405334016,EleutherAI/pythia-410m,step8,seed6,6,8
They had an electric fan.,They had an enthusiastic fan.,fan,fan,Different Sense,0.026349246501922607,2,0.0,6,6,0,405334016,EleutherAI/pythia-410m,step8,seed6,6,8
They had an electric fan.,They had an enthusiastic fan.,fan,fan,Different Sense,0.0293768048286438,3,0.0,6,6,0,405334016,EleutherAI/pythia-410m,step8,seed6,6,8
They had an electric fan.,They had an enthusiastic fan.,fan,fan,Different Sense,0.030690491199493408,4,0.0,6,6,0,405334016,EleutherAI/pythia-410m,step8,seed6,6,8
They had an electric fan.,They had an enthusiastic fan.,fan,fan,Different Sense,0.032516419887542725,5,0.0,6,6,0,405334016,EleutherAI/pythia-410m,step8,seed6,6,8
They had an electric fan.,They had an enthusiastic fan.,fan,fan,Different Sense,0.033121347427368164,6,0.0,6,6,0,405334016,EleutherAI/pythia-410m,step8,seed6,6,8
They had an electric fan.,They had an enthusiastic fan.,fan,fan,Different Sense,0.03479921817779541,7,0.0,6,6,0,405334016,EleutherAI/pythia-410m,step8,seed6,6,8
They had an electric fan.,They had an enthusiastic fan.,fan,fan,Different Sense,0.03307187557220459,8,0.0,6,6,0,405334016,EleutherAI/pythia-410m,step8,seed6,6,8
They had an electric fan.,They had an enthusiastic fan.,fan,fan,Different Sense,0.03166043758392334,9,0.0,6,6,0,405334016,EleutherAI/pythia-410m,step8,seed6,6,8
They had an electric fan.,They had an enthusiastic fan.,fan,fan,Different Sense,0.03336578607559204,10,0.0,6,6,0,405334016,EleutherAI/pythia-410m,step8,seed6,6,8
They had an electric fan.,They had an enthusiastic fan.,fan,fan,Different Sense,0.03417408466339111,11,0.0,6,6,0,405334016,EleutherAI/pythia-410m,step8,seed6,6,8
They had an electric fan.,They had an enthusiastic fan.,fan,fan,Different Sense,0.034485042095184326,12,0.0,6,6,0,405334016,EleutherAI/pythia-410m,step8,seed6,6,8
They had an electric fan.,They had an enthusiastic fan.,fan,fan,Different Sense,0.034581542015075684,13,0.0,6,6,0,405334016,EleutherAI/pythia-410m,step8,seed6,6,8
They had an electric fan.,They had an enthusiastic fan.,fan,fan,Different Sense,0.035408854484558105,14,0.0,6,6,0,405334016,EleutherAI/pythia-410m,step8,seed6,6,8
They had an electric fan.,They had an enthusiastic fan.,fan,fan,Different Sense,0.035400211811065674,15,0.0,6,6,0,405334016,EleutherAI/pythia-410m,step8,seed6,6,8
They had an electric fan.,They had an enthusiastic fan.,fan,fan,Different Sense,0.035085856914520264,16,0.0,6,6,0,405334016,EleutherAI/pythia-410m,step8,seed6,6,8
They had an electric fan.,They had an enthusiastic fan.,fan,fan,Different Sense,0.034637510776519775,17,0.0,6,6,0,405334016,EleutherAI/pythia-410m,step8,seed6,6,8
They had an electric fan.,They had an enthusiastic fan.,fan,fan,Different Sense,0.034024059772491455,18,0.0,6,6,0,405334016,EleutherAI/pythia-410m,step8,seed6,6,8
They had an electric fan.,They had an enthusiastic fan.,fan,fan,Different Sense,0.03450751304626465,19,0.0,6,6,0,405334016,EleutherAI/pythia-410m,step8,seed6,6,8
They had an electric fan.,They had an enthusiastic fan.,fan,fan,Different Sense,0.03429692983627319,20,0.0,6,6,0,405334016,EleutherAI/pythia-410m,step8,seed6,6,8
They had an electric fan.,They had an enthusiastic fan.,fan,fan,Different Sense,0.03454399108886719,21,0.0,6,6,0,405334016,EleutherAI/pythia-410m,step8,seed6,6,8
They had an electric fan.,They had an enthusiastic fan.,fan,fan,Different Sense,0.033747851848602295,22,0.0,6,6,0,405334016,EleutherAI/pythia-410m,step8,seed6,6,8
They had an electric fan.,They had an enthusiastic fan.,fan,fan,Different Sense,0.03385114669799805,23,0.0,6,6,0,405334016,EleutherAI/pythia-410m,step8,seed6,6,8
They had an electric fan.,They had an enthusiastic fan.,fan,fan,Different Sense,0.03346455097198486,24,0.0,6,6,0,405334016,EleutherAI/pythia-410m,step8,seed6,6,8
They had a ceiling fan.,They had a zealous fan.,fan,fan,Different Sense,0.0,0,0.2,6,7,1,405334016,EleutherAI/pythia-410m,step8,seed6,6,8
They had a ceiling fan.,They had a zealous fan.,fan,fan,Different Sense,0.02938026189804077,1,0.2,6,7,1,405334016,EleutherAI/pythia-410m,step8,seed6,6,8
They had a ceiling fan.,They had a zealous fan.,fan,fan,Different Sense,0.04079079627990723,2,0.2,6,7,1,405334016,EleutherAI/pythia-410m,step8,seed6,6,8
They had a ceiling fan.,They had a zealous fan.,fan,fan,Different Sense,0.04445582628250122,3,0.2,6,7,1,405334016,EleutherAI/pythia-410m,step8,seed6,6,8
They had a ceiling fan.,They had a zealous fan.,fan,fan,Different Sense,0.050264060497283936,4,0.2,6,7,1,405334016,EleutherAI/pythia-410m,step8,seed6,6,8
They had a ceiling fan.,They had a zealous fan.,fan,fan,Different Sense,0.0544896125793457,5,0.2,6,7,1,405334016,EleutherAI/pythia-410m,step8,seed6,6,8
They had a ceiling fan.,They had a zealous fan.,fan,fan,Different Sense,0.05515938997268677,6,0.2,6,7,1,405334016,EleutherAI/pythia-410m,step8,seed6,6,8
They had a ceiling fan.,They had a zealous fan.,fan,fan,Different Sense,0.05445754528045654,7,0.2,6,7,1,405334016,EleutherAI/pythia-410m,step8,seed6,6,8
They had a ceiling fan.,They had a zealous fan.,fan,fan,Different Sense,0.05164539813995361,8,0.2,6,7,1,405334016,EleutherAI/pythia-410m,step8,seed6,6,8
They had a ceiling fan.,They had a zealous fan.,fan,fan,Different Sense,0.0487399697303772,9,0.2,6,7,1,405334016,EleutherAI/pythia-410m,step8,seed6,6,8
They had a ceiling fan.,They had a zealous fan.,fan,fan,Different Sense,0.048698604106903076,10,0.2,6,7,1,405334016,EleutherAI/pythia-410m,step8,seed6,6,8
They had a ceiling fan.,They had a zealous fan.,fan,fan,Different Sense,0.05039989948272705,11,0.2,6,7,1,405334016,EleutherAI/pythia-410m,step8,seed6,6,8
They had a ceiling fan.,They had a zealous fan.,fan,fan,Different Sense,0.0508648157119751,12,0.2,6,7,1,405334016,EleutherAI/pythia-410m,step8,seed6,6,8
They had a ceiling fan.,They had a zealous fan.,fan,fan,Different Sense,0.05007481575012207,13,0.2,6,7,1,405334016,EleutherAI/pythia-410m,step8,seed6,6,8
They had a ceiling fan.,They had a zealous fan.,fan,fan,Different Sense,0.04894536733627319,14,0.2,6,7,1,405334016,EleutherAI/pythia-410m,step8,seed6,6,8
They had a ceiling fan.,They had a zealous fan.,fan,fan,Different Sense,0.04893261194229126,15,0.2,6,7,1,405334016,EleutherAI/pythia-410m,step8,seed6,6,8
They had a ceiling fan.,They had a zealous fan.,fan,fan,Different Sense,0.04864656925201416,16,0.2,6,7,1,405334016,EleutherAI/pythia-410m,step8,seed6,6,8
They had a ceiling fan.,They had a zealous fan.,fan,fan,Different Sense,0.04843658208847046,17,0.2,6,7,1,405334016,EleutherAI/pythia-410m,step8,seed6,6,8
They had a ceiling fan.,They had a zealous fan.,fan,fan,Different Sense,0.045655906200408936,18,0.2,6,7,1,405334016,EleutherAI/pythia-410m,step8,seed6,6,8
They had a ceiling fan.,They had a zealous fan.,fan,fan,Different Sense,0.04527604579925537,19,0.2,6,7,1,405334016,EleutherAI/pythia-410m,step8,seed6,6,8
They had a ceiling fan.,They had a zealous fan.,fan,fan,Different Sense,0.04465818405151367,20,0.2,6,7,1,405334016,EleutherAI/pythia-410m,step8,seed6,6,8
They had a ceiling fan.,They had a zealous fan.,fan,fan,Different Sense,0.043506741523742676,21,0.2,6,7,1,405334016,EleutherAI/pythia-410m,step8,seed6,6,8
They had a ceiling fan.,They had a zealous fan.,fan,fan,Different Sense,0.04156661033630371,22,0.2,6,7,1,405334016,EleutherAI/pythia-410m,step8,seed6,6,8
They had a ceiling fan.,They had a zealous fan.,fan,fan,Different Sense,0.0396803617477417,23,0.2,6,7,1,405334016,EleutherAI/pythia-410m,step8,seed6,6,8
They had a ceiling fan.,They had a zealous fan.,fan,fan,Different Sense,0.039190590381622314,24,0.2,6,7,1,405334016,EleutherAI/pythia-410m,step8,seed6,6,8
They had a ceiling fan.,They had an enthusiastic fan.,fan,fan,Different Sense,0.0,0,0.071428571,6,6,0,405334016,EleutherAI/pythia-410m,step8,seed6,6,8
They had a ceiling fan.,They had an enthusiastic fan.,fan,fan,Different Sense,0.04877716302871704,1,0.071428571,6,6,0,405334016,EleutherAI/pythia-410m,step8,seed6,6,8
They had a ceiling fan.,They had an enthusiastic fan.,fan,fan,Different Sense,0.06810659170150757,2,0.071428571,6,6,0,405334016,EleutherAI/pythia-410m,step8,seed6,6,8
They had a ceiling fan.,They had an enthusiastic fan.,fan,fan,Different Sense,0.07517009973526001,3,0.071428571,6,6,0,405334016,EleutherAI/pythia-410m,step8,seed6,6,8
They had a ceiling fan.,They had an enthusiastic fan.,fan,fan,Different Sense,0.08310729265213013,4,0.071428571,6,6,0,405334016,EleutherAI/pythia-410m,step8,seed6,6,8
They had a ceiling fan.,They had an enthusiastic fan.,fan,fan,Different Sense,0.08637237548828125,5,0.071428571,6,6,0,405334016,EleutherAI/pythia-410m,step8,seed6,6,8
They had a ceiling fan.,They had an enthusiastic fan.,fan,fan,Different Sense,0.09171110391616821,6,0.071428571,6,6,0,405334016,EleutherAI/pythia-410m,step8,seed6,6,8
They had a ceiling fan.,They had an enthusiastic fan.,fan,fan,Different Sense,0.09404700994491577,7,0.071428571,6,6,0,405334016,EleutherAI/pythia-410m,step8,seed6,6,8
They had a ceiling fan.,They had an enthusiastic fan.,fan,fan,Different Sense,0.09328705072402954,8,0.071428571,6,6,0,405334016,EleutherAI/pythia-410m,step8,seed6,6,8
They had a ceiling fan.,They had an enthusiastic fan.,fan,fan,Different Sense,0.08766305446624756,9,0.071428571,6,6,0,405334016,EleutherAI/pythia-410m,step8,seed6,6,8
They had a ceiling fan.,They had an enthusiastic fan.,fan,fan,Different Sense,0.09151321649551392,10,0.071428571,6,6,0,405334016,EleutherAI/pythia-410m,step8,seed6,6,8
They had a ceiling fan.,They had an enthusiastic fan.,fan,fan,Different Sense,0.08960354328155518,11,0.071428571,6,6,0,405334016,EleutherAI/pythia-410m,step8,seed6,6,8
They had a ceiling fan.,They had an enthusiastic fan.,fan,fan,Different Sense,0.08873462677001953,12,0.071428571,6,6,0,405334016,EleutherAI/pythia-410m,step8,seed6,6,8
They had a ceiling fan.,They had an enthusiastic fan.,fan,fan,Different Sense,0.08968120813369751,13,0.071428571,6,6,0,405334016,EleutherAI/pythia-410m,step8,seed6,6,8
They had a ceiling fan.,They had an enthusiastic fan.,fan,fan,Different Sense,0.08841419219970703,14,0.071428571,6,6,0,405334016,EleutherAI/pythia-410m,step8,seed6,6,8
They had a ceiling fan.,They had an enthusiastic fan.,fan,fan,Different Sense,0.08992666006088257,15,0.071428571,6,6,0,405334016,EleutherAI/pythia-410m,step8,seed6,6,8
They had a ceiling fan.,They had an enthusiastic fan.,fan,fan,Different Sense,0.08914762735366821,16,0.071428571,6,6,0,405334016,EleutherAI/pythia-410m,step8,seed6,6,8
They had a ceiling fan.,They had an enthusiastic fan.,fan,fan,Different Sense,0.08804041147232056,17,0.071428571,6,6,0,405334016,EleutherAI/pythia-410m,step8,seed6,6,8
They had a ceiling fan.,They had an enthusiastic fan.,fan,fan,Different Sense,0.0862165093421936,18,0.071428571,6,6,0,405334016,EleutherAI/pythia-410m,step8,seed6,6,8
They had a ceiling fan.,They had an enthusiastic fan.,fan,fan,Different Sense,0.08852177858352661,19,0.071428571,6,6,0,405334016,EleutherAI/pythia-410m,step8,seed6,6,8
They had a ceiling fan.,They had an enthusiastic fan.,fan,fan,Different Sense,0.08871108293533325,20,0.071428571,6,6,0,405334016,EleutherAI/pythia-410m,step8,seed6,6,8
They had a ceiling fan.,They had an enthusiastic fan.,fan,fan,Different Sense,0.08880436420440674,21,0.071428571,6,6,0,405334016,EleutherAI/pythia-410m,step8,seed6,6,8
They had a ceiling fan.,They had an enthusiastic fan.,fan,fan,Different Sense,0.08389586210250854,22,0.071428571,6,6,0,405334016,EleutherAI/pythia-410m,step8,seed6,6,8
They had a ceiling fan.,They had an enthusiastic fan.,fan,fan,Different Sense,0.08439451456069946,23,0.071428571,6,6,0,405334016,EleutherAI/pythia-410m,step8,seed6,6,8
They had a ceiling fan.,They had an enthusiastic fan.,fan,fan,Different Sense,0.08337593078613281,24,0.071428571,6,6,0,405334016,EleutherAI/pythia-410m,step8,seed6,6,8
They had an electric fan.,They had a ceiling fan.,fan,fan,Same Sense,0.0,0,3.9,6,6,0,405334016,EleutherAI/pythia-410m,step8,seed6,6,8
They had an electric fan.,They had a ceiling fan.,fan,fan,Same Sense,0.04227083921432495,1,3.9,6,6,0,405334016,EleutherAI/pythia-410m,step8,seed6,6,8
They had an electric fan.,They had a ceiling fan.,fan,fan,Same Sense,0.06335735321044922,2,3.9,6,6,0,405334016,EleutherAI/pythia-410m,step8,seed6,6,8
They had an electric fan.,They had a ceiling fan.,fan,fan,Same Sense,0.07051235437393188,3,3.9,6,6,0,405334016,EleutherAI/pythia-410m,step8,seed6,6,8
They had an electric fan.,They had a ceiling fan.,fan,fan,Same Sense,0.08151096105575562,4,3.9,6,6,0,405334016,EleutherAI/pythia-410m,step8,seed6,6,8
They had an electric fan.,They had a ceiling fan.,fan,fan,Same Sense,0.08605515956878662,5,3.9,6,6,0,405334016,EleutherAI/pythia-410m,step8,seed6,6,8
They had an electric fan.,They had a ceiling fan.,fan,fan,Same Sense,0.09125316143035889,6,3.9,6,6,0,405334016,EleutherAI/pythia-410m,step8,seed6,6,8
They had an electric fan.,They had a ceiling fan.,fan,fan,Same Sense,0.09648841619491577,7,3.9,6,6,0,405334016,EleutherAI/pythia-410m,step8,seed6,6,8
They had an electric fan.,They had a ceiling fan.,fan,fan,Same Sense,0.09474843740463257,8,3.9,6,6,0,405334016,EleutherAI/pythia-410m,step8,seed6,6,8
They had an electric fan.,They had a ceiling fan.,fan,fan,Same Sense,0.0884103775024414,9,3.9,6,6,0,405334016,EleutherAI/pythia-410m,step8,seed6,6,8
They had an electric fan.,They had a ceiling fan.,fan,fan,Same Sense,0.09243255853652954,10,3.9,6,6,0,405334016,EleutherAI/pythia-410m,step8,seed6,6,8
They had an electric fan.,They had a ceiling fan.,fan,fan,Same Sense,0.0888981819152832,11,3.9,6,6,0,405334016,EleutherAI/pythia-410m,step8,seed6,6,8
They had an electric fan.,They had a ceiling fan.,fan,fan,Same Sense,0.08787888288497925,12,3.9,6,6,0,405334016,EleutherAI/pythia-410m,step8,seed6,6,8
They had an electric fan.,They had a ceiling fan.,fan,fan,Same Sense,0.09060591459274292,13,3.9,6,6,0,405334016,EleutherAI/pythia-410m,step8,seed6,6,8
They had an electric fan.,They had a ceiling fan.,fan,fan,Same Sense,0.08678597211837769,14,3.9,6,6,0,405334016,EleutherAI/pythia-410m,step8,seed6,6,8
They had an electric fan.,They had a ceiling fan.,fan,fan,Same Sense,0.08846068382263184,15,3.9,6,6,0,405334016,EleutherAI/pythia-410m,step8,seed6,6,8
They had an electric fan.,They had a ceiling fan.,fan,fan,Same Sense,0.08634227514266968,16,3.9,6,6,0,405334016,EleutherAI/pythia-410m,step8,seed6,6,8
They had an electric fan.,They had a ceiling fan.,fan,fan,Same Sense,0.084525465965271,17,3.9,6,6,0,405334016,EleutherAI/pythia-410m,step8,seed6,6,8
They had an electric fan.,They had a ceiling fan.,fan,fan,Same Sense,0.08376246690750122,18,3.9,6,6,0,405334016,EleutherAI/pythia-410m,step8,seed6,6,8
They had an electric fan.,They had a ceiling fan.,fan,fan,Same Sense,0.08415699005126953,19,3.9,6,6,0,405334016,EleutherAI/pythia-410m,step8,seed6,6,8
They had an electric fan.,They had a ceiling fan.,fan,fan,Same Sense,0.084506094455719,20,3.9,6,6,0,405334016,EleutherAI/pythia-410m,step8,seed6,6,8
They had an electric fan.,They had a ceiling fan.,fan,fan,Same Sense,0.08373266458511353,21,3.9,6,6,0,405334016,EleutherAI/pythia-410m,step8,seed6,6,8
They had an electric fan.,They had a ceiling fan.,fan,fan,Same Sense,0.07961803674697876,22,3.9,6,6,0,405334016,EleutherAI/pythia-410m,step8,seed6,6,8
They had an electric fan.,They had a ceiling fan.,fan,fan,Same Sense,0.0791589617729187,23,3.9,6,6,0,405334016,EleutherAI/pythia-410m,step8,seed6,6,8
They had an electric fan.,They had a ceiling fan.,fan,fan,Same Sense,0.0789840817451477,24,3.9,6,6,0,405334016,EleutherAI/pythia-410m,step8,seed6,6,8
They had a zealous fan.,They had an enthusiastic fan.,fan,fan,Same Sense,0.0,0,3.272727273,7,6,1,405334016,EleutherAI/pythia-410m,step8,seed6,6,8
They had a zealous fan.,They had an enthusiastic fan.,fan,fan,Same Sense,0.05582547187805176,1,3.272727273,7,6,1,405334016,EleutherAI/pythia-410m,step8,seed6,6,8
They had a zealous fan.,They had an enthusiastic fan.,fan,fan,Same Sense,0.07752960920333862,2,3.272727273,7,6,1,405334016,EleutherAI/pythia-410m,step8,seed6,6,8
They had a zealous fan.,They had an enthusiastic fan.,fan,fan,Same Sense,0.08696627616882324,3,3.272727273,7,6,1,405334016,EleutherAI/pythia-410m,step8,seed6,6,8
They had a zealous fan.,They had an enthusiastic fan.,fan,fan,Same Sense,0.09688228368759155,4,3.272727273,7,6,1,405334016,EleutherAI/pythia-410m,step8,seed6,6,8
They had a zealous fan.,They had an enthusiastic fan.,fan,fan,Same Sense,0.1032247543334961,5,3.272727273,7,6,1,405334016,EleutherAI/pythia-410m,step8,seed6,6,8
They had a zealous fan.,They had an enthusiastic fan.,fan,fan,Same Sense,0.10818982124328613,6,3.272727273,7,6,1,405334016,EleutherAI/pythia-410m,step8,seed6,6,8
They had a zealous fan.,They had an enthusiastic fan.,fan,fan,Same Sense,0.10907602310180664,7,3.272727273,7,6,1,405334016,EleutherAI/pythia-410m,step8,seed6,6,8
They had a zealous fan.,They had an enthusiastic fan.,fan,fan,Same Sense,0.10640478134155273,8,3.272727273,7,6,1,405334016,EleutherAI/pythia-410m,step8,seed6,6,8
They had a zealous fan.,They had an enthusiastic fan.,fan,fan,Same Sense,0.099598228931427,9,3.272727273,7,6,1,405334016,EleutherAI/pythia-410m,step8,seed6,6,8
They had a zealous fan.,They had an enthusiastic fan.,fan,fan,Same Sense,0.10343819856643677,10,3.272727273,7,6,1,405334016,EleutherAI/pythia-410m,step8,seed6,6,8
They had a zealous fan.,They had an enthusiastic fan.,fan,fan,Same Sense,0.10148358345031738,11,3.272727273,7,6,1,405334016,EleutherAI/pythia-410m,step8,seed6,6,8
They had a zealous fan.,They had an enthusiastic fan.,fan,fan,Same Sense,0.10297888517379761,12,3.272727273,7,6,1,405334016,EleutherAI/pythia-410m,step8,seed6,6,8
They had a zealous fan.,They had an enthusiastic fan.,fan,fan,Same Sense,0.10182768106460571,13,3.272727273,7,6,1,405334016,EleutherAI/pythia-410m,step8,seed6,6,8
They had a zealous fan.,They had an enthusiastic fan.,fan,fan,Same Sense,0.09688150882720947,14,3.272727273,7,6,1,405334016,EleutherAI/pythia-410m,step8,seed6,6,8
They had a zealous fan.,They had an enthusiastic fan.,fan,fan,Same Sense,0.09939002990722656,15,3.272727273,7,6,1,405334016,EleutherAI/pythia-410m,step8,seed6,6,8
They had a zealous fan.,They had an enthusiastic fan.,fan,fan,Same Sense,0.09943592548370361,16,3.272727273,7,6,1,405334016,EleutherAI/pythia-410m,step8,seed6,6,8
They had a zealous fan.,They had an enthusiastic fan.,fan,fan,Same Sense,0.09775853157043457,17,3.272727273,7,6,1,405334016,EleutherAI/pythia-410m,step8,seed6,6,8
They had a zealous fan.,They had an enthusiastic fan.,fan,fan,Same Sense,0.09354132413864136,18,3.272727273,7,6,1,405334016,EleutherAI/pythia-410m,step8,seed6,6,8
They had a zealous fan.,They had an enthusiastic fan.,fan,fan,Same Sense,0.09346789121627808,19,3.272727273,7,6,1,405334016,EleutherAI/pythia-410m,step8,seed6,6,8
They had a zealous fan.,They had an enthusiastic fan.,fan,fan,Same Sense,0.09262806177139282,20,3.272727273,7,6,1,405334016,EleutherAI/pythia-410m,step8,seed6,6,8
They had a zealous fan.,They had an enthusiastic fan.,fan,fan,Same Sense,0.09305918216705322,21,3.272727273,7,6,1,405334016,EleutherAI/pythia-410m,step8,seed6,6,8
They had a zealous fan.,They had an enthusiastic fan.,fan,fan,Same Sense,0.08809918165206909,22,3.272727273,7,6,1,405334016,EleutherAI/pythia-410m,step8,seed6,6,8
They had a zealous fan.,They had an enthusiastic fan.,fan,fan,Same Sense,0.08806818723678589,23,3.272727273,7,6,1,405334016,EleutherAI/pythia-410m,step8,seed6,6,8
They had a zealous fan.,They had an enthusiastic fan.,fan,fan,Same Sense,0.08698391914367676,24,3.272727273,7,6,1,405334016,EleutherAI/pythia-410m,step8,seed6,6,8
She had a text file.,She had a nail file.,file,file,Different Sense,0.0,0,0.214285714,6,6,0,405334016,EleutherAI/pythia-410m,step8,seed6,6,8
She had a text file.,She had a nail file.,file,file,Different Sense,0.026053309440612793,1,0.214285714,6,6,0,405334016,EleutherAI/pythia-410m,step8,seed6,6,8
She had a text file.,She had a nail file.,file,file,Different Sense,0.034705936908721924,2,0.214285714,6,6,0,405334016,EleutherAI/pythia-410m,step8,seed6,6,8
She had a text file.,She had a nail file.,file,file,Different Sense,0.039888858795166016,3,0.214285714,6,6,0,405334016,EleutherAI/pythia-410m,step8,seed6,6,8
She had a text file.,She had a nail file.,file,file,Different Sense,0.043257713317871094,4,0.214285714,6,6,0,405334016,EleutherAI/pythia-410m,step8,seed6,6,8
She had a text file.,She had a nail file.,file,file,Different Sense,0.04149264097213745,5,0.214285714,6,6,0,405334016,EleutherAI/pythia-410m,step8,seed6,6,8
She had a text file.,She had a nail file.,file,file,Different Sense,0.043366193771362305,6,0.214285714,6,6,0,405334016,EleutherAI/pythia-410m,step8,seed6,6,8
She had a text file.,She had a nail file.,file,file,Different Sense,0.043969810009002686,7,0.214285714,6,6,0,405334016,EleutherAI/pythia-410m,step8,seed6,6,8
She had a text file.,She had a nail file.,file,file,Different Sense,0.04312288761138916,8,0.214285714,6,6,0,405334016,EleutherAI/pythia-410m,step8,seed6,6,8
She had a text file.,She had a nail file.,file,file,Different Sense,0.04348874092102051,9,0.214285714,6,6,0,405334016,EleutherAI/pythia-410m,step8,seed6,6,8
She had a text file.,She had a nail file.,file,file,Different Sense,0.0440787672996521,10,0.214285714,6,6,0,405334016,EleutherAI/pythia-410m,step8,seed6,6,8
She had a text file.,She had a nail file.,file,file,Different Sense,0.043060898780822754,11,0.214285714,6,6,0,405334016,EleutherAI/pythia-410m,step8,seed6,6,8
She had a text file.,She had a nail file.,file,file,Different Sense,0.04345059394836426,12,0.214285714,6,6,0,405334016,EleutherAI/pythia-410m,step8,seed6,6,8
She had a text file.,She had a nail file.,file,file,Different Sense,0.04410219192504883,13,0.214285714,6,6,0,405334016,EleutherAI/pythia-410m,step8,seed6,6,8
She had a text file.,She had a nail file.,file,file,Different Sense,0.04306340217590332,14,0.214285714,6,6,0,405334016,EleutherAI/pythia-410m,step8,seed6,6,8
She had a text file.,She had a nail file.,file,file,Different Sense,0.04173094034194946,15,0.214285714,6,6,0,405334016,EleutherAI/pythia-410m,step8,seed6,6,8
She had a text file.,She had a nail file.,file,file,Different Sense,0.04116088151931763,16,0.214285714,6,6,0,405334016,EleutherAI/pythia-410m,step8,seed6,6,8
She had a text file.,She had a nail file.,file,file,Different Sense,0.04226738214492798,17,0.214285714,6,6,0,405334016,EleutherAI/pythia-410m,step8,seed6,6,8
She had a text file.,She had a nail file.,file,file,Different Sense,0.041355013847351074,18,0.214285714,6,6,0,405334016,EleutherAI/pythia-410m,step8,seed6,6,8
She had a text file.,She had a nail file.,file,file,Different Sense,0.04022461175918579,19,0.214285714,6,6,0,405334016,EleutherAI/pythia-410m,step8,seed6,6,8
She had a text file.,She had a nail file.,file,file,Different Sense,0.04079467058181763,20,0.214285714,6,6,0,405334016,EleutherAI/pythia-410m,step8,seed6,6,8
She had a text file.,She had a nail file.,file,file,Different Sense,0.04088866710662842,21,0.214285714,6,6,0,405334016,EleutherAI/pythia-410m,step8,seed6,6,8
She had a text file.,She had a nail file.,file,file,Different Sense,0.03977543115615845,22,0.214285714,6,6,0,405334016,EleutherAI/pythia-410m,step8,seed6,6,8
She had a text file.,She had a nail file.,file,file,Different Sense,0.03976708650588989,23,0.214285714,6,6,0,405334016,EleutherAI/pythia-410m,step8,seed6,6,8
She had a text file.,She had a nail file.,file,file,Different Sense,0.039302051067352295,24,0.214285714,6,6,0,405334016,EleutherAI/pythia-410m,step8,seed6,6,8
She had a text file.,She had a steel file.,file,file,Different Sense,0.0,0,0.384615385,6,6,0,405334016,EleutherAI/pythia-410m,step8,seed6,6,8
She had a text file.,She had a steel file.,file,file,Different Sense,0.027835845947265625,1,0.384615385,6,6,0,405334016,EleutherAI/pythia-410m,step8,seed6,6,8
She had a text file.,She had a steel file.,file,file,Different Sense,0.03358137607574463,2,0.384615385,6,6,0,405334016,EleutherAI/pythia-410m,step8,seed6,6,8
She had a text file.,She had a steel file.,file,file,Different Sense,0.035515427589416504,3,0.384615385,6,6,0,405334016,EleutherAI/pythia-410m,step8,seed6,6,8
She had a text file.,She had a steel file.,file,file,Different Sense,0.0375857949256897,4,0.384615385,6,6,0,405334016,EleutherAI/pythia-410m,step8,seed6,6,8
She had a text file.,She had a steel file.,file,file,Different Sense,0.039210498332977295,5,0.384615385,6,6,0,405334016,EleutherAI/pythia-410m,step8,seed6,6,8
She had a text file.,She had a steel file.,file,file,Different Sense,0.04257935285568237,6,0.384615385,6,6,0,405334016,EleutherAI/pythia-410m,step8,seed6,6,8
She had a text file.,She had a steel file.,file,file,Different Sense,0.04402071237564087,7,0.384615385,6,6,0,405334016,EleutherAI/pythia-410m,step8,seed6,6,8
She had a text file.,She had a steel file.,file,file,Different Sense,0.04368311166763306,8,0.384615385,6,6,0,405334016,EleutherAI/pythia-410m,step8,seed6,6,8
She had a text file.,She had a steel file.,file,file,Different Sense,0.044074952602386475,9,0.384615385,6,6,0,405334016,EleutherAI/pythia-410m,step8,seed6,6,8
She had a text file.,She had a steel file.,file,file,Different Sense,0.04254418611526489,10,0.384615385,6,6,0,405334016,EleutherAI/pythia-410m,step8,seed6,6,8
She had a text file.,She had a steel file.,file,file,Different Sense,0.04137539863586426,11,0.384615385,6,6,0,405334016,EleutherAI/pythia-410m,step8,seed6,6,8
She had a text file.,She had a steel file.,file,file,Different Sense,0.04085052013397217,12,0.384615385,6,6,0,405334016,EleutherAI/pythia-410m,step8,seed6,6,8
She had a text file.,She had a steel file.,file,file,Different Sense,0.039903461933135986,13,0.384615385,6,6,0,405334016,EleutherAI/pythia-410m,step8,seed6,6,8
She had a text file.,She had a steel file.,file,file,Different Sense,0.038352370262145996,14,0.384615385,6,6,0,405334016,EleutherAI/pythia-410m,step8,seed6,6,8
She had a text file.,She had a steel file.,file,file,Different Sense,0.03737843036651611,15,0.384615385,6,6,0,405334016,EleutherAI/pythia-410m,step8,seed6,6,8
She had a text file.,She had a steel file.,file,file,Different Sense,0.037999093532562256,16,0.384615385,6,6,0,405334016,EleutherAI/pythia-410m,step8,seed6,6,8
She had a text file.,She had a steel file.,file,file,Different Sense,0.038862764835357666,17,0.384615385,6,6,0,405334016,EleutherAI/pythia-410m,step8,seed6,6,8
She had a text file.,She had a steel file.,file,file,Different Sense,0.0376473069190979,18,0.384615385,6,6,0,405334016,EleutherAI/pythia-410m,step8,seed6,6,8
She had a text file.,She had a steel file.,file,file,Different Sense,0.035967469215393066,19,0.384615385,6,6,0,405334016,EleutherAI/pythia-410m,step8,seed6,6,8
She had a text file.,She had a steel file.,file,file,Different Sense,0.03633493185043335,20,0.384615385,6,6,0,405334016,EleutherAI/pythia-410m,step8,seed6,6,8
She had a text file.,She had a steel file.,file,file,Different Sense,0.036661505699157715,21,0.384615385,6,6,0,405334016,EleutherAI/pythia-410m,step8,seed6,6,8
She had a text file.,She had a steel file.,file,file,Different Sense,0.0356253981590271,22,0.384615385,6,6,0,405334016,EleutherAI/pythia-410m,step8,seed6,6,8
She had a text file.,She had a steel file.,file,file,Different Sense,0.03514719009399414,23,0.384615385,6,6,0,405334016,EleutherAI/pythia-410m,step8,seed6,6,8
She had a text file.,She had a steel file.,file,file,Different Sense,0.035189807415008545,24,0.384615385,6,6,0,405334016,EleutherAI/pythia-410m,step8,seed6,6,8
She had a data file.,She had a nail file.,file,file,Different Sense,0.0,0,0.083333333,6,6,0,405334016,EleutherAI/pythia-410m,step8,seed6,6,8
She had a data file.,She had a nail file.,file,file,Different Sense,0.025483131408691406,1,0.083333333,6,6,0,405334016,EleutherAI/pythia-410m,step8,seed6,6,8
She had a data file.,She had a nail file.,file,file,Different Sense,0.04010128974914551,2,0.083333333,6,6,0,405334016,EleutherAI/pythia-410m,step8,seed6,6,8
She had a data file.,She had a nail file.,file,file,Different Sense,0.04557144641876221,3,0.083333333,6,6,0,405334016,EleutherAI/pythia-410m,step8,seed6,6,8
She had a data file.,She had a nail file.,file,file,Different Sense,0.048435866832733154,4,0.083333333,6,6,0,405334016,EleutherAI/pythia-410m,step8,seed6,6,8
She had a data file.,She had a nail file.,file,file,Different Sense,0.0484234094619751,5,0.083333333,6,6,0,405334016,EleutherAI/pythia-410m,step8,seed6,6,8
She had a data file.,She had a nail file.,file,file,Different Sense,0.048857271671295166,6,0.083333333,6,6,0,405334016,EleutherAI/pythia-410m,step8,seed6,6,8
She had a data file.,She had a nail file.,file,file,Different Sense,0.04968792200088501,7,0.083333333,6,6,0,405334016,EleutherAI/pythia-410m,step8,seed6,6,8
She had a data file.,She had a nail file.,file,file,Different Sense,0.04971778392791748,8,0.083333333,6,6,0,405334016,EleutherAI/pythia-410m,step8,seed6,6,8
She had a data file.,She had a nail file.,file,file,Different Sense,0.05022478103637695,9,0.083333333,6,6,0,405334016,EleutherAI/pythia-410m,step8,seed6,6,8
She had a data file.,She had a nail file.,file,file,Different Sense,0.050081491470336914,10,0.083333333,6,6,0,405334016,EleutherAI/pythia-410m,step8,seed6,6,8
She had a data file.,She had a nail file.,file,file,Different Sense,0.048191845417022705,11,0.083333333,6,6,0,405334016,EleutherAI/pythia-410m,step8,seed6,6,8
She had a data file.,She had a nail file.,file,file,Different Sense,0.04820418357849121,12,0.083333333,6,6,0,405334016,EleutherAI/pythia-410m,step8,seed6,6,8
She had a data file.,She had a nail file.,file,file,Different Sense,0.04839855432510376,13,0.083333333,6,6,0,405334016,EleutherAI/pythia-410m,step8,seed6,6,8
She had a data file.,She had a nail file.,file,file,Different Sense,0.046420514583587646,14,0.083333333,6,6,0,405334016,EleutherAI/pythia-410m,step8,seed6,6,8
She had a data file.,She had a nail file.,file,file,Different Sense,0.046081483364105225,15,0.083333333,6,6,0,405334016,EleutherAI/pythia-410m,step8,seed6,6,8
She had a data file.,She had a nail file.,file,file,Different Sense,0.04440200328826904,16,0.083333333,6,6,0,405334016,EleutherAI/pythia-410m,step8,seed6,6,8
She had a data file.,She had a nail file.,file,file,Different Sense,0.044417738914489746,17,0.083333333,6,6,0,405334016,EleutherAI/pythia-410m,step8,seed6,6,8
She had a data file.,She had a nail file.,file,file,Different Sense,0.04382354021072388,18,0.083333333,6,6,0,405334016,EleutherAI/pythia-410m,step8,seed6,6,8
She had a data file.,She had a nail file.,file,file,Different Sense,0.042687952518463135,19,0.083333333,6,6,0,405334016,EleutherAI/pythia-410m,step8,seed6,6,8
She had a data file.,She had a nail file.,file,file,Different Sense,0.04326212406158447,20,0.083333333,6,6,0,405334016,EleutherAI/pythia-410m,step8,seed6,6,8
She had a data file.,She had a nail file.,file,file,Different Sense,0.043348610401153564,21,0.083333333,6,6,0,405334016,EleutherAI/pythia-410m,step8,seed6,6,8
She had a data file.,She had a nail file.,file,file,Different Sense,0.041534245014190674,22,0.083333333,6,6,0,405334016,EleutherAI/pythia-410m,step8,seed6,6,8
She had a data file.,She had a nail file.,file,file,Different Sense,0.041558802127838135,23,0.083333333,6,6,0,405334016,EleutherAI/pythia-410m,step8,seed6,6,8
She had a data file.,She had a nail file.,file,file,Different Sense,0.041319429874420166,24,0.083333333,6,6,0,405334016,EleutherAI/pythia-410m,step8,seed6,6,8
She had a data file.,She had a steel file.,file,file,Different Sense,0.0,0,0.25,6,6,0,405334016,EleutherAI/pythia-410m,step8,seed6,6,8
She had a data file.,She had a steel file.,file,file,Different Sense,0.022779107093811035,1,0.25,6,6,0,405334016,EleutherAI/pythia-410m,step8,seed6,6,8
She had a data file.,She had a steel file.,file,file,Different Sense,0.03224891424179077,2,0.25,6,6,0,405334016,EleutherAI/pythia-410m,step8,seed6,6,8
She had a data file.,She had a steel file.,file,file,Different Sense,0.036140382289886475,3,0.25,6,6,0,405334016,EleutherAI/pythia-410m,step8,seed6,6,8
She had a data file.,She had a steel file.,file,file,Different Sense,0.037828028202056885,4,0.25,6,6,0,405334016,EleutherAI/pythia-410m,step8,seed6,6,8
She had a data file.,She had a steel file.,file,file,Different Sense,0.03997892141342163,5,0.25,6,6,0,405334016,EleutherAI/pythia-410m,step8,seed6,6,8
She had a data file.,She had a steel file.,file,file,Different Sense,0.0402979850769043,6,0.25,6,6,0,405334016,EleutherAI/pythia-410m,step8,seed6,6,8
She had a data file.,She had a steel file.,file,file,Different Sense,0.04272925853729248,7,0.25,6,6,0,405334016,EleutherAI/pythia-410m,step8,seed6,6,8
She had a data file.,She had a steel file.,file,file,Different Sense,0.04090613126754761,8,0.25,6,6,0,405334016,EleutherAI/pythia-410m,step8,seed6,6,8
She had a data file.,She had a steel file.,file,file,Different Sense,0.040718793869018555,9,0.25,6,6,0,405334016,EleutherAI/pythia-410m,step8,seed6,6,8
She had a data file.,She had a steel file.,file,file,Different Sense,0.04057943820953369,10,0.25,6,6,0,405334016,EleutherAI/pythia-410m,step8,seed6,6,8
She had a data file.,She had a steel file.,file,file,Different Sense,0.03944188356399536,11,0.25,6,6,0,405334016,EleutherAI/pythia-410m,step8,seed6,6,8
She had a data file.,She had a steel file.,file,file,Different Sense,0.03858822584152222,12,0.25,6,6,0,405334016,EleutherAI/pythia-410m,step8,seed6,6,8
She had a data file.,She had a steel file.,file,file,Different Sense,0.03929537534713745,13,0.25,6,6,0,405334016,EleutherAI/pythia-410m,step8,seed6,6,8
She had a data file.,She had a steel file.,file,file,Different Sense,0.03714197874069214,14,0.25,6,6,0,405334016,EleutherAI/pythia-410m,step8,seed6,6,8
She had a data file.,She had a steel file.,file,file,Different Sense,0.03537029027938843,15,0.25,6,6,0,405334016,EleutherAI/pythia-410m,step8,seed6,6,8
She had a data file.,She had a steel file.,file,file,Different Sense,0.03466886281967163,16,0.25,6,6,0,405334016,EleutherAI/pythia-410m,step8,seed6,6,8
She had a data file.,She had a steel file.,file,file,Different Sense,0.034918129444122314,17,0.25,6,6,0,405334016,EleutherAI/pythia-410m,step8,seed6,6,8
She had a data file.,She had a steel file.,file,file,Different Sense,0.034017980098724365,18,0.25,6,6,0,405334016,EleutherAI/pythia-410m,step8,seed6,6,8
She had a data file.,She had a steel file.,file,file,Different Sense,0.03261113166809082,19,0.25,6,6,0,405334016,EleutherAI/pythia-410m,step8,seed6,6,8
She had a data file.,She had a steel file.,file,file,Different Sense,0.032449424266815186,20,0.25,6,6,0,405334016,EleutherAI/pythia-410m,step8,seed6,6,8
She had a data file.,She had a steel file.,file,file,Different Sense,0.032514750957489014,21,0.25,6,6,0,405334016,EleutherAI/pythia-410m,step8,seed6,6,8
She had a data file.,She had a steel file.,file,file,Different Sense,0.031125426292419434,22,0.25,6,6,0,405334016,EleutherAI/pythia-410m,step8,seed6,6,8
She had a data file.,She had a steel file.,file,file,Different Sense,0.030890226364135742,23,0.25,6,6,0,405334016,EleutherAI/pythia-410m,step8,seed6,6,8
She had a data file.,She had a steel file.,file,file,Different Sense,0.03044736385345459,24,0.25,6,6,0,405334016,EleutherAI/pythia-410m,step8,seed6,6,8
She had a text file.,She had a data file.,file,file,Same Sense,0.0,0,3.6,6,6,0,405334016,EleutherAI/pythia-410m,step8,seed6,6,8
She had a text file.,She had a data file.,file,file,Same Sense,0.02852851152420044,1,3.6,6,6,0,405334016,EleutherAI/pythia-410m,step8,seed6,6,8
She had a text file.,She had a data file.,file,file,Same Sense,0.038601458072662354,2,3.6,6,6,0,405334016,EleutherAI/pythia-410m,step8,seed6,6,8
She had a text file.,She had a data file.,file,file,Same Sense,0.04233288764953613,3,3.6,6,6,0,405334016,EleutherAI/pythia-410m,step8,seed6,6,8
She had a text file.,She had a data file.,file,file,Same Sense,0.04317069053649902,4,3.6,6,6,0,405334016,EleutherAI/pythia-410m,step8,seed6,6,8
She had a text file.,She had a data file.,file,file,Same Sense,0.044452011585235596,5,3.6,6,6,0,405334016,EleutherAI/pythia-410m,step8,seed6,6,8
She had a text file.,She had a data file.,file,file,Same Sense,0.04664731025695801,6,3.6,6,6,0,405334016,EleutherAI/pythia-410m,step8,seed6,6,8
She had a text file.,She had a data file.,file,file,Same Sense,0.046264469623565674,7,3.6,6,6,0,405334016,EleutherAI/pythia-410m,step8,seed6,6,8
She had a text file.,She had a data file.,file,file,Same Sense,0.04610997438430786,8,3.6,6,6,0,405334016,EleutherAI/pythia-410m,step8,seed6,6,8
She had a text file.,She had a data file.,file,file,Same Sense,0.04575103521347046,9,3.6,6,6,0,405334016,EleutherAI/pythia-410m,step8,seed6,6,8
She had a text file.,She had a data file.,file,file,Same Sense,0.045539140701293945,10,3.6,6,6,0,405334016,EleutherAI/pythia-410m,step8,seed6,6,8
She had a text file.,She had a data file.,file,file,Same Sense,0.04367363452911377,11,3.6,6,6,0,405334016,EleutherAI/pythia-410m,step8,seed6,6,8
She had a text file.,She had a data file.,file,file,Same Sense,0.04360264539718628,12,3.6,6,6,0,405334016,EleutherAI/pythia-410m,step8,seed6,6,8
She had a text file.,She had a data file.,file,file,Same Sense,0.04284095764160156,13,3.6,6,6,0,405334016,EleutherAI/pythia-410m,step8,seed6,6,8
She had a text file.,She had a data file.,file,file,Same Sense,0.04206526279449463,14,3.6,6,6,0,405334016,EleutherAI/pythia-410m,step8,seed6,6,8
She had a text file.,She had a data file.,file,file,Same Sense,0.041914165019989014,15,3.6,6,6,0,405334016,EleutherAI/pythia-410m,step8,seed6,6,8
She had a text file.,She had a data file.,file,file,Same Sense,0.04097628593444824,16,3.6,6,6,0,405334016,EleutherAI/pythia-410m,step8,seed6,6,8
She had a text file.,She had a data file.,file,file,Same Sense,0.04171931743621826,17,3.6,6,6,0,405334016,EleutherAI/pythia-410m,step8,seed6,6,8
She had a text file.,She had a data file.,file,file,Same Sense,0.04104489088058472,18,3.6,6,6,0,405334016,EleutherAI/pythia-410m,step8,seed6,6,8
She had a text file.,She had a data file.,file,file,Same Sense,0.03935664892196655,19,3.6,6,6,0,405334016,EleutherAI/pythia-410m,step8,seed6,6,8
She had a text file.,She had a data file.,file,file,Same Sense,0.0388529896736145,20,3.6,6,6,0,405334016,EleutherAI/pythia-410m,step8,seed6,6,8
She had a text file.,She had a data file.,file,file,Same Sense,0.038959383964538574,21,3.6,6,6,0,405334016,EleutherAI/pythia-410m,step8,seed6,6,8
She had a text file.,She had a data file.,file,file,Same Sense,0.037162721157073975,22,3.6,6,6,0,405334016,EleutherAI/pythia-410m,step8,seed6,6,8
She had a text file.,She had a data file.,file,file,Same Sense,0.03689694404602051,23,3.6,6,6,0,405334016,EleutherAI/pythia-410m,step8,seed6,6,8
She had a text file.,She had a data file.,file,file,Same Sense,0.036749958992004395,24,3.6,6,6,0,405334016,EleutherAI/pythia-410m,step8,seed6,6,8
She had a nail file.,She had a steel file.,file,file,Same Sense,0.0,0,1.8125,6,6,0,405334016,EleutherAI/pythia-410m,step8,seed6,6,8
She had a nail file.,She had a steel file.,file,file,Same Sense,0.023610413074493408,1,1.8125,6,6,0,405334016,EleutherAI/pythia-410m,step8,seed6,6,8
She had a nail file.,She had a steel file.,file,file,Same Sense,0.030427217483520508,2,1.8125,6,6,0,405334016,EleutherAI/pythia-410m,step8,seed6,6,8
She had a nail file.,She had a steel file.,file,file,Same Sense,0.033849239349365234,3,1.8125,6,6,0,405334016,EleutherAI/pythia-410m,step8,seed6,6,8
She had a nail file.,She had a steel file.,file,file,Same Sense,0.03837674856185913,4,1.8125,6,6,0,405334016,EleutherAI/pythia-410m,step8,seed6,6,8
She had a nail file.,She had a steel file.,file,file,Same Sense,0.04041755199432373,5,1.8125,6,6,0,405334016,EleutherAI/pythia-410m,step8,seed6,6,8
She had a nail file.,She had a steel file.,file,file,Same Sense,0.04176735877990723,6,1.8125,6,6,0,405334016,EleutherAI/pythia-410m,step8,seed6,6,8
She had a nail file.,She had a steel file.,file,file,Same Sense,0.041366636753082275,7,1.8125,6,6,0,405334016,EleutherAI/pythia-410m,step8,seed6,6,8
She had a nail file.,She had a steel file.,file,file,Same Sense,0.0414467453956604,8,1.8125,6,6,0,405334016,EleutherAI/pythia-410m,step8,seed6,6,8
She had a nail file.,She had a steel file.,file,file,Same Sense,0.041806161403656006,9,1.8125,6,6,0,405334016,EleutherAI/pythia-410m,step8,seed6,6,8
She had a nail file.,She had a steel file.,file,file,Same Sense,0.041098952293395996,10,1.8125,6,6,0,405334016,EleutherAI/pythia-410m,step8,seed6,6,8
She had a nail file.,She had a steel file.,file,file,Same Sense,0.039136648178100586,11,1.8125,6,6,0,405334016,EleutherAI/pythia-410m,step8,seed6,6,8
She had a nail file.,She had a steel file.,file,file,Same Sense,0.03861039876937866,12,1.8125,6,6,0,405334016,EleutherAI/pythia-410m,step8,seed6,6,8
She had a nail file.,She had a steel file.,file,file,Same Sense,0.03909724950790405,13,1.8125,6,6,0,405334016,EleutherAI/pythia-410m,step8,seed6,6,8
She had a nail file.,She had a steel file.,file,file,Same Sense,0.03835606575012207,14,1.8125,6,6,0,405334016,EleutherAI/pythia-410m,step8,seed6,6,8
She had a nail file.,She had a steel file.,file,file,Same Sense,0.0367283821105957,15,1.8125,6,6,0,405334016,EleutherAI/pythia-410m,step8,seed6,6,8
She had a nail file.,She had a steel file.,file,file,Same Sense,0.03631460666656494,16,1.8125,6,6,0,405334016,EleutherAI/pythia-410m,step8,seed6,6,8
She had a nail file.,She had a steel file.,file,file,Same Sense,0.03676325082778931,17,1.8125,6,6,0,405334016,EleutherAI/pythia-410m,step8,seed6,6,8
She had a nail file.,She had a steel file.,file,file,Same Sense,0.03653234243392944,18,1.8125,6,6,0,405334016,EleutherAI/pythia-410m,step8,seed6,6,8
She had a nail file.,She had a steel file.,file,file,Same Sense,0.036678433418273926,19,1.8125,6,6,0,405334016,EleutherAI/pythia-410m,step8,seed6,6,8
She had a nail file.,She had a steel file.,file,file,Same Sense,0.03695613145828247,20,1.8125,6,6,0,405334016,EleutherAI/pythia-410m,step8,seed6,6,8
She had a nail file.,She had a steel file.,file,file,Same Sense,0.03700333833694458,21,1.8125,6,6,0,405334016,EleutherAI/pythia-410m,step8,seed6,6,8
She had a nail file.,She had a steel file.,file,file,Same Sense,0.034986019134521484,22,1.8125,6,6,0,405334016,EleutherAI/pythia-410m,step8,seed6,6,8
She had a nail file.,She had a steel file.,file,file,Same Sense,0.03583955764770508,23,1.8125,6,6,0,405334016,EleutherAI/pythia-410m,step8,seed6,6,8
She had a nail file.,She had a steel file.,file,file,Same Sense,0.03554290533065796,24,1.8125,6,6,0,405334016,EleutherAI/pythia-410m,step8,seed6,6,8
It was an action film.,It was a transparent film.,film,film,Different Sense,0.0,0,1.222222222,6,6,0,405334016,EleutherAI/pythia-410m,step8,seed6,6,8
It was an action film.,It was a transparent film.,film,film,Different Sense,0.046045660972595215,1,1.222222222,6,6,0,405334016,EleutherAI/pythia-410m,step8,seed6,6,8
It was an action film.,It was a transparent film.,film,film,Different Sense,0.0647687315940857,2,1.222222222,6,6,0,405334016,EleutherAI/pythia-410m,step8,seed6,6,8
It was an action film.,It was a transparent film.,film,film,Different Sense,0.07342684268951416,3,1.222222222,6,6,0,405334016,EleutherAI/pythia-410m,step8,seed6,6,8
It was an action film.,It was a transparent film.,film,film,Different Sense,0.07439076900482178,4,1.222222222,6,6,0,405334016,EleutherAI/pythia-410m,step8,seed6,6,8
It was an action film.,It was a transparent film.,film,film,Different Sense,0.07576346397399902,5,1.222222222,6,6,0,405334016,EleutherAI/pythia-410m,step8,seed6,6,8
It was an action film.,It was a transparent film.,film,film,Different Sense,0.08181363344192505,6,1.222222222,6,6,0,405334016,EleutherAI/pythia-410m,step8,seed6,6,8
It was an action film.,It was a transparent film.,film,film,Different Sense,0.0836297869682312,7,1.222222222,6,6,0,405334016,EleutherAI/pythia-410m,step8,seed6,6,8
It was an action film.,It was a transparent film.,film,film,Different Sense,0.0800982117652893,8,1.222222222,6,6,0,405334016,EleutherAI/pythia-410m,step8,seed6,6,8
It was an action film.,It was a transparent film.,film,film,Different Sense,0.08022081851959229,9,1.222222222,6,6,0,405334016,EleutherAI/pythia-410m,step8,seed6,6,8
It was an action film.,It was a transparent film.,film,film,Different Sense,0.08187824487686157,10,1.222222222,6,6,0,405334016,EleutherAI/pythia-410m,step8,seed6,6,8
It was an action film.,It was a transparent film.,film,film,Different Sense,0.07827603816986084,11,1.222222222,6,6,0,405334016,EleutherAI/pythia-410m,step8,seed6,6,8
It was an action film.,It was a transparent film.,film,film,Different Sense,0.08040142059326172,12,1.222222222,6,6,0,405334016,EleutherAI/pythia-410m,step8,seed6,6,8
It was an action film.,It was a transparent film.,film,film,Different Sense,0.08121377229690552,13,1.222222222,6,6,0,405334016,EleutherAI/pythia-410m,step8,seed6,6,8
It was an action film.,It was a transparent film.,film,film,Different Sense,0.08227705955505371,14,1.222222222,6,6,0,405334016,EleutherAI/pythia-410m,step8,seed6,6,8
It was an action film.,It was a transparent film.,film,film,Different Sense,0.08016228675842285,15,1.222222222,6,6,0,405334016,EleutherAI/pythia-410m,step8,seed6,6,8
It was an action film.,It was a transparent film.,film,film,Different Sense,0.07811450958251953,16,1.222222222,6,6,0,405334016,EleutherAI/pythia-410m,step8,seed6,6,8
It was an action film.,It was a transparent film.,film,film,Different Sense,0.07677507400512695,17,1.222222222,6,6,0,405334016,EleutherAI/pythia-410m,step8,seed6,6,8
It was an action film.,It was a transparent film.,film,film,Different Sense,0.07579851150512695,18,1.222222222,6,6,0,405334016,EleutherAI/pythia-410m,step8,seed6,6,8
It was an action film.,It was a transparent film.,film,film,Different Sense,0.07342827320098877,19,1.222222222,6,6,0,405334016,EleutherAI/pythia-410m,step8,seed6,6,8
It was an action film.,It was a transparent film.,film,film,Different Sense,0.07315629720687866,20,1.222222222,6,6,0,405334016,EleutherAI/pythia-410m,step8,seed6,6,8
It was an action film.,It was a transparent film.,film,film,Different Sense,0.07166343927383423,21,1.222222222,6,6,0,405334016,EleutherAI/pythia-410m,step8,seed6,6,8
It was an action film.,It was a transparent film.,film,film,Different Sense,0.07018262147903442,22,1.222222222,6,6,0,405334016,EleutherAI/pythia-410m,step8,seed6,6,8
It was an action film.,It was a transparent film.,film,film,Different Sense,0.06891381740570068,23,1.222222222,6,6,0,405334016,EleutherAI/pythia-410m,step8,seed6,6,8
It was an action film.,It was a transparent film.,film,film,Different Sense,0.06803226470947266,24,1.222222222,6,6,0,405334016,EleutherAI/pythia-410m,step8,seed6,6,8
It was an action film.,It was a plastic film.,film,film,Different Sense,0.0,0,0.388888889,6,6,0,405334016,EleutherAI/pythia-410m,step8,seed6,6,8
It was an action film.,It was a plastic film.,film,film,Different Sense,0.04789876937866211,1,0.388888889,6,6,0,405334016,EleutherAI/pythia-410m,step8,seed6,6,8
It was an action film.,It was a plastic film.,film,film,Different Sense,0.06704330444335938,2,0.388888889,6,6,0,405334016,EleutherAI/pythia-410m,step8,seed6,6,8
It was an action film.,It was a plastic film.,film,film,Different Sense,0.07550942897796631,3,0.388888889,6,6,0,405334016,EleutherAI/pythia-410m,step8,seed6,6,8
It was an action film.,It was a plastic film.,film,film,Different Sense,0.0785176157951355,4,0.388888889,6,6,0,405334016,EleutherAI/pythia-410m,step8,seed6,6,8
It was an action film.,It was a plastic film.,film,film,Different Sense,0.08044236898422241,5,0.388888889,6,6,0,405334016,EleutherAI/pythia-410m,step8,seed6,6,8
It was an action film.,It was a plastic film.,film,film,Different Sense,0.08286857604980469,6,0.388888889,6,6,0,405334016,EleutherAI/pythia-410m,step8,seed6,6,8
It was an action film.,It was a plastic film.,film,film,Different Sense,0.08509361743927002,7,0.388888889,6,6,0,405334016,EleutherAI/pythia-410m,step8,seed6,6,8
It was an action film.,It was a plastic film.,film,film,Different Sense,0.08040446043014526,8,0.388888889,6,6,0,405334016,EleutherAI/pythia-410m,step8,seed6,6,8
It was an action film.,It was a plastic film.,film,film,Different Sense,0.07827061414718628,9,0.388888889,6,6,0,405334016,EleutherAI/pythia-410m,step8,seed6,6,8
It was an action film.,It was a plastic film.,film,film,Different Sense,0.07900673151016235,10,0.388888889,6,6,0,405334016,EleutherAI/pythia-410m,step8,seed6,6,8
It was an action film.,It was a plastic film.,film,film,Different Sense,0.07915860414505005,11,0.388888889,6,6,0,405334016,EleutherAI/pythia-410m,step8,seed6,6,8
It was an action film.,It was a plastic film.,film,film,Different Sense,0.08102715015411377,12,0.388888889,6,6,0,405334016,EleutherAI/pythia-410m,step8,seed6,6,8
It was an action film.,It was a plastic film.,film,film,Different Sense,0.08372658491134644,13,0.388888889,6,6,0,405334016,EleutherAI/pythia-410m,step8,seed6,6,8
It was an action film.,It was a plastic film.,film,film,Different Sense,0.08500629663467407,14,0.388888889,6,6,0,405334016,EleutherAI/pythia-410m,step8,seed6,6,8
It was an action film.,It was a plastic film.,film,film,Different Sense,0.08434194326400757,15,0.388888889,6,6,0,405334016,EleutherAI/pythia-410m,step8,seed6,6,8
It was an action film.,It was a plastic film.,film,film,Different Sense,0.08072251081466675,16,0.388888889,6,6,0,405334016,EleutherAI/pythia-410m,step8,seed6,6,8
It was an action film.,It was a plastic film.,film,film,Different Sense,0.07851022481918335,17,0.388888889,6,6,0,405334016,EleutherAI/pythia-410m,step8,seed6,6,8
It was an action film.,It was a plastic film.,film,film,Different Sense,0.07837790250778198,18,0.388888889,6,6,0,405334016,EleutherAI/pythia-410m,step8,seed6,6,8
It was an action film.,It was a plastic film.,film,film,Different Sense,0.07520437240600586,19,0.388888889,6,6,0,405334016,EleutherAI/pythia-410m,step8,seed6,6,8
It was an action film.,It was a plastic film.,film,film,Different Sense,0.07549965381622314,20,0.388888889,6,6,0,405334016,EleutherAI/pythia-410m,step8,seed6,6,8
It was an action film.,It was a plastic film.,film,film,Different Sense,0.07352370023727417,21,0.388888889,6,6,0,405334016,EleutherAI/pythia-410m,step8,seed6,6,8
It was an action film.,It was a plastic film.,film,film,Different Sense,0.07122784852981567,22,0.388888889,6,6,0,405334016,EleutherAI/pythia-410m,step8,seed6,6,8
It was an action film.,It was a plastic film.,film,film,Different Sense,0.0684782862663269,23,0.388888889,6,6,0,405334016,EleutherAI/pythia-410m,step8,seed6,6,8
It was an action film.,It was a plastic film.,film,film,Different Sense,0.06814467906951904,24,0.388888889,6,6,0,405334016,EleutherAI/pythia-410m,step8,seed6,6,8
It was a censored film.,It was a transparent film.,film,film,Different Sense,0.0,0,1.444444444,7,6,1,405334016,EleutherAI/pythia-410m,step8,seed6,6,8
It was a censored film.,It was a transparent film.,film,film,Different Sense,0.030240178108215332,1,1.444444444,7,6,1,405334016,EleutherAI/pythia-410m,step8,seed6,6,8
It was a censored film.,It was a transparent film.,film,film,Different Sense,0.045547544956207275,2,1.444444444,7,6,1,405334016,EleutherAI/pythia-410m,step8,seed6,6,8
It was a censored film.,It was a transparent film.,film,film,Different Sense,0.053103625774383545,3,1.444444444,7,6,1,405334016,EleutherAI/pythia-410m,step8,seed6,6,8
It was a censored film.,It was a transparent film.,film,film,Different Sense,0.05458563566207886,4,1.444444444,7,6,1,405334016,EleutherAI/pythia-410m,step8,seed6,6,8
It was a censored film.,It was a transparent film.,film,film,Different Sense,0.057514190673828125,5,1.444444444,7,6,1,405334016,EleutherAI/pythia-410m,step8,seed6,6,8
It was a censored film.,It was a transparent film.,film,film,Different Sense,0.05814117193222046,6,1.444444444,7,6,1,405334016,EleutherAI/pythia-410m,step8,seed6,6,8
It was a censored film.,It was a transparent film.,film,film,Different Sense,0.05482226610183716,7,1.444444444,7,6,1,405334016,EleutherAI/pythia-410m,step8,seed6,6,8
It was a censored film.,It was a transparent film.,film,film,Different Sense,0.05419921875,8,1.444444444,7,6,1,405334016,EleutherAI/pythia-410m,step8,seed6,6,8
It was a censored film.,It was a transparent film.,film,film,Different Sense,0.052896738052368164,9,1.444444444,7,6,1,405334016,EleutherAI/pythia-410m,step8,seed6,6,8
It was a censored film.,It was a transparent film.,film,film,Different Sense,0.053963661193847656,10,1.444444444,7,6,1,405334016,EleutherAI/pythia-410m,step8,seed6,6,8
It was a censored film.,It was a transparent film.,film,film,Different Sense,0.052770376205444336,11,1.444444444,7,6,1,405334016,EleutherAI/pythia-410m,step8,seed6,6,8
It was a censored film.,It was a transparent film.,film,film,Different Sense,0.05449175834655762,12,1.444444444,7,6,1,405334016,EleutherAI/pythia-410m,step8,seed6,6,8
It was a censored film.,It was a transparent film.,film,film,Different Sense,0.053836286067962646,13,1.444444444,7,6,1,405334016,EleutherAI/pythia-410m,step8,seed6,6,8
It was a censored film.,It was a transparent film.,film,film,Different Sense,0.0549125075340271,14,1.444444444,7,6,1,405334016,EleutherAI/pythia-410m,step8,seed6,6,8
It was a censored film.,It was a transparent film.,film,film,Different Sense,0.05471748113632202,15,1.444444444,7,6,1,405334016,EleutherAI/pythia-410m,step8,seed6,6,8
It was a censored film.,It was a transparent film.,film,film,Different Sense,0.05267971754074097,16,1.444444444,7,6,1,405334016,EleutherAI/pythia-410m,step8,seed6,6,8
It was a censored film.,It was a transparent film.,film,film,Different Sense,0.05116194486618042,17,1.444444444,7,6,1,405334016,EleutherAI/pythia-410m,step8,seed6,6,8
It was a censored film.,It was a transparent film.,film,film,Different Sense,0.04903113842010498,18,1.444444444,7,6,1,405334016,EleutherAI/pythia-410m,step8,seed6,6,8
It was a censored film.,It was a transparent film.,film,film,Different Sense,0.04883795976638794,19,1.444444444,7,6,1,405334016,EleutherAI/pythia-410m,step8,seed6,6,8
It was a censored film.,It was a transparent film.,film,film,Different Sense,0.04786115884780884,20,1.444444444,7,6,1,405334016,EleutherAI/pythia-410m,step8,seed6,6,8
It was a censored film.,It was a transparent film.,film,film,Different Sense,0.0473974347114563,21,1.444444444,7,6,1,405334016,EleutherAI/pythia-410m,step8,seed6,6,8
It was a censored film.,It was a transparent film.,film,film,Different Sense,0.045917630195617676,22,1.444444444,7,6,1,405334016,EleutherAI/pythia-410m,step8,seed6,6,8
It was a censored film.,It was a transparent film.,film,film,Different Sense,0.04406452178955078,23,1.444444444,7,6,1,405334016,EleutherAI/pythia-410m,step8,seed6,6,8
It was a censored film.,It was a transparent film.,film,film,Different Sense,0.04261910915374756,24,1.444444444,7,6,1,405334016,EleutherAI/pythia-410m,step8,seed6,6,8
It was a censored film.,It was a plastic film.,film,film,Different Sense,0.0,0,0.066666667,7,6,1,405334016,EleutherAI/pythia-410m,step8,seed6,6,8
It was a censored film.,It was a plastic film.,film,film,Different Sense,0.02882617712020874,1,0.066666667,7,6,1,405334016,EleutherAI/pythia-410m,step8,seed6,6,8
It was a censored film.,It was a plastic film.,film,film,Different Sense,0.045999765396118164,2,0.066666667,7,6,1,405334016,EleutherAI/pythia-410m,step8,seed6,6,8
It was a censored film.,It was a plastic film.,film,film,Different Sense,0.05264848470687866,3,0.066666667,7,6,1,405334016,EleutherAI/pythia-410m,step8,seed6,6,8
It was a censored film.,It was a plastic film.,film,film,Different Sense,0.054893672466278076,4,0.066666667,7,6,1,405334016,EleutherAI/pythia-410m,step8,seed6,6,8
It was a censored film.,It was a plastic film.,film,film,Different Sense,0.05773663520812988,5,0.066666667,7,6,1,405334016,EleutherAI/pythia-410m,step8,seed6,6,8
It was a censored film.,It was a plastic film.,film,film,Different Sense,0.05915123224258423,6,0.066666667,7,6,1,405334016,EleutherAI/pythia-410m,step8,seed6,6,8
It was a censored film.,It was a plastic film.,film,film,Different Sense,0.05796682834625244,7,0.066666667,7,6,1,405334016,EleutherAI/pythia-410m,step8,seed6,6,8
It was a censored film.,It was a plastic film.,film,film,Different Sense,0.05735725164413452,8,0.066666667,7,6,1,405334016,EleutherAI/pythia-410m,step8,seed6,6,8
It was a censored film.,It was a plastic film.,film,film,Different Sense,0.05554676055908203,9,0.066666667,7,6,1,405334016,EleutherAI/pythia-410m,step8,seed6,6,8
It was a censored film.,It was a plastic film.,film,film,Different Sense,0.05528104305267334,10,0.066666667,7,6,1,405334016,EleutherAI/pythia-410m,step8,seed6,6,8
It was a censored film.,It was a plastic film.,film,film,Different Sense,0.0555301308631897,11,0.066666667,7,6,1,405334016,EleutherAI/pythia-410m,step8,seed6,6,8
It was a censored film.,It was a plastic film.,film,film,Different Sense,0.057365357875823975,12,0.066666667,7,6,1,405334016,EleutherAI/pythia-410m,step8,seed6,6,8
It was a censored film.,It was a plastic film.,film,film,Different Sense,0.05474710464477539,13,0.066666667,7,6,1,405334016,EleutherAI/pythia-410m,step8,seed6,6,8
It was a censored film.,It was a plastic film.,film,film,Different Sense,0.05499547719955444,14,0.066666667,7,6,1,405334016,EleutherAI/pythia-410m,step8,seed6,6,8
It was a censored film.,It was a plastic film.,film,film,Different Sense,0.05342894792556763,15,0.066666667,7,6,1,405334016,EleutherAI/pythia-410m,step8,seed6,6,8
It was a censored film.,It was a plastic film.,film,film,Different Sense,0.05243593454360962,16,0.066666667,7,6,1,405334016,EleutherAI/pythia-410m,step8,seed6,6,8
It was a censored film.,It was a plastic film.,film,film,Different Sense,0.0517808198928833,17,0.066666667,7,6,1,405334016,EleutherAI/pythia-410m,step8,seed6,6,8
It was a censored film.,It was a plastic film.,film,film,Different Sense,0.05069178342819214,18,0.066666667,7,6,1,405334016,EleutherAI/pythia-410m,step8,seed6,6,8
It was a censored film.,It was a plastic film.,film,film,Different Sense,0.04894226789474487,19,0.066666667,7,6,1,405334016,EleutherAI/pythia-410m,step8,seed6,6,8
It was a censored film.,It was a plastic film.,film,film,Different Sense,0.047762513160705566,20,0.066666667,7,6,1,405334016,EleutherAI/pythia-410m,step8,seed6,6,8
It was a censored film.,It was a plastic film.,film,film,Different Sense,0.04772526025772095,21,0.066666667,7,6,1,405334016,EleutherAI/pythia-410m,step8,seed6,6,8
It was a censored film.,It was a plastic film.,film,film,Different Sense,0.04668635129928589,22,0.066666667,7,6,1,405334016,EleutherAI/pythia-410m,step8,seed6,6,8
It was a censored film.,It was a plastic film.,film,film,Different Sense,0.044366419315338135,23,0.066666667,7,6,1,405334016,EleutherAI/pythia-410m,step8,seed6,6,8
It was a censored film.,It was a plastic film.,film,film,Different Sense,0.04292064905166626,24,0.066666667,7,6,1,405334016,EleutherAI/pythia-410m,step8,seed6,6,8
It was an action film.,It was a censored film.,film,film,Same Sense,0.0,0,3.8,6,7,1,405334016,EleutherAI/pythia-410m,step8,seed6,6,8
It was an action film.,It was a censored film.,film,film,Same Sense,0.05214959383010864,1,3.8,6,7,1,405334016,EleutherAI/pythia-410m,step8,seed6,6,8
It was an action film.,It was a censored film.,film,film,Same Sense,0.08113068342208862,2,3.8,6,7,1,405334016,EleutherAI/pythia-410m,step8,seed6,6,8
It was an action film.,It was a censored film.,film,film,Same Sense,0.09018290042877197,3,3.8,6,7,1,405334016,EleutherAI/pythia-410m,step8,seed6,6,8
It was an action film.,It was a censored film.,film,film,Same Sense,0.09603101015090942,4,3.8,6,7,1,405334016,EleutherAI/pythia-410m,step8,seed6,6,8
It was an action film.,It was a censored film.,film,film,Same Sense,0.10017085075378418,5,3.8,6,7,1,405334016,EleutherAI/pythia-410m,step8,seed6,6,8
It was an action film.,It was a censored film.,film,film,Same Sense,0.10289067029953003,6,3.8,6,7,1,405334016,EleutherAI/pythia-410m,step8,seed6,6,8
It was an action film.,It was a censored film.,film,film,Same Sense,0.10494351387023926,7,3.8,6,7,1,405334016,EleutherAI/pythia-410m,step8,seed6,6,8
It was an action film.,It was a censored film.,film,film,Same Sense,0.10205668210983276,8,3.8,6,7,1,405334016,EleutherAI/pythia-410m,step8,seed6,6,8
It was an action film.,It was a censored film.,film,film,Same Sense,0.1041155457496643,9,3.8,6,7,1,405334016,EleutherAI/pythia-410m,step8,seed6,6,8
It was an action film.,It was a censored film.,film,film,Same Sense,0.10731059312820435,10,3.8,6,7,1,405334016,EleutherAI/pythia-410m,step8,seed6,6,8
It was an action film.,It was a censored film.,film,film,Same Sense,0.10526770353317261,11,3.8,6,7,1,405334016,EleutherAI/pythia-410m,step8,seed6,6,8
It was an action film.,It was a censored film.,film,film,Same Sense,0.11067581176757812,12,3.8,6,7,1,405334016,EleutherAI/pythia-410m,step8,seed6,6,8
It was an action film.,It was a censored film.,film,film,Same Sense,0.1112779974937439,13,3.8,6,7,1,405334016,EleutherAI/pythia-410m,step8,seed6,6,8
It was an action film.,It was a censored film.,film,film,Same Sense,0.11313635110855103,14,3.8,6,7,1,405334016,EleutherAI/pythia-410m,step8,seed6,6,8
It was an action film.,It was a censored film.,film,film,Same Sense,0.11246395111083984,15,3.8,6,7,1,405334016,EleutherAI/pythia-410m,step8,seed6,6,8
It was an action film.,It was a censored film.,film,film,Same Sense,0.10782730579376221,16,3.8,6,7,1,405334016,EleutherAI/pythia-410m,step8,seed6,6,8
It was an action film.,It was a censored film.,film,film,Same Sense,0.10527348518371582,17,3.8,6,7,1,405334016,EleutherAI/pythia-410m,step8,seed6,6,8
It was an action film.,It was a censored film.,film,film,Same Sense,0.10340285301208496,18,3.8,6,7,1,405334016,EleutherAI/pythia-410m,step8,seed6,6,8
It was an action film.,It was a censored film.,film,film,Same Sense,0.10245680809020996,19,3.8,6,7,1,405334016,EleutherAI/pythia-410m,step8,seed6,6,8
It was an action film.,It was a censored film.,film,film,Same Sense,0.101193368434906,20,3.8,6,7,1,405334016,EleutherAI/pythia-410m,step8,seed6,6,8
It was an action film.,It was a censored film.,film,film,Same Sense,0.0996597409248352,21,3.8,6,7,1,405334016,EleutherAI/pythia-410m,step8,seed6,6,8
It was an action film.,It was a censored film.,film,film,Same Sense,0.09657436609268188,22,3.8,6,7,1,405334016,EleutherAI/pythia-410m,step8,seed6,6,8
It was an action film.,It was a censored film.,film,film,Same Sense,0.09222251176834106,23,3.8,6,7,1,405334016,EleutherAI/pythia-410m,step8,seed6,6,8
It was an action film.,It was a censored film.,film,film,Same Sense,0.09082001447677612,24,3.8,6,7,1,405334016,EleutherAI/pythia-410m,step8,seed6,6,8
It was a transparent film.,It was a plastic film.,film,film,Same Sense,0.0,0,3.4375,6,6,0,405334016,EleutherAI/pythia-410m,step8,seed6,6,8
It was a transparent film.,It was a plastic film.,film,film,Same Sense,0.022019624710083008,1,3.4375,6,6,0,405334016,EleutherAI/pythia-410m,step8,seed6,6,8
It was a transparent film.,It was a plastic film.,film,film,Same Sense,0.031026601791381836,2,3.4375,6,6,0,405334016,EleutherAI/pythia-410m,step8,seed6,6,8
It was a transparent film.,It was a plastic film.,film,film,Same Sense,0.03468048572540283,3,3.4375,6,6,0,405334016,EleutherAI/pythia-410m,step8,seed6,6,8
It was a transparent film.,It was a plastic film.,film,film,Same Sense,0.036836445331573486,4,3.4375,6,6,0,405334016,EleutherAI/pythia-410m,step8,seed6,6,8
It was a transparent film.,It was a plastic film.,film,film,Same Sense,0.0386805534362793,5,3.4375,6,6,0,405334016,EleutherAI/pythia-410m,step8,seed6,6,8
It was a transparent film.,It was a plastic film.,film,film,Same Sense,0.03892439603805542,6,3.4375,6,6,0,405334016,EleutherAI/pythia-410m,step8,seed6,6,8
It was a transparent film.,It was a plastic film.,film,film,Same Sense,0.03859668970108032,7,3.4375,6,6,0,405334016,EleutherAI/pythia-410m,step8,seed6,6,8
It was a transparent film.,It was a plastic film.,film,film,Same Sense,0.03766274452209473,8,3.4375,6,6,0,405334016,EleutherAI/pythia-410m,step8,seed6,6,8
It was a transparent film.,It was a plastic film.,film,film,Same Sense,0.03641867637634277,9,3.4375,6,6,0,405334016,EleutherAI/pythia-410m,step8,seed6,6,8
It was a transparent film.,It was a plastic film.,film,film,Same Sense,0.03558844327926636,10,3.4375,6,6,0,405334016,EleutherAI/pythia-410m,step8,seed6,6,8
It was a transparent film.,It was a plastic film.,film,film,Same Sense,0.035759031772613525,11,3.4375,6,6,0,405334016,EleutherAI/pythia-410m,step8,seed6,6,8
It was a transparent film.,It was a plastic film.,film,film,Same Sense,0.0349118709564209,12,3.4375,6,6,0,405334016,EleutherAI/pythia-410m,step8,seed6,6,8
It was a transparent film.,It was a plastic film.,film,film,Same Sense,0.03402358293533325,13,3.4375,6,6,0,405334016,EleutherAI/pythia-410m,step8,seed6,6,8
It was a transparent film.,It was a plastic film.,film,film,Same Sense,0.033628225326538086,14,3.4375,6,6,0,405334016,EleutherAI/pythia-410m,step8,seed6,6,8
It was a transparent film.,It was a plastic film.,film,film,Same Sense,0.03321123123168945,15,3.4375,6,6,0,405334016,EleutherAI/pythia-410m,step8,seed6,6,8
It was a transparent film.,It was a plastic film.,film,film,Same Sense,0.03196251392364502,16,3.4375,6,6,0,405334016,EleutherAI/pythia-410m,step8,seed6,6,8
It was a transparent film.,It was a plastic film.,film,film,Same Sense,0.031659483909606934,17,3.4375,6,6,0,405334016,EleutherAI/pythia-410m,step8,seed6,6,8
It was a transparent film.,It was a plastic film.,film,film,Same Sense,0.03137558698654175,18,3.4375,6,6,0,405334016,EleutherAI/pythia-410m,step8,seed6,6,8
It was a transparent film.,It was a plastic film.,film,film,Same Sense,0.030668556690216064,19,3.4375,6,6,0,405334016,EleutherAI/pythia-410m,step8,seed6,6,8
It was a transparent film.,It was a plastic film.,film,film,Same Sense,0.03124868869781494,20,3.4375,6,6,0,405334016,EleutherAI/pythia-410m,step8,seed6,6,8
It was a transparent film.,It was a plastic film.,film,film,Same Sense,0.03032827377319336,21,3.4375,6,6,0,405334016,EleutherAI/pythia-410m,step8,seed6,6,8
It was a transparent film.,It was a plastic film.,film,film,Same Sense,0.029880106449127197,22,3.4375,6,6,0,405334016,EleutherAI/pythia-410m,step8,seed6,6,8
It was a transparent film.,It was a plastic film.,film,film,Same Sense,0.028184175491333008,23,3.4375,6,6,0,405334016,EleutherAI/pythia-410m,step8,seed6,6,8
It was a transparent film.,It was a plastic film.,film,film,Same Sense,0.02787184715270996,24,3.4375,6,6,0,405334016,EleutherAI/pythia-410m,step8,seed6,6,8
It was a charitable foundation.,It was a wooden foundation.,foundation,foundation,Different Sense,0.0,0,0.583333333,6,6,0,405334016,EleutherAI/pythia-410m,step8,seed6,6,8
It was a charitable foundation.,It was a wooden foundation.,foundation,foundation,Different Sense,0.022690296173095703,1,0.583333333,6,6,0,405334016,EleutherAI/pythia-410m,step8,seed6,6,8
It was a charitable foundation.,It was a wooden foundation.,foundation,foundation,Different Sense,0.037650346755981445,2,0.583333333,6,6,0,405334016,EleutherAI/pythia-410m,step8,seed6,6,8
It was a charitable foundation.,It was a wooden foundation.,foundation,foundation,Different Sense,0.04228067398071289,3,0.583333333,6,6,0,405334016,EleutherAI/pythia-410m,step8,seed6,6,8
It was a charitable foundation.,It was a wooden foundation.,foundation,foundation,Different Sense,0.04514777660369873,4,0.583333333,6,6,0,405334016,EleutherAI/pythia-410m,step8,seed6,6,8
It was a charitable foundation.,It was a wooden foundation.,foundation,foundation,Different Sense,0.048711955547332764,5,0.583333333,6,6,0,405334016,EleutherAI/pythia-410m,step8,seed6,6,8
It was a charitable foundation.,It was a wooden foundation.,foundation,foundation,Different Sense,0.04795646667480469,6,0.583333333,6,6,0,405334016,EleutherAI/pythia-410m,step8,seed6,6,8
It was a charitable foundation.,It was a wooden foundation.,foundation,foundation,Different Sense,0.04775214195251465,7,0.583333333,6,6,0,405334016,EleutherAI/pythia-410m,step8,seed6,6,8
It was a charitable foundation.,It was a wooden foundation.,foundation,foundation,Different Sense,0.04620450735092163,8,0.583333333,6,6,0,405334016,EleutherAI/pythia-410m,step8,seed6,6,8
It was a charitable foundation.,It was a wooden foundation.,foundation,foundation,Different Sense,0.04620635509490967,9,0.583333333,6,6,0,405334016,EleutherAI/pythia-410m,step8,seed6,6,8
It was a charitable foundation.,It was a wooden foundation.,foundation,foundation,Different Sense,0.04719358682632446,10,0.583333333,6,6,0,405334016,EleutherAI/pythia-410m,step8,seed6,6,8
It was a charitable foundation.,It was a wooden foundation.,foundation,foundation,Different Sense,0.04520457983016968,11,0.583333333,6,6,0,405334016,EleutherAI/pythia-410m,step8,seed6,6,8
It was a charitable foundation.,It was a wooden foundation.,foundation,foundation,Different Sense,0.04605734348297119,12,0.583333333,6,6,0,405334016,EleutherAI/pythia-410m,step8,seed6,6,8
It was a charitable foundation.,It was a wooden foundation.,foundation,foundation,Different Sense,0.0469856858253479,13,0.583333333,6,6,0,405334016,EleutherAI/pythia-410m,step8,seed6,6,8
It was a charitable foundation.,It was a wooden foundation.,foundation,foundation,Different Sense,0.047009408473968506,14,0.583333333,6,6,0,405334016,EleutherAI/pythia-410m,step8,seed6,6,8
It was a charitable foundation.,It was a wooden foundation.,foundation,foundation,Different Sense,0.04607933759689331,15,0.583333333,6,6,0,405334016,EleutherAI/pythia-410m,step8,seed6,6,8
It was a charitable foundation.,It was a wooden foundation.,foundation,foundation,Different Sense,0.04600083827972412,16,0.583333333,6,6,0,405334016,EleutherAI/pythia-410m,step8,seed6,6,8
It was a charitable foundation.,It was a wooden foundation.,foundation,foundation,Different Sense,0.0451432466506958,17,0.583333333,6,6,0,405334016,EleutherAI/pythia-410m,step8,seed6,6,8
It was a charitable foundation.,It was a wooden foundation.,foundation,foundation,Different Sense,0.04463917016983032,18,0.583333333,6,6,0,405334016,EleutherAI/pythia-410m,step8,seed6,6,8
It was a charitable foundation.,It was a wooden foundation.,foundation,foundation,Different Sense,0.04346418380737305,19,0.583333333,6,6,0,405334016,EleutherAI/pythia-410m,step8,seed6,6,8
It was a charitable foundation.,It was a wooden foundation.,foundation,foundation,Different Sense,0.043521344661712646,20,0.583333333,6,6,0,405334016,EleutherAI/pythia-410m,step8,seed6,6,8
It was a charitable foundation.,It was a wooden foundation.,foundation,foundation,Different Sense,0.043277859687805176,21,0.583333333,6,6,0,405334016,EleutherAI/pythia-410m,step8,seed6,6,8
It was a charitable foundation.,It was a wooden foundation.,foundation,foundation,Different Sense,0.041320621967315674,22,0.583333333,6,6,0,405334016,EleutherAI/pythia-410m,step8,seed6,6,8
It was a charitable foundation.,It was a wooden foundation.,foundation,foundation,Different Sense,0.040340304374694824,23,0.583333333,6,6,0,405334016,EleutherAI/pythia-410m,step8,seed6,6,8
It was a charitable foundation.,It was a wooden foundation.,foundation,foundation,Different Sense,0.0408632755279541,24,0.583333333,6,6,0,405334016,EleutherAI/pythia-410m,step8,seed6,6,8
It was a charitable foundation.,It was a concrete foundation.,foundation,foundation,Different Sense,0.0,0,1.0,6,6,0,405334016,EleutherAI/pythia-410m,step8,seed6,6,8
It was a charitable foundation.,It was a concrete foundation.,foundation,foundation,Different Sense,0.02204674482345581,1,1.0,6,6,0,405334016,EleutherAI/pythia-410m,step8,seed6,6,8
It was a charitable foundation.,It was a concrete foundation.,foundation,foundation,Different Sense,0.03361093997955322,2,1.0,6,6,0,405334016,EleutherAI/pythia-410m,step8,seed6,6,8
It was a charitable foundation.,It was a concrete foundation.,foundation,foundation,Different Sense,0.04040229320526123,3,1.0,6,6,0,405334016,EleutherAI/pythia-410m,step8,seed6,6,8
It was a charitable foundation.,It was a concrete foundation.,foundation,foundation,Different Sense,0.04161912202835083,4,1.0,6,6,0,405334016,EleutherAI/pythia-410m,step8,seed6,6,8
It was a charitable foundation.,It was a concrete foundation.,foundation,foundation,Different Sense,0.0433802604675293,5,1.0,6,6,0,405334016,EleutherAI/pythia-410m,step8,seed6,6,8
It was a charitable foundation.,It was a concrete foundation.,foundation,foundation,Different Sense,0.042718470096588135,6,1.0,6,6,0,405334016,EleutherAI/pythia-410m,step8,seed6,6,8
It was a charitable foundation.,It was a concrete foundation.,foundation,foundation,Different Sense,0.04411327838897705,7,1.0,6,6,0,405334016,EleutherAI/pythia-410m,step8,seed6,6,8
It was a charitable foundation.,It was a concrete foundation.,foundation,foundation,Different Sense,0.0437932014465332,8,1.0,6,6,0,405334016,EleutherAI/pythia-410m,step8,seed6,6,8
It was a charitable foundation.,It was a concrete foundation.,foundation,foundation,Different Sense,0.04496985673904419,9,1.0,6,6,0,405334016,EleutherAI/pythia-410m,step8,seed6,6,8
It was a charitable foundation.,It was a concrete foundation.,foundation,foundation,Different Sense,0.0461735725402832,10,1.0,6,6,0,405334016,EleutherAI/pythia-410m,step8,seed6,6,8
It was a charitable foundation.,It was a concrete foundation.,foundation,foundation,Different Sense,0.044541358947753906,11,1.0,6,6,0,405334016,EleutherAI/pythia-410m,step8,seed6,6,8
It was a charitable foundation.,It was a concrete foundation.,foundation,foundation,Different Sense,0.04405456781387329,12,1.0,6,6,0,405334016,EleutherAI/pythia-410m,step8,seed6,6,8
It was a charitable foundation.,It was a concrete foundation.,foundation,foundation,Different Sense,0.04420828819274902,13,1.0,6,6,0,405334016,EleutherAI/pythia-410m,step8,seed6,6,8
It was a charitable foundation.,It was a concrete foundation.,foundation,foundation,Different Sense,0.0436365008354187,14,1.0,6,6,0,405334016,EleutherAI/pythia-410m,step8,seed6,6,8
It was a charitable foundation.,It was a concrete foundation.,foundation,foundation,Different Sense,0.04259979724884033,15,1.0,6,6,0,405334016,EleutherAI/pythia-410m,step8,seed6,6,8
It was a charitable foundation.,It was a concrete foundation.,foundation,foundation,Different Sense,0.04184645414352417,16,1.0,6,6,0,405334016,EleutherAI/pythia-410m,step8,seed6,6,8
It was a charitable foundation.,It was a concrete foundation.,foundation,foundation,Different Sense,0.041981041431427,17,1.0,6,6,0,405334016,EleutherAI/pythia-410m,step8,seed6,6,8
It was a charitable foundation.,It was a concrete foundation.,foundation,foundation,Different Sense,0.041300415992736816,18,1.0,6,6,0,405334016,EleutherAI/pythia-410m,step8,seed6,6,8
It was a charitable foundation.,It was a concrete foundation.,foundation,foundation,Different Sense,0.039671480655670166,19,1.0,6,6,0,405334016,EleutherAI/pythia-410m,step8,seed6,6,8
It was a charitable foundation.,It was a concrete foundation.,foundation,foundation,Different Sense,0.03973376750946045,20,1.0,6,6,0,405334016,EleutherAI/pythia-410m,step8,seed6,6,8
It was a charitable foundation.,It was a concrete foundation.,foundation,foundation,Different Sense,0.039765119552612305,21,1.0,6,6,0,405334016,EleutherAI/pythia-410m,step8,seed6,6,8
It was a charitable foundation.,It was a concrete foundation.,foundation,foundation,Different Sense,0.037857770919799805,22,1.0,6,6,0,405334016,EleutherAI/pythia-410m,step8,seed6,6,8
It was a charitable foundation.,It was a concrete foundation.,foundation,foundation,Different Sense,0.03685760498046875,23,1.0,6,6,0,405334016,EleutherAI/pythia-410m,step8,seed6,6,8
It was a charitable foundation.,It was a concrete foundation.,foundation,foundation,Different Sense,0.03713798522949219,24,1.0,6,6,0,405334016,EleutherAI/pythia-410m,step8,seed6,6,8
It was an educational foundation.,It was a wooden foundation.,foundation,foundation,Different Sense,0.0,0,0.75,6,6,0,405334016,EleutherAI/pythia-410m,step8,seed6,6,8
It was an educational foundation.,It was a wooden foundation.,foundation,foundation,Different Sense,0.045325398445129395,1,0.75,6,6,0,405334016,EleutherAI/pythia-410m,step8,seed6,6,8
It was an educational foundation.,It was a wooden foundation.,foundation,foundation,Different Sense,0.06636804342269897,2,0.75,6,6,0,405334016,EleutherAI/pythia-410m,step8,seed6,6,8
It was an educational foundation.,It was a wooden foundation.,foundation,foundation,Different Sense,0.08167415857315063,3,0.75,6,6,0,405334016,EleutherAI/pythia-410m,step8,seed6,6,8
It was an educational foundation.,It was a wooden foundation.,foundation,foundation,Different Sense,0.08522814512252808,4,0.75,6,6,0,405334016,EleutherAI/pythia-410m,step8,seed6,6,8
It was an educational foundation.,It was a wooden foundation.,foundation,foundation,Different Sense,0.09076470136642456,5,0.75,6,6,0,405334016,EleutherAI/pythia-410m,step8,seed6,6,8
It was an educational foundation.,It was a wooden foundation.,foundation,foundation,Different Sense,0.09305423498153687,6,0.75,6,6,0,405334016,EleutherAI/pythia-410m,step8,seed6,6,8
It was an educational foundation.,It was a wooden foundation.,foundation,foundation,Different Sense,0.09522521495819092,7,0.75,6,6,0,405334016,EleutherAI/pythia-410m,step8,seed6,6,8
It was an educational foundation.,It was a wooden foundation.,foundation,foundation,Different Sense,0.09069359302520752,8,0.75,6,6,0,405334016,EleutherAI/pythia-410m,step8,seed6,6,8
It was an educational foundation.,It was a wooden foundation.,foundation,foundation,Different Sense,0.08968651294708252,9,0.75,6,6,0,405334016,EleutherAI/pythia-410m,step8,seed6,6,8
It was an educational foundation.,It was a wooden foundation.,foundation,foundation,Different Sense,0.0945214033126831,10,0.75,6,6,0,405334016,EleutherAI/pythia-410m,step8,seed6,6,8
It was an educational foundation.,It was a wooden foundation.,foundation,foundation,Different Sense,0.0917779803276062,11,0.75,6,6,0,405334016,EleutherAI/pythia-410m,step8,seed6,6,8
It was an educational foundation.,It was a wooden foundation.,foundation,foundation,Different Sense,0.09411746263504028,12,0.75,6,6,0,405334016,EleutherAI/pythia-410m,step8,seed6,6,8
It was an educational foundation.,It was a wooden foundation.,foundation,foundation,Different Sense,0.09430032968521118,13,0.75,6,6,0,405334016,EleutherAI/pythia-410m,step8,seed6,6,8
It was an educational foundation.,It was a wooden foundation.,foundation,foundation,Different Sense,0.09207046031951904,14,0.75,6,6,0,405334016,EleutherAI/pythia-410m,step8,seed6,6,8
It was an educational foundation.,It was a wooden foundation.,foundation,foundation,Different Sense,0.09354710578918457,15,0.75,6,6,0,405334016,EleutherAI/pythia-410m,step8,seed6,6,8
It was an educational foundation.,It was a wooden foundation.,foundation,foundation,Different Sense,0.09225761890411377,16,0.75,6,6,0,405334016,EleutherAI/pythia-410m,step8,seed6,6,8
It was an educational foundation.,It was a wooden foundation.,foundation,foundation,Different Sense,0.09077799320220947,17,0.75,6,6,0,405334016,EleutherAI/pythia-410m,step8,seed6,6,8
It was an educational foundation.,It was a wooden foundation.,foundation,foundation,Different Sense,0.09054630994796753,18,0.75,6,6,0,405334016,EleutherAI/pythia-410m,step8,seed6,6,8
It was an educational foundation.,It was a wooden foundation.,foundation,foundation,Different Sense,0.08903872966766357,19,0.75,6,6,0,405334016,EleutherAI/pythia-410m,step8,seed6,6,8
It was an educational foundation.,It was a wooden foundation.,foundation,foundation,Different Sense,0.08809739351272583,20,0.75,6,6,0,405334016,EleutherAI/pythia-410m,step8,seed6,6,8
It was an educational foundation.,It was a wooden foundation.,foundation,foundation,Different Sense,0.08629417419433594,21,0.75,6,6,0,405334016,EleutherAI/pythia-410m,step8,seed6,6,8
It was an educational foundation.,It was a wooden foundation.,foundation,foundation,Different Sense,0.08186572790145874,22,0.75,6,6,0,405334016,EleutherAI/pythia-410m,step8,seed6,6,8
It was an educational foundation.,It was a wooden foundation.,foundation,foundation,Different Sense,0.08277887105941772,23,0.75,6,6,0,405334016,EleutherAI/pythia-410m,step8,seed6,6,8
It was an educational foundation.,It was a wooden foundation.,foundation,foundation,Different Sense,0.08243900537490845,24,0.75,6,6,0,405334016,EleutherAI/pythia-410m,step8,seed6,6,8
It was an educational foundation.,It was a concrete foundation.,foundation,foundation,Different Sense,0.0,0,1.555555556,6,6,0,405334016,EleutherAI/pythia-410m,step8,seed6,6,8
It was an educational foundation.,It was a concrete foundation.,foundation,foundation,Different Sense,0.0472068190574646,1,1.555555556,6,6,0,405334016,EleutherAI/pythia-410m,step8,seed6,6,8
It was an educational foundation.,It was a concrete foundation.,foundation,foundation,Different Sense,0.06865745782852173,2,1.555555556,6,6,0,405334016,EleutherAI/pythia-410m,step8,seed6,6,8
It was an educational foundation.,It was a concrete foundation.,foundation,foundation,Different Sense,0.08623480796813965,3,1.555555556,6,6,0,405334016,EleutherAI/pythia-410m,step8,seed6,6,8
It was an educational foundation.,It was a concrete foundation.,foundation,foundation,Different Sense,0.09053081274032593,4,1.555555556,6,6,0,405334016,EleutherAI/pythia-410m,step8,seed6,6,8
It was an educational foundation.,It was a concrete foundation.,foundation,foundation,Different Sense,0.09822595119476318,5,1.555555556,6,6,0,405334016,EleutherAI/pythia-410m,step8,seed6,6,8
It was an educational foundation.,It was a concrete foundation.,foundation,foundation,Different Sense,0.10132652521133423,6,1.555555556,6,6,0,405334016,EleutherAI/pythia-410m,step8,seed6,6,8
It was an educational foundation.,It was a concrete foundation.,foundation,foundation,Different Sense,0.1032407283782959,7,1.555555556,6,6,0,405334016,EleutherAI/pythia-410m,step8,seed6,6,8
It was an educational foundation.,It was a concrete foundation.,foundation,foundation,Different Sense,0.1002851128578186,8,1.555555556,6,6,0,405334016,EleutherAI/pythia-410m,step8,seed6,6,8
It was an educational foundation.,It was a concrete foundation.,foundation,foundation,Different Sense,0.10018986463546753,9,1.555555556,6,6,0,405334016,EleutherAI/pythia-410m,step8,seed6,6,8
It was an educational foundation.,It was a concrete foundation.,foundation,foundation,Different Sense,0.10465347766876221,10,1.555555556,6,6,0,405334016,EleutherAI/pythia-410m,step8,seed6,6,8
It was an educational foundation.,It was a concrete foundation.,foundation,foundation,Different Sense,0.10301953554153442,11,1.555555556,6,6,0,405334016,EleutherAI/pythia-410m,step8,seed6,6,8
It was an educational foundation.,It was a concrete foundation.,foundation,foundation,Different Sense,0.10170513391494751,12,1.555555556,6,6,0,405334016,EleutherAI/pythia-410m,step8,seed6,6,8
It was an educational foundation.,It was a concrete foundation.,foundation,foundation,Different Sense,0.10229665040969849,13,1.555555556,6,6,0,405334016,EleutherAI/pythia-410m,step8,seed6,6,8
It was an educational foundation.,It was a concrete foundation.,foundation,foundation,Different Sense,0.10023379325866699,14,1.555555556,6,6,0,405334016,EleutherAI/pythia-410m,step8,seed6,6,8
It was an educational foundation.,It was a concrete foundation.,foundation,foundation,Different Sense,0.10273724794387817,15,1.555555556,6,6,0,405334016,EleutherAI/pythia-410m,step8,seed6,6,8
It was an educational foundation.,It was a concrete foundation.,foundation,foundation,Different Sense,0.10268080234527588,16,1.555555556,6,6,0,405334016,EleutherAI/pythia-410m,step8,seed6,6,8
It was an educational foundation.,It was a concrete foundation.,foundation,foundation,Different Sense,0.10284101963043213,17,1.555555556,6,6,0,405334016,EleutherAI/pythia-410m,step8,seed6,6,8
It was an educational foundation.,It was a concrete foundation.,foundation,foundation,Different Sense,0.10179603099822998,18,1.555555556,6,6,0,405334016,EleutherAI/pythia-410m,step8,seed6,6,8
It was an educational foundation.,It was a concrete foundation.,foundation,foundation,Different Sense,0.09797227382659912,19,1.555555556,6,6,0,405334016,EleutherAI/pythia-410m,step8,seed6,6,8
It was an educational foundation.,It was a concrete foundation.,foundation,foundation,Different Sense,0.09679204225540161,20,1.555555556,6,6,0,405334016,EleutherAI/pythia-410m,step8,seed6,6,8
It was an educational foundation.,It was a concrete foundation.,foundation,foundation,Different Sense,0.09581506252288818,21,1.555555556,6,6,0,405334016,EleutherAI/pythia-410m,step8,seed6,6,8
It was an educational foundation.,It was a concrete foundation.,foundation,foundation,Different Sense,0.09184050559997559,22,1.555555556,6,6,0,405334016,EleutherAI/pythia-410m,step8,seed6,6,8
It was an educational foundation.,It was a concrete foundation.,foundation,foundation,Different Sense,0.09197485446929932,23,1.555555556,6,6,0,405334016,EleutherAI/pythia-410m,step8,seed6,6,8
It was an educational foundation.,It was a concrete foundation.,foundation,foundation,Different Sense,0.091968834400177,24,1.555555556,6,6,0,405334016,EleutherAI/pythia-410m,step8,seed6,6,8
It was a charitable foundation.,It was an educational foundation.,foundation,foundation,Same Sense,0.0,0,3.066666667,6,6,0,405334016,EleutherAI/pythia-410m,step8,seed6,6,8
It was a charitable foundation.,It was an educational foundation.,foundation,foundation,Same Sense,0.04262501001358032,1,3.066666667,6,6,0,405334016,EleutherAI/pythia-410m,step8,seed6,6,8
It was a charitable foundation.,It was an educational foundation.,foundation,foundation,Same Sense,0.0658332109451294,2,3.066666667,6,6,0,405334016,EleutherAI/pythia-410m,step8,seed6,6,8
It was a charitable foundation.,It was an educational foundation.,foundation,foundation,Same Sense,0.08110511302947998,3,3.066666667,6,6,0,405334016,EleutherAI/pythia-410m,step8,seed6,6,8
It was a charitable foundation.,It was an educational foundation.,foundation,foundation,Same Sense,0.08497452735900879,4,3.066666667,6,6,0,405334016,EleutherAI/pythia-410m,step8,seed6,6,8
It was a charitable foundation.,It was an educational foundation.,foundation,foundation,Same Sense,0.09314978122711182,5,3.066666667,6,6,0,405334016,EleutherAI/pythia-410m,step8,seed6,6,8
It was a charitable foundation.,It was an educational foundation.,foundation,foundation,Same Sense,0.09817981719970703,6,3.066666667,6,6,0,405334016,EleutherAI/pythia-410m,step8,seed6,6,8
It was a charitable foundation.,It was an educational foundation.,foundation,foundation,Same Sense,0.09954005479812622,7,3.066666667,6,6,0,405334016,EleutherAI/pythia-410m,step8,seed6,6,8
It was a charitable foundation.,It was an educational foundation.,foundation,foundation,Same Sense,0.09513944387435913,8,3.066666667,6,6,0,405334016,EleutherAI/pythia-410m,step8,seed6,6,8
It was a charitable foundation.,It was an educational foundation.,foundation,foundation,Same Sense,0.09223359823226929,9,3.066666667,6,6,0,405334016,EleutherAI/pythia-410m,step8,seed6,6,8
It was a charitable foundation.,It was an educational foundation.,foundation,foundation,Same Sense,0.09755343198776245,10,3.066666667,6,6,0,405334016,EleutherAI/pythia-410m,step8,seed6,6,8
It was a charitable foundation.,It was an educational foundation.,foundation,foundation,Same Sense,0.094840407371521,11,3.066666667,6,6,0,405334016,EleutherAI/pythia-410m,step8,seed6,6,8
It was a charitable foundation.,It was an educational foundation.,foundation,foundation,Same Sense,0.0939895510673523,12,3.066666667,6,6,0,405334016,EleutherAI/pythia-410m,step8,seed6,6,8
It was a charitable foundation.,It was an educational foundation.,foundation,foundation,Same Sense,0.09559231996536255,13,3.066666667,6,6,0,405334016,EleutherAI/pythia-410m,step8,seed6,6,8
It was a charitable foundation.,It was an educational foundation.,foundation,foundation,Same Sense,0.09329718351364136,14,3.066666667,6,6,0,405334016,EleutherAI/pythia-410m,step8,seed6,6,8
It was a charitable foundation.,It was an educational foundation.,foundation,foundation,Same Sense,0.09469753503799438,15,3.066666667,6,6,0,405334016,EleutherAI/pythia-410m,step8,seed6,6,8
It was a charitable foundation.,It was an educational foundation.,foundation,foundation,Same Sense,0.09177732467651367,16,3.066666667,6,6,0,405334016,EleutherAI/pythia-410m,step8,seed6,6,8
It was a charitable foundation.,It was an educational foundation.,foundation,foundation,Same Sense,0.09152835607528687,17,3.066666667,6,6,0,405334016,EleutherAI/pythia-410m,step8,seed6,6,8
It was a charitable foundation.,It was an educational foundation.,foundation,foundation,Same Sense,0.09117436408996582,18,3.066666667,6,6,0,405334016,EleutherAI/pythia-410m,step8,seed6,6,8
It was a charitable foundation.,It was an educational foundation.,foundation,foundation,Same Sense,0.08824074268341064,19,3.066666667,6,6,0,405334016,EleutherAI/pythia-410m,step8,seed6,6,8
It was a charitable foundation.,It was an educational foundation.,foundation,foundation,Same Sense,0.08749198913574219,20,3.066666667,6,6,0,405334016,EleutherAI/pythia-410m,step8,seed6,6,8
It was a charitable foundation.,It was an educational foundation.,foundation,foundation,Same Sense,0.0865289568901062,21,3.066666667,6,6,0,405334016,EleutherAI/pythia-410m,step8,seed6,6,8
It was a charitable foundation.,It was an educational foundation.,foundation,foundation,Same Sense,0.08183825016021729,22,3.066666667,6,6,0,405334016,EleutherAI/pythia-410m,step8,seed6,6,8
It was a charitable foundation.,It was an educational foundation.,foundation,foundation,Same Sense,0.0810280442237854,23,3.066666667,6,6,0,405334016,EleutherAI/pythia-410m,step8,seed6,6,8
It was a charitable foundation.,It was an educational foundation.,foundation,foundation,Same Sense,0.08076417446136475,24,3.066666667,6,6,0,405334016,EleutherAI/pythia-410m,step8,seed6,6,8
It was a wooden foundation.,It was a concrete foundation.,foundation,foundation,Same Sense,0.0,0,3.764705882,6,6,0,405334016,EleutherAI/pythia-410m,step8,seed6,6,8
It was a wooden foundation.,It was a concrete foundation.,foundation,foundation,Same Sense,0.019772887229919434,1,3.764705882,6,6,0,405334016,EleutherAI/pythia-410m,step8,seed6,6,8
It was a wooden foundation.,It was a concrete foundation.,foundation,foundation,Same Sense,0.028412222862243652,2,3.764705882,6,6,0,405334016,EleutherAI/pythia-410m,step8,seed6,6,8
It was a wooden foundation.,It was a concrete foundation.,foundation,foundation,Same Sense,0.03447437286376953,3,3.764705882,6,6,0,405334016,EleutherAI/pythia-410m,step8,seed6,6,8
It was a wooden foundation.,It was a concrete foundation.,foundation,foundation,Same Sense,0.03465336561203003,4,3.764705882,6,6,0,405334016,EleutherAI/pythia-410m,step8,seed6,6,8
It was a wooden foundation.,It was a concrete foundation.,foundation,foundation,Same Sense,0.0347447395324707,5,3.764705882,6,6,0,405334016,EleutherAI/pythia-410m,step8,seed6,6,8
It was a wooden foundation.,It was a concrete foundation.,foundation,foundation,Same Sense,0.03541278839111328,6,3.764705882,6,6,0,405334016,EleutherAI/pythia-410m,step8,seed6,6,8
It was a wooden foundation.,It was a concrete foundation.,foundation,foundation,Same Sense,0.03503525257110596,7,3.764705882,6,6,0,405334016,EleutherAI/pythia-410m,step8,seed6,6,8
It was a wooden foundation.,It was a concrete foundation.,foundation,foundation,Same Sense,0.035446107387542725,8,3.764705882,6,6,0,405334016,EleutherAI/pythia-410m,step8,seed6,6,8
It was a wooden foundation.,It was a concrete foundation.,foundation,foundation,Same Sense,0.03642851114273071,9,3.764705882,6,6,0,405334016,EleutherAI/pythia-410m,step8,seed6,6,8
It was a wooden foundation.,It was a concrete foundation.,foundation,foundation,Same Sense,0.0371096134185791,10,3.764705882,6,6,0,405334016,EleutherAI/pythia-410m,step8,seed6,6,8
It was a wooden foundation.,It was a concrete foundation.,foundation,foundation,Same Sense,0.03747081756591797,11,3.764705882,6,6,0,405334016,EleutherAI/pythia-410m,step8,seed6,6,8
It was a wooden foundation.,It was a concrete foundation.,foundation,foundation,Same Sense,0.037530601024627686,12,3.764705882,6,6,0,405334016,EleutherAI/pythia-410m,step8,seed6,6,8
It was a wooden foundation.,It was a concrete foundation.,foundation,foundation,Same Sense,0.038003504276275635,13,3.764705882,6,6,0,405334016,EleutherAI/pythia-410m,step8,seed6,6,8
It was a wooden foundation.,It was a concrete foundation.,foundation,foundation,Same Sense,0.03772258758544922,14,3.764705882,6,6,0,405334016,EleutherAI/pythia-410m,step8,seed6,6,8
It was a wooden foundation.,It was a concrete foundation.,foundation,foundation,Same Sense,0.03717994689941406,15,3.764705882,6,6,0,405334016,EleutherAI/pythia-410m,step8,seed6,6,8
It was a wooden foundation.,It was a concrete foundation.,foundation,foundation,Same Sense,0.03790760040283203,16,3.764705882,6,6,0,405334016,EleutherAI/pythia-410m,step8,seed6,6,8
It was a wooden foundation.,It was a concrete foundation.,foundation,foundation,Same Sense,0.03820669651031494,17,3.764705882,6,6,0,405334016,EleutherAI/pythia-410m,step8,seed6,6,8
It was a wooden foundation.,It was a concrete foundation.,foundation,foundation,Same Sense,0.0380435585975647,18,3.764705882,6,6,0,405334016,EleutherAI/pythia-410m,step8,seed6,6,8
It was a wooden foundation.,It was a concrete foundation.,foundation,foundation,Same Sense,0.03698629140853882,19,3.764705882,6,6,0,405334016,EleutherAI/pythia-410m,step8,seed6,6,8
It was a wooden foundation.,It was a concrete foundation.,foundation,foundation,Same Sense,0.03601837158203125,20,3.764705882,6,6,0,405334016,EleutherAI/pythia-410m,step8,seed6,6,8
It was a wooden foundation.,It was a concrete foundation.,foundation,foundation,Same Sense,0.03582113981246948,21,3.764705882,6,6,0,405334016,EleutherAI/pythia-410m,step8,seed6,6,8
It was a wooden foundation.,It was a concrete foundation.,foundation,foundation,Same Sense,0.0349506139755249,22,3.764705882,6,6,0,405334016,EleutherAI/pythia-410m,step8,seed6,6,8
It was a wooden foundation.,It was a concrete foundation.,foundation,foundation,Same Sense,0.03468966484069824,23,3.764705882,6,6,0,405334016,EleutherAI/pythia-410m,step8,seed6,6,8
It was a wooden foundation.,It was a concrete foundation.,foundation,foundation,Same Sense,0.03499305248260498,24,3.764705882,6,6,0,405334016,EleutherAI/pythia-410m,step8,seed6,6,8
It was a mathematical function.,It was a social function.,function,function,Different Sense,0.0,0,0.933333333,6,6,0,405334016,EleutherAI/pythia-410m,step8,seed6,6,8
It was a mathematical function.,It was a social function.,function,function,Different Sense,0.023627161979675293,1,0.933333333,6,6,0,405334016,EleutherAI/pythia-410m,step8,seed6,6,8
It was a mathematical function.,It was a social function.,function,function,Different Sense,0.03336536884307861,2,0.933333333,6,6,0,405334016,EleutherAI/pythia-410m,step8,seed6,6,8
It was a mathematical function.,It was a social function.,function,function,Different Sense,0.03474700450897217,3,0.933333333,6,6,0,405334016,EleutherAI/pythia-410m,step8,seed6,6,8
It was a mathematical function.,It was a social function.,function,function,Different Sense,0.035641491413116455,4,0.933333333,6,6,0,405334016,EleutherAI/pythia-410m,step8,seed6,6,8
It was a mathematical function.,It was a social function.,function,function,Different Sense,0.03831964731216431,5,0.933333333,6,6,0,405334016,EleutherAI/pythia-410m,step8,seed6,6,8
It was a mathematical function.,It was a social function.,function,function,Different Sense,0.04048454761505127,6,0.933333333,6,6,0,405334016,EleutherAI/pythia-410m,step8,seed6,6,8
It was a mathematical function.,It was a social function.,function,function,Different Sense,0.03909313678741455,7,0.933333333,6,6,0,405334016,EleutherAI/pythia-410m,step8,seed6,6,8
It was a mathematical function.,It was a social function.,function,function,Different Sense,0.03839266300201416,8,0.933333333,6,6,0,405334016,EleutherAI/pythia-410m,step8,seed6,6,8
It was a mathematical function.,It was a social function.,function,function,Different Sense,0.039771318435668945,9,0.933333333,6,6,0,405334016,EleutherAI/pythia-410m,step8,seed6,6,8
It was a mathematical function.,It was a social function.,function,function,Different Sense,0.03852111101150513,10,0.933333333,6,6,0,405334016,EleutherAI/pythia-410m,step8,seed6,6,8
It was a mathematical function.,It was a social function.,function,function,Different Sense,0.03804337978363037,11,0.933333333,6,6,0,405334016,EleutherAI/pythia-410m,step8,seed6,6,8
It was a mathematical function.,It was a social function.,function,function,Different Sense,0.037203073501586914,12,0.933333333,6,6,0,405334016,EleutherAI/pythia-410m,step8,seed6,6,8
It was a mathematical function.,It was a social function.,function,function,Different Sense,0.03951174020767212,13,0.933333333,6,6,0,405334016,EleutherAI/pythia-410m,step8,seed6,6,8
It was a mathematical function.,It was a social function.,function,function,Different Sense,0.037968575954437256,14,0.933333333,6,6,0,405334016,EleutherAI/pythia-410m,step8,seed6,6,8
It was a mathematical function.,It was a social function.,function,function,Different Sense,0.0374179482460022,15,0.933333333,6,6,0,405334016,EleutherAI/pythia-410m,step8,seed6,6,8
It was a mathematical function.,It was a social function.,function,function,Different Sense,0.03697925806045532,16,0.933333333,6,6,0,405334016,EleutherAI/pythia-410m,step8,seed6,6,8
It was a mathematical function.,It was a social function.,function,function,Different Sense,0.03670680522918701,17,0.933333333,6,6,0,405334016,EleutherAI/pythia-410m,step8,seed6,6,8
It was a mathematical function.,It was a social function.,function,function,Different Sense,0.03604000806808472,18,0.933333333,6,6,0,405334016,EleutherAI/pythia-410m,step8,seed6,6,8
It was a mathematical function.,It was a social function.,function,function,Different Sense,0.03397291898727417,19,0.933333333,6,6,0,405334016,EleutherAI/pythia-410m,step8,seed6,6,8
It was a mathematical function.,It was a social function.,function,function,Different Sense,0.03343552350997925,20,0.933333333,6,6,0,405334016,EleutherAI/pythia-410m,step8,seed6,6,8
It was a mathematical function.,It was a social function.,function,function,Different Sense,0.034698307514190674,21,0.933333333,6,6,0,405334016,EleutherAI/pythia-410m,step8,seed6,6,8
It was a mathematical function.,It was a social function.,function,function,Different Sense,0.03291696310043335,22,0.933333333,6,6,0,405334016,EleutherAI/pythia-410m,step8,seed6,6,8
It was a mathematical function.,It was a social function.,function,function,Different Sense,0.03188800811767578,23,0.933333333,6,6,0,405334016,EleutherAI/pythia-410m,step8,seed6,6,8
It was a mathematical function.,It was a social function.,function,function,Different Sense,0.031217217445373535,24,0.933333333,6,6,0,405334016,EleutherAI/pythia-410m,step8,seed6,6,8
It was a mathematical function.,It was a business function.,function,function,Different Sense,0.0,0,0.266666667,6,6,0,405334016,EleutherAI/pythia-410m,step8,seed6,6,8
It was a mathematical function.,It was a business function.,function,function,Different Sense,0.026459157466888428,1,0.266666667,6,6,0,405334016,EleutherAI/pythia-410m,step8,seed6,6,8
It was a mathematical function.,It was a business function.,function,function,Different Sense,0.036715149879455566,2,0.266666667,6,6,0,405334016,EleutherAI/pythia-410m,step8,seed6,6,8
It was a mathematical function.,It was a business function.,function,function,Different Sense,0.04096508026123047,3,0.266666667,6,6,0,405334016,EleutherAI/pythia-410m,step8,seed6,6,8
It was a mathematical function.,It was a business function.,function,function,Different Sense,0.04140084981918335,4,0.266666667,6,6,0,405334016,EleutherAI/pythia-410m,step8,seed6,6,8
It was a mathematical function.,It was a business function.,function,function,Different Sense,0.04157894849777222,5,0.266666667,6,6,0,405334016,EleutherAI/pythia-410m,step8,seed6,6,8
It was a mathematical function.,It was a business function.,function,function,Different Sense,0.04279124736785889,6,0.266666667,6,6,0,405334016,EleutherAI/pythia-410m,step8,seed6,6,8
It was a mathematical function.,It was a business function.,function,function,Different Sense,0.0425410270690918,7,0.266666667,6,6,0,405334016,EleutherAI/pythia-410m,step8,seed6,6,8
It was a mathematical function.,It was a business function.,function,function,Different Sense,0.04195147752761841,8,0.266666667,6,6,0,405334016,EleutherAI/pythia-410m,step8,seed6,6,8
It was a mathematical function.,It was a business function.,function,function,Different Sense,0.04344242811203003,9,0.266666667,6,6,0,405334016,EleutherAI/pythia-410m,step8,seed6,6,8
It was a mathematical function.,It was a business function.,function,function,Different Sense,0.04198724031448364,10,0.266666667,6,6,0,405334016,EleutherAI/pythia-410m,step8,seed6,6,8
It was a mathematical function.,It was a business function.,function,function,Different Sense,0.04234898090362549,11,0.266666667,6,6,0,405334016,EleutherAI/pythia-410m,step8,seed6,6,8
It was a mathematical function.,It was a business function.,function,function,Different Sense,0.042132019996643066,12,0.266666667,6,6,0,405334016,EleutherAI/pythia-410m,step8,seed6,6,8
It was a mathematical function.,It was a business function.,function,function,Different Sense,0.04342544078826904,13,0.266666667,6,6,0,405334016,EleutherAI/pythia-410m,step8,seed6,6,8
It was a mathematical function.,It was a business function.,function,function,Different Sense,0.04305827617645264,14,0.266666667,6,6,0,405334016,EleutherAI/pythia-410m,step8,seed6,6,8
It was a mathematical function.,It was a business function.,function,function,Different Sense,0.04219883680343628,15,0.266666667,6,6,0,405334016,EleutherAI/pythia-410m,step8,seed6,6,8
It was a mathematical function.,It was a business function.,function,function,Different Sense,0.04228407144546509,16,0.266666667,6,6,0,405334016,EleutherAI/pythia-410m,step8,seed6,6,8
It was a mathematical function.,It was a business function.,function,function,Different Sense,0.04215282201766968,17,0.266666667,6,6,0,405334016,EleutherAI/pythia-410m,step8,seed6,6,8
It was a mathematical function.,It was a business function.,function,function,Different Sense,0.04119664430618286,18,0.266666667,6,6,0,405334016,EleutherAI/pythia-410m,step8,seed6,6,8
It was a mathematical function.,It was a business function.,function,function,Different Sense,0.04029422998428345,19,0.266666667,6,6,0,405334016,EleutherAI/pythia-410m,step8,seed6,6,8
It was a mathematical function.,It was a business function.,function,function,Different Sense,0.038702428340911865,20,0.266666667,6,6,0,405334016,EleutherAI/pythia-410m,step8,seed6,6,8
It was a mathematical function.,It was a business function.,function,function,Different Sense,0.03993576765060425,21,0.266666667,6,6,0,405334016,EleutherAI/pythia-410m,step8,seed6,6,8
It was a mathematical function.,It was a business function.,function,function,Different Sense,0.03804713487625122,22,0.266666667,6,6,0,405334016,EleutherAI/pythia-410m,step8,seed6,6,8
It was a mathematical function.,It was a business function.,function,function,Different Sense,0.037379682064056396,23,0.266666667,6,6,0,405334016,EleutherAI/pythia-410m,step8,seed6,6,8
It was a mathematical function.,It was a business function.,function,function,Different Sense,0.036714136600494385,24,0.266666667,6,6,0,405334016,EleutherAI/pythia-410m,step8,seed6,6,8
It was a linear function.,It was a social function.,function,function,Different Sense,0.0,0,0.2,6,6,0,405334016,EleutherAI/pythia-410m,step8,seed6,6,8
It was a linear function.,It was a social function.,function,function,Different Sense,0.023732483386993408,1,0.2,6,6,0,405334016,EleutherAI/pythia-410m,step8,seed6,6,8
It was a linear function.,It was a social function.,function,function,Different Sense,0.03454089164733887,2,0.2,6,6,0,405334016,EleutherAI/pythia-410m,step8,seed6,6,8
It was a linear function.,It was a social function.,function,function,Different Sense,0.0359499454498291,3,0.2,6,6,0,405334016,EleutherAI/pythia-410m,step8,seed6,6,8
It was a linear function.,It was a social function.,function,function,Different Sense,0.03962975740432739,4,0.2,6,6,0,405334016,EleutherAI/pythia-410m,step8,seed6,6,8
It was a linear function.,It was a social function.,function,function,Different Sense,0.043039560317993164,5,0.2,6,6,0,405334016,EleutherAI/pythia-410m,step8,seed6,6,8
It was a linear function.,It was a social function.,function,function,Different Sense,0.04323077201843262,6,0.2,6,6,0,405334016,EleutherAI/pythia-410m,step8,seed6,6,8
It was a linear function.,It was a social function.,function,function,Different Sense,0.043652117252349854,7,0.2,6,6,0,405334016,EleutherAI/pythia-410m,step8,seed6,6,8
It was a linear function.,It was a social function.,function,function,Different Sense,0.042635202407836914,8,0.2,6,6,0,405334016,EleutherAI/pythia-410m,step8,seed6,6,8
It was a linear function.,It was a social function.,function,function,Different Sense,0.04439824819564819,9,0.2,6,6,0,405334016,EleutherAI/pythia-410m,step8,seed6,6,8
It was a linear function.,It was a social function.,function,function,Different Sense,0.043272554874420166,10,0.2,6,6,0,405334016,EleutherAI/pythia-410m,step8,seed6,6,8
It was a linear function.,It was a social function.,function,function,Different Sense,0.04279905557632446,11,0.2,6,6,0,405334016,EleutherAI/pythia-410m,step8,seed6,6,8
It was a linear function.,It was a social function.,function,function,Different Sense,0.04268592596054077,12,0.2,6,6,0,405334016,EleutherAI/pythia-410m,step8,seed6,6,8
It was a linear function.,It was a social function.,function,function,Different Sense,0.044601619243621826,13,0.2,6,6,0,405334016,EleutherAI/pythia-410m,step8,seed6,6,8
It was a linear function.,It was a social function.,function,function,Different Sense,0.043106675148010254,14,0.2,6,6,0,405334016,EleutherAI/pythia-410m,step8,seed6,6,8
It was a linear function.,It was a social function.,function,function,Different Sense,0.04262274503707886,15,0.2,6,6,0,405334016,EleutherAI/pythia-410m,step8,seed6,6,8
It was a linear function.,It was a social function.,function,function,Different Sense,0.042321860790252686,16,0.2,6,6,0,405334016,EleutherAI/pythia-410m,step8,seed6,6,8
It was a linear function.,It was a social function.,function,function,Different Sense,0.04146605730056763,17,0.2,6,6,0,405334016,EleutherAI/pythia-410m,step8,seed6,6,8
It was a linear function.,It was a social function.,function,function,Different Sense,0.04049962759017944,18,0.2,6,6,0,405334016,EleutherAI/pythia-410m,step8,seed6,6,8
It was a linear function.,It was a social function.,function,function,Different Sense,0.040319621562957764,19,0.2,6,6,0,405334016,EleutherAI/pythia-410m,step8,seed6,6,8
It was a linear function.,It was a social function.,function,function,Different Sense,0.03905707597732544,20,0.2,6,6,0,405334016,EleutherAI/pythia-410m,step8,seed6,6,8
It was a linear function.,It was a social function.,function,function,Different Sense,0.03927534818649292,21,0.2,6,6,0,405334016,EleutherAI/pythia-410m,step8,seed6,6,8
It was a linear function.,It was a social function.,function,function,Different Sense,0.037272870540618896,22,0.2,6,6,0,405334016,EleutherAI/pythia-410m,step8,seed6,6,8
It was a linear function.,It was a social function.,function,function,Different Sense,0.036510467529296875,23,0.2,6,6,0,405334016,EleutherAI/pythia-410m,step8,seed6,6,8
It was a linear function.,It was a social function.,function,function,Different Sense,0.0354771614074707,24,0.2,6,6,0,405334016,EleutherAI/pythia-410m,step8,seed6,6,8
It was a linear function.,It was a business function.,function,function,Different Sense,0.0,0,0.5,6,6,0,405334016,EleutherAI/pythia-410m,step8,seed6,6,8
It was a linear function.,It was a business function.,function,function,Different Sense,0.023648500442504883,1,0.5,6,6,0,405334016,EleutherAI/pythia-410m,step8,seed6,6,8
It was a linear function.,It was a business function.,function,function,Different Sense,0.034288227558135986,2,0.5,6,6,0,405334016,EleutherAI/pythia-410m,step8,seed6,6,8
It was a linear function.,It was a business function.,function,function,Different Sense,0.03892350196838379,3,0.5,6,6,0,405334016,EleutherAI/pythia-410m,step8,seed6,6,8
It was a linear function.,It was a business function.,function,function,Different Sense,0.04236888885498047,4,0.5,6,6,0,405334016,EleutherAI/pythia-410m,step8,seed6,6,8
It was a linear function.,It was a business function.,function,function,Different Sense,0.04479372501373291,5,0.5,6,6,0,405334016,EleutherAI/pythia-410m,step8,seed6,6,8
It was a linear function.,It was a business function.,function,function,Different Sense,0.044624388217926025,6,0.5,6,6,0,405334016,EleutherAI/pythia-410m,step8,seed6,6,8
It was a linear function.,It was a business function.,function,function,Different Sense,0.04542499780654907,7,0.5,6,6,0,405334016,EleutherAI/pythia-410m,step8,seed6,6,8
It was a linear function.,It was a business function.,function,function,Different Sense,0.04363912343978882,8,0.5,6,6,0,405334016,EleutherAI/pythia-410m,step8,seed6,6,8
It was a linear function.,It was a business function.,function,function,Different Sense,0.0441819429397583,9,0.5,6,6,0,405334016,EleutherAI/pythia-410m,step8,seed6,6,8
It was a linear function.,It was a business function.,function,function,Different Sense,0.04362386465072632,10,0.5,6,6,0,405334016,EleutherAI/pythia-410m,step8,seed6,6,8
It was a linear function.,It was a business function.,function,function,Different Sense,0.04294764995574951,11,0.5,6,6,0,405334016,EleutherAI/pythia-410m,step8,seed6,6,8
It was a linear function.,It was a business function.,function,function,Different Sense,0.04243570566177368,12,0.5,6,6,0,405334016,EleutherAI/pythia-410m,step8,seed6,6,8
It was a linear function.,It was a business function.,function,function,Different Sense,0.04408907890319824,13,0.5,6,6,0,405334016,EleutherAI/pythia-410m,step8,seed6,6,8
It was a linear function.,It was a business function.,function,function,Different Sense,0.04292076826095581,14,0.5,6,6,0,405334016,EleutherAI/pythia-410m,step8,seed6,6,8
It was a linear function.,It was a business function.,function,function,Different Sense,0.042747676372528076,15,0.5,6,6,0,405334016,EleutherAI/pythia-410m,step8,seed6,6,8
It was a linear function.,It was a business function.,function,function,Different Sense,0.041809260845184326,16,0.5,6,6,0,405334016,EleutherAI/pythia-410m,step8,seed6,6,8
It was a linear function.,It was a business function.,function,function,Different Sense,0.041326045989990234,17,0.5,6,6,0,405334016,EleutherAI/pythia-410m,step8,seed6,6,8
It was a linear function.,It was a business function.,function,function,Different Sense,0.04001086950302124,18,0.5,6,6,0,405334016,EleutherAI/pythia-410m,step8,seed6,6,8
It was a linear function.,It was a business function.,function,function,Different Sense,0.03906601667404175,19,0.5,6,6,0,405334016,EleutherAI/pythia-410m,step8,seed6,6,8
It was a linear function.,It was a business function.,function,function,Different Sense,0.037329912185668945,20,0.5,6,6,0,405334016,EleutherAI/pythia-410m,step8,seed6,6,8
It was a linear function.,It was a business function.,function,function,Different Sense,0.037406325340270996,21,0.5,6,6,0,405334016,EleutherAI/pythia-410m,step8,seed6,6,8
It was a linear function.,It was a business function.,function,function,Different Sense,0.036557018756866455,22,0.5,6,6,0,405334016,EleutherAI/pythia-410m,step8,seed6,6,8
It was a linear function.,It was a business function.,function,function,Different Sense,0.036554038524627686,23,0.5,6,6,0,405334016,EleutherAI/pythia-410m,step8,seed6,6,8
It was a linear function.,It was a business function.,function,function,Different Sense,0.035655319690704346,24,0.5,6,6,0,405334016,EleutherAI/pythia-410m,step8,seed6,6,8
It was a mathematical function.,It was a linear function.,function,function,Same Sense,0.0,0,3.75,6,6,0,405334016,EleutherAI/pythia-410m,step8,seed6,6,8
It was a mathematical function.,It was a linear function.,function,function,Same Sense,0.025143444538116455,1,3.75,6,6,0,405334016,EleutherAI/pythia-410m,step8,seed6,6,8
It was a mathematical function.,It was a linear function.,function,function,Same Sense,0.03679376840591431,2,3.75,6,6,0,405334016,EleutherAI/pythia-410m,step8,seed6,6,8
It was a mathematical function.,It was a linear function.,function,function,Same Sense,0.0387723445892334,3,3.75,6,6,0,405334016,EleutherAI/pythia-410m,step8,seed6,6,8
It was a mathematical function.,It was a linear function.,function,function,Same Sense,0.04200148582458496,4,3.75,6,6,0,405334016,EleutherAI/pythia-410m,step8,seed6,6,8
It was a mathematical function.,It was a linear function.,function,function,Same Sense,0.04355651140213013,5,3.75,6,6,0,405334016,EleutherAI/pythia-410m,step8,seed6,6,8
It was a mathematical function.,It was a linear function.,function,function,Same Sense,0.0433010458946228,6,3.75,6,6,0,405334016,EleutherAI/pythia-410m,step8,seed6,6,8
It was a mathematical function.,It was a linear function.,function,function,Same Sense,0.0441204309463501,7,3.75,6,6,0,405334016,EleutherAI/pythia-410m,step8,seed6,6,8
It was a mathematical function.,It was a linear function.,function,function,Same Sense,0.04252201318740845,8,3.75,6,6,0,405334016,EleutherAI/pythia-410m,step8,seed6,6,8
It was a mathematical function.,It was a linear function.,function,function,Same Sense,0.04471069574356079,9,3.75,6,6,0,405334016,EleutherAI/pythia-410m,step8,seed6,6,8
It was a mathematical function.,It was a linear function.,function,function,Same Sense,0.04494750499725342,10,3.75,6,6,0,405334016,EleutherAI/pythia-410m,step8,seed6,6,8
It was a mathematical function.,It was a linear function.,function,function,Same Sense,0.04445779323577881,11,3.75,6,6,0,405334016,EleutherAI/pythia-410m,step8,seed6,6,8
It was a mathematical function.,It was a linear function.,function,function,Same Sense,0.043089866638183594,12,3.75,6,6,0,405334016,EleutherAI/pythia-410m,step8,seed6,6,8
It was a mathematical function.,It was a linear function.,function,function,Same Sense,0.04481989145278931,13,3.75,6,6,0,405334016,EleutherAI/pythia-410m,step8,seed6,6,8
It was a mathematical function.,It was a linear function.,function,function,Same Sense,0.04474371671676636,14,3.75,6,6,0,405334016,EleutherAI/pythia-410m,step8,seed6,6,8
It was a mathematical function.,It was a linear function.,function,function,Same Sense,0.04385483264923096,15,3.75,6,6,0,405334016,EleutherAI/pythia-410m,step8,seed6,6,8
It was a mathematical function.,It was a linear function.,function,function,Same Sense,0.043055951595306396,16,3.75,6,6,0,405334016,EleutherAI/pythia-410m,step8,seed6,6,8
It was a mathematical function.,It was a linear function.,function,function,Same Sense,0.04269862174987793,17,3.75,6,6,0,405334016,EleutherAI/pythia-410m,step8,seed6,6,8
It was a mathematical function.,It was a linear function.,function,function,Same Sense,0.04111391305923462,18,3.75,6,6,0,405334016,EleutherAI/pythia-410m,step8,seed6,6,8
It was a mathematical function.,It was a linear function.,function,function,Same Sense,0.04014122486114502,19,3.75,6,6,0,405334016,EleutherAI/pythia-410m,step8,seed6,6,8
It was a mathematical function.,It was a linear function.,function,function,Same Sense,0.0389251708984375,20,3.75,6,6,0,405334016,EleutherAI/pythia-410m,step8,seed6,6,8
It was a mathematical function.,It was a linear function.,function,function,Same Sense,0.03924685716629028,21,3.75,6,6,0,405334016,EleutherAI/pythia-410m,step8,seed6,6,8
It was a mathematical function.,It was a linear function.,function,function,Same Sense,0.03726840019226074,22,3.75,6,6,0,405334016,EleutherAI/pythia-410m,step8,seed6,6,8
It was a mathematical function.,It was a linear function.,function,function,Same Sense,0.03639775514602661,23,3.75,6,6,0,405334016,EleutherAI/pythia-410m,step8,seed6,6,8
It was a mathematical function.,It was a linear function.,function,function,Same Sense,0.03622019290924072,24,3.75,6,6,0,405334016,EleutherAI/pythia-410m,step8,seed6,6,8
It was a social function.,It was a business function.,function,function,Same Sense,0.0,0,3.384615385,6,6,0,405334016,EleutherAI/pythia-410m,step8,seed6,6,8
It was a social function.,It was a business function.,function,function,Same Sense,0.030470609664916992,1,3.384615385,6,6,0,405334016,EleutherAI/pythia-410m,step8,seed6,6,8
It was a social function.,It was a business function.,function,function,Same Sense,0.038541316986083984,2,3.384615385,6,6,0,405334016,EleutherAI/pythia-410m,step8,seed6,6,8
It was a social function.,It was a business function.,function,function,Same Sense,0.041076838970184326,3,3.384615385,6,6,0,405334016,EleutherAI/pythia-410m,step8,seed6,6,8
It was a social function.,It was a business function.,function,function,Same Sense,0.0431516170501709,4,3.384615385,6,6,0,405334016,EleutherAI/pythia-410m,step8,seed6,6,8
It was a social function.,It was a business function.,function,function,Same Sense,0.044491469860076904,5,3.384615385,6,6,0,405334016,EleutherAI/pythia-410m,step8,seed6,6,8
It was a social function.,It was a business function.,function,function,Same Sense,0.04744911193847656,6,3.384615385,6,6,0,405334016,EleutherAI/pythia-410m,step8,seed6,6,8
It was a social function.,It was a business function.,function,function,Same Sense,0.04465055465698242,7,3.384615385,6,6,0,405334016,EleutherAI/pythia-410m,step8,seed6,6,8
It was a social function.,It was a business function.,function,function,Same Sense,0.044293224811553955,8,3.384615385,6,6,0,405334016,EleutherAI/pythia-410m,step8,seed6,6,8
It was a social function.,It was a business function.,function,function,Same Sense,0.04326409101486206,9,3.384615385,6,6,0,405334016,EleutherAI/pythia-410m,step8,seed6,6,8
It was a social function.,It was a business function.,function,function,Same Sense,0.04231232404708862,10,3.384615385,6,6,0,405334016,EleutherAI/pythia-410m,step8,seed6,6,8
It was a social function.,It was a business function.,function,function,Same Sense,0.042205810546875,11,3.384615385,6,6,0,405334016,EleutherAI/pythia-410m,step8,seed6,6,8
It was a social function.,It was a business function.,function,function,Same Sense,0.04193216562271118,12,3.384615385,6,6,0,405334016,EleutherAI/pythia-410m,step8,seed6,6,8
It was a social function.,It was a business function.,function,function,Same Sense,0.044599831104278564,13,3.384615385,6,6,0,405334016,EleutherAI/pythia-410m,step8,seed6,6,8
It was a social function.,It was a business function.,function,function,Same Sense,0.04223155975341797,14,3.384615385,6,6,0,405334016,EleutherAI/pythia-410m,step8,seed6,6,8
It was a social function.,It was a business function.,function,function,Same Sense,0.04245787858963013,15,3.384615385,6,6,0,405334016,EleutherAI/pythia-410m,step8,seed6,6,8
It was a social function.,It was a business function.,function,function,Same Sense,0.04132777452468872,16,3.384615385,6,6,0,405334016,EleutherAI/pythia-410m,step8,seed6,6,8
It was a social function.,It was a business function.,function,function,Same Sense,0.040470659732818604,17,3.384615385,6,6,0,405334016,EleutherAI/pythia-410m,step8,seed6,6,8
It was a social function.,It was a business function.,function,function,Same Sense,0.040039241313934326,18,3.384615385,6,6,0,405334016,EleutherAI/pythia-410m,step8,seed6,6,8
It was a social function.,It was a business function.,function,function,Same Sense,0.03910404443740845,19,3.384615385,6,6,0,405334016,EleutherAI/pythia-410m,step8,seed6,6,8
It was a social function.,It was a business function.,function,function,Same Sense,0.03769803047180176,20,3.384615385,6,6,0,405334016,EleutherAI/pythia-410m,step8,seed6,6,8
It was a social function.,It was a business function.,function,function,Same Sense,0.03852599859237671,21,3.384615385,6,6,0,405334016,EleutherAI/pythia-410m,step8,seed6,6,8
It was a social function.,It was a business function.,function,function,Same Sense,0.03674668073654175,22,3.384615385,6,6,0,405334016,EleutherAI/pythia-410m,step8,seed6,6,8
It was a social function.,It was a business function.,function,function,Same Sense,0.03629857301712036,23,3.384615385,6,6,0,405334016,EleutherAI/pythia-410m,step8,seed6,6,8
It was a social function.,It was a business function.,function,function,Same Sense,0.035365939140319824,24,3.384615385,6,6,0,405334016,EleutherAI/pythia-410m,step8,seed6,6,8
He was on the firm ground.,He was on the camp ground.,ground,ground,Different Sense,0.0,0,2.285714286,7,7,0,405334016,EleutherAI/pythia-410m,step8,seed6,6,8
He was on the firm ground.,He was on the camp ground.,ground,ground,Different Sense,0.019378960132598877,1,2.285714286,7,7,0,405334016,EleutherAI/pythia-410m,step8,seed6,6,8
He was on the firm ground.,He was on the camp ground.,ground,ground,Different Sense,0.02725273370742798,2,2.285714286,7,7,0,405334016,EleutherAI/pythia-410m,step8,seed6,6,8
He was on the firm ground.,He was on the camp ground.,ground,ground,Different Sense,0.028797626495361328,3,2.285714286,7,7,0,405334016,EleutherAI/pythia-410m,step8,seed6,6,8
He was on the firm ground.,He was on the camp ground.,ground,ground,Different Sense,0.028631210327148438,4,2.285714286,7,7,0,405334016,EleutherAI/pythia-410m,step8,seed6,6,8
He was on the firm ground.,He was on the camp ground.,ground,ground,Different Sense,0.029786109924316406,5,2.285714286,7,7,0,405334016,EleutherAI/pythia-410m,step8,seed6,6,8
He was on the firm ground.,He was on the camp ground.,ground,ground,Different Sense,0.0267026424407959,6,2.285714286,7,7,0,405334016,EleutherAI/pythia-410m,step8,seed6,6,8
He was on the firm ground.,He was on the camp ground.,ground,ground,Different Sense,0.027319014072418213,7,2.285714286,7,7,0,405334016,EleutherAI/pythia-410m,step8,seed6,6,8
He was on the firm ground.,He was on the camp ground.,ground,ground,Different Sense,0.028149187564849854,8,2.285714286,7,7,0,405334016,EleutherAI/pythia-410m,step8,seed6,6,8
He was on the firm ground.,He was on the camp ground.,ground,ground,Different Sense,0.028507471084594727,9,2.285714286,7,7,0,405334016,EleutherAI/pythia-410m,step8,seed6,6,8
He was on the firm ground.,He was on the camp ground.,ground,ground,Different Sense,0.02818208932876587,10,2.285714286,7,7,0,405334016,EleutherAI/pythia-410m,step8,seed6,6,8
He was on the firm ground.,He was on the camp ground.,ground,ground,Different Sense,0.026954829692840576,11,2.285714286,7,7,0,405334016,EleutherAI/pythia-410m,step8,seed6,6,8
He was on the firm ground.,He was on the camp ground.,ground,ground,Different Sense,0.02638190984725952,12,2.285714286,7,7,0,405334016,EleutherAI/pythia-410m,step8,seed6,6,8
He was on the firm ground.,He was on the camp ground.,ground,ground,Different Sense,0.02629786729812622,13,2.285714286,7,7,0,405334016,EleutherAI/pythia-410m,step8,seed6,6,8
He was on the firm ground.,He was on the camp ground.,ground,ground,Different Sense,0.025777757167816162,14,2.285714286,7,7,0,405334016,EleutherAI/pythia-410m,step8,seed6,6,8
He was on the firm ground.,He was on the camp ground.,ground,ground,Different Sense,0.02417910099029541,15,2.285714286,7,7,0,405334016,EleutherAI/pythia-410m,step8,seed6,6,8
He was on the firm ground.,He was on the camp ground.,ground,ground,Different Sense,0.024199962615966797,16,2.285714286,7,7,0,405334016,EleutherAI/pythia-410m,step8,seed6,6,8
He was on the firm ground.,He was on the camp ground.,ground,ground,Different Sense,0.024045705795288086,17,2.285714286,7,7,0,405334016,EleutherAI/pythia-410m,step8,seed6,6,8
He was on the firm ground.,He was on the camp ground.,ground,ground,Different Sense,0.023864686489105225,18,2.285714286,7,7,0,405334016,EleutherAI/pythia-410m,step8,seed6,6,8
He was on the firm ground.,He was on the camp ground.,ground,ground,Different Sense,0.023617327213287354,19,2.285714286,7,7,0,405334016,EleutherAI/pythia-410m,step8,seed6,6,8
He was on the firm ground.,He was on the camp ground.,ground,ground,Different Sense,0.02308964729309082,20,2.285714286,7,7,0,405334016,EleutherAI/pythia-410m,step8,seed6,6,8
He was on the firm ground.,He was on the camp ground.,ground,ground,Different Sense,0.023505449295043945,21,2.285714286,7,7,0,405334016,EleutherAI/pythia-410m,step8,seed6,6,8
He was on the firm ground.,He was on the camp ground.,ground,ground,Different Sense,0.023522615432739258,22,2.285714286,7,7,0,405334016,EleutherAI/pythia-410m,step8,seed6,6,8
He was on the firm ground.,He was on the camp ground.,ground,ground,Different Sense,0.023535072803497314,23,2.285714286,7,7,0,405334016,EleutherAI/pythia-410m,step8,seed6,6,8
He was on the firm ground.,He was on the camp ground.,ground,ground,Different Sense,0.023592650890350342,24,2.285714286,7,7,0,405334016,EleutherAI/pythia-410m,step8,seed6,6,8
He was on the firm ground.,He was on the parade ground.,ground,ground,Different Sense,0.0,0,1.846153846,7,7,0,405334016,EleutherAI/pythia-410m,step8,seed6,6,8
He was on the firm ground.,He was on the parade ground.,ground,ground,Different Sense,0.017373383045196533,1,1.846153846,7,7,0,405334016,EleutherAI/pythia-410m,step8,seed6,6,8
He was on the firm ground.,He was on the parade ground.,ground,ground,Different Sense,0.02247774600982666,2,1.846153846,7,7,0,405334016,EleutherAI/pythia-410m,step8,seed6,6,8
He was on the firm ground.,He was on the parade ground.,ground,ground,Different Sense,0.024196982383728027,3,1.846153846,7,7,0,405334016,EleutherAI/pythia-410m,step8,seed6,6,8
He was on the firm ground.,He was on the parade ground.,ground,ground,Different Sense,0.024327397346496582,4,1.846153846,7,7,0,405334016,EleutherAI/pythia-410m,step8,seed6,6,8
He was on the firm ground.,He was on the parade ground.,ground,ground,Different Sense,0.02583754062652588,5,1.846153846,7,7,0,405334016,EleutherAI/pythia-410m,step8,seed6,6,8
He was on the firm ground.,He was on the parade ground.,ground,ground,Different Sense,0.025374948978424072,6,1.846153846,7,7,0,405334016,EleutherAI/pythia-410m,step8,seed6,6,8
He was on the firm ground.,He was on the parade ground.,ground,ground,Different Sense,0.025391757488250732,7,1.846153846,7,7,0,405334016,EleutherAI/pythia-410m,step8,seed6,6,8
He was on the firm ground.,He was on the parade ground.,ground,ground,Different Sense,0.02543240785598755,8,1.846153846,7,7,0,405334016,EleutherAI/pythia-410m,step8,seed6,6,8
He was on the firm ground.,He was on the parade ground.,ground,ground,Different Sense,0.02551865577697754,9,1.846153846,7,7,0,405334016,EleutherAI/pythia-410m,step8,seed6,6,8
He was on the firm ground.,He was on the parade ground.,ground,ground,Different Sense,0.024657130241394043,10,1.846153846,7,7,0,405334016,EleutherAI/pythia-410m,step8,seed6,6,8
He was on the firm ground.,He was on the parade ground.,ground,ground,Different Sense,0.023773372173309326,11,1.846153846,7,7,0,405334016,EleutherAI/pythia-410m,step8,seed6,6,8
He was on the firm ground.,He was on the parade ground.,ground,ground,Different Sense,0.023143112659454346,12,1.846153846,7,7,0,405334016,EleutherAI/pythia-410m,step8,seed6,6,8
He was on the firm ground.,He was on the parade ground.,ground,ground,Different Sense,0.023155689239501953,13,1.846153846,7,7,0,405334016,EleutherAI/pythia-410m,step8,seed6,6,8
He was on the firm ground.,He was on the parade ground.,ground,ground,Different Sense,0.022734344005584717,14,1.846153846,7,7,0,405334016,EleutherAI/pythia-410m,step8,seed6,6,8
He was on the firm ground.,He was on the parade ground.,ground,ground,Different Sense,0.021386444568634033,15,1.846153846,7,7,0,405334016,EleutherAI/pythia-410m,step8,seed6,6,8
He was on the firm ground.,He was on the parade ground.,ground,ground,Different Sense,0.021470308303833008,16,1.846153846,7,7,0,405334016,EleutherAI/pythia-410m,step8,seed6,6,8
He was on the firm ground.,He was on the parade ground.,ground,ground,Different Sense,0.021574318408966064,17,1.846153846,7,7,0,405334016,EleutherAI/pythia-410m,step8,seed6,6,8
He was on the firm ground.,He was on the parade ground.,ground,ground,Different Sense,0.02130526304244995,18,1.846153846,7,7,0,405334016,EleutherAI/pythia-410m,step8,seed6,6,8
He was on the firm ground.,He was on the parade ground.,ground,ground,Different Sense,0.020712733268737793,19,1.846153846,7,7,0,405334016,EleutherAI/pythia-410m,step8,seed6,6,8
He was on the firm ground.,He was on the parade ground.,ground,ground,Different Sense,0.02052462100982666,20,1.846153846,7,7,0,405334016,EleutherAI/pythia-410m,step8,seed6,6,8
He was on the firm ground.,He was on the parade ground.,ground,ground,Different Sense,0.02026766538619995,21,1.846153846,7,7,0,405334016,EleutherAI/pythia-410m,step8,seed6,6,8
He was on the firm ground.,He was on the parade ground.,ground,ground,Different Sense,0.01950150728225708,22,1.846153846,7,7,0,405334016,EleutherAI/pythia-410m,step8,seed6,6,8
He was on the firm ground.,He was on the parade ground.,ground,ground,Different Sense,0.01924729347229004,23,1.846153846,7,7,0,405334016,EleutherAI/pythia-410m,step8,seed6,6,8
He was on the firm ground.,He was on the parade ground.,ground,ground,Different Sense,0.019444704055786133,24,1.846153846,7,7,0,405334016,EleutherAI/pythia-410m,step8,seed6,6,8
He was on the frozen ground.,He was on the camp ground.,ground,ground,Different Sense,0.0,0,2.923076923,7,7,0,405334016,EleutherAI/pythia-410m,step8,seed6,6,8
He was on the frozen ground.,He was on the camp ground.,ground,ground,Different Sense,0.01947939395904541,1,2.923076923,7,7,0,405334016,EleutherAI/pythia-410m,step8,seed6,6,8
He was on the frozen ground.,He was on the camp ground.,ground,ground,Different Sense,0.02481675148010254,2,2.923076923,7,7,0,405334016,EleutherAI/pythia-410m,step8,seed6,6,8
He was on the frozen ground.,He was on the camp ground.,ground,ground,Different Sense,0.025109827518463135,3,2.923076923,7,7,0,405334016,EleutherAI/pythia-410m,step8,seed6,6,8
He was on the frozen ground.,He was on the camp ground.,ground,ground,Different Sense,0.023639559745788574,4,2.923076923,7,7,0,405334016,EleutherAI/pythia-410m,step8,seed6,6,8
He was on the frozen ground.,He was on the camp ground.,ground,ground,Different Sense,0.024631619453430176,5,2.923076923,7,7,0,405334016,EleutherAI/pythia-410m,step8,seed6,6,8
He was on the frozen ground.,He was on the camp ground.,ground,ground,Different Sense,0.02352321147918701,6,2.923076923,7,7,0,405334016,EleutherAI/pythia-410m,step8,seed6,6,8
He was on the frozen ground.,He was on the camp ground.,ground,ground,Different Sense,0.02347475290298462,7,2.923076923,7,7,0,405334016,EleutherAI/pythia-410m,step8,seed6,6,8
He was on the frozen ground.,He was on the camp ground.,ground,ground,Different Sense,0.02375030517578125,8,2.923076923,7,7,0,405334016,EleutherAI/pythia-410m,step8,seed6,6,8
He was on the frozen ground.,He was on the camp ground.,ground,ground,Different Sense,0.02439272403717041,9,2.923076923,7,7,0,405334016,EleutherAI/pythia-410m,step8,seed6,6,8
He was on the frozen ground.,He was on the camp ground.,ground,ground,Different Sense,0.02515709400177002,10,2.923076923,7,7,0,405334016,EleutherAI/pythia-410m,step8,seed6,6,8
He was on the frozen ground.,He was on the camp ground.,ground,ground,Different Sense,0.02404320240020752,11,2.923076923,7,7,0,405334016,EleutherAI/pythia-410m,step8,seed6,6,8
He was on the frozen ground.,He was on the camp ground.,ground,ground,Different Sense,0.024554669857025146,12,2.923076923,7,7,0,405334016,EleutherAI/pythia-410m,step8,seed6,6,8
He was on the frozen ground.,He was on the camp ground.,ground,ground,Different Sense,0.023945927619934082,13,2.923076923,7,7,0,405334016,EleutherAI/pythia-410m,step8,seed6,6,8
He was on the frozen ground.,He was on the camp ground.,ground,ground,Different Sense,0.023647785186767578,14,2.923076923,7,7,0,405334016,EleutherAI/pythia-410m,step8,seed6,6,8
He was on the frozen ground.,He was on the camp ground.,ground,ground,Different Sense,0.02323096990585327,15,2.923076923,7,7,0,405334016,EleutherAI/pythia-410m,step8,seed6,6,8
He was on the frozen ground.,He was on the camp ground.,ground,ground,Different Sense,0.021996915340423584,16,2.923076923,7,7,0,405334016,EleutherAI/pythia-410m,step8,seed6,6,8
He was on the frozen ground.,He was on the camp ground.,ground,ground,Different Sense,0.021270036697387695,17,2.923076923,7,7,0,405334016,EleutherAI/pythia-410m,step8,seed6,6,8
He was on the frozen ground.,He was on the camp ground.,ground,ground,Different Sense,0.020404279232025146,18,2.923076923,7,7,0,405334016,EleutherAI/pythia-410m,step8,seed6,6,8
He was on the frozen ground.,He was on the camp ground.,ground,ground,Different Sense,0.020046472549438477,19,2.923076923,7,7,0,405334016,EleutherAI/pythia-410m,step8,seed6,6,8
He was on the frozen ground.,He was on the camp ground.,ground,ground,Different Sense,0.01956695318222046,20,2.923076923,7,7,0,405334016,EleutherAI/pythia-410m,step8,seed6,6,8
He was on the frozen ground.,He was on the camp ground.,ground,ground,Different Sense,0.01898205280303955,21,2.923076923,7,7,0,405334016,EleutherAI/pythia-410m,step8,seed6,6,8
He was on the frozen ground.,He was on the camp ground.,ground,ground,Different Sense,0.018184959888458252,22,2.923076923,7,7,0,405334016,EleutherAI/pythia-410m,step8,seed6,6,8
He was on the frozen ground.,He was on the camp ground.,ground,ground,Different Sense,0.018318891525268555,23,2.923076923,7,7,0,405334016,EleutherAI/pythia-410m,step8,seed6,6,8
He was on the frozen ground.,He was on the camp ground.,ground,ground,Different Sense,0.01827836036682129,24,2.923076923,7,7,0,405334016,EleutherAI/pythia-410m,step8,seed6,6,8
He was on the frozen ground.,He was on the parade ground.,ground,ground,Different Sense,0.0,0,3.5,7,7,0,405334016,EleutherAI/pythia-410m,step8,seed6,6,8
He was on the frozen ground.,He was on the parade ground.,ground,ground,Different Sense,0.01673024892807007,1,3.5,7,7,0,405334016,EleutherAI/pythia-410m,step8,seed6,6,8
He was on the frozen ground.,He was on the parade ground.,ground,ground,Different Sense,0.021186232566833496,2,3.5,7,7,0,405334016,EleutherAI/pythia-410m,step8,seed6,6,8
He was on the frozen ground.,He was on the parade ground.,ground,ground,Different Sense,0.022548377513885498,3,3.5,7,7,0,405334016,EleutherAI/pythia-410m,step8,seed6,6,8
He was on the frozen ground.,He was on the parade ground.,ground,ground,Different Sense,0.02263861894607544,4,3.5,7,7,0,405334016,EleutherAI/pythia-410m,step8,seed6,6,8
He was on the frozen ground.,He was on the parade ground.,ground,ground,Different Sense,0.025217056274414062,5,3.5,7,7,0,405334016,EleutherAI/pythia-410m,step8,seed6,6,8
He was on the frozen ground.,He was on the parade ground.,ground,ground,Different Sense,0.025523781776428223,6,3.5,7,7,0,405334016,EleutherAI/pythia-410m,step8,seed6,6,8
He was on the frozen ground.,He was on the parade ground.,ground,ground,Different Sense,0.024985671043395996,7,3.5,7,7,0,405334016,EleutherAI/pythia-410m,step8,seed6,6,8
He was on the frozen ground.,He was on the parade ground.,ground,ground,Different Sense,0.024783968925476074,8,3.5,7,7,0,405334016,EleutherAI/pythia-410m,step8,seed6,6,8
He was on the frozen ground.,He was on the parade ground.,ground,ground,Different Sense,0.025203227996826172,9,3.5,7,7,0,405334016,EleutherAI/pythia-410m,step8,seed6,6,8
He was on the frozen ground.,He was on the parade ground.,ground,ground,Different Sense,0.025351524353027344,10,3.5,7,7,0,405334016,EleutherAI/pythia-410m,step8,seed6,6,8
He was on the frozen ground.,He was on the parade ground.,ground,ground,Different Sense,0.023885071277618408,11,3.5,7,7,0,405334016,EleutherAI/pythia-410m,step8,seed6,6,8
He was on the frozen ground.,He was on the parade ground.,ground,ground,Different Sense,0.02362215518951416,12,3.5,7,7,0,405334016,EleutherAI/pythia-410m,step8,seed6,6,8
He was on the frozen ground.,He was on the parade ground.,ground,ground,Different Sense,0.0233229398727417,13,3.5,7,7,0,405334016,EleutherAI/pythia-410m,step8,seed6,6,8
He was on the frozen ground.,He was on the parade ground.,ground,ground,Different Sense,0.022507667541503906,14,3.5,7,7,0,405334016,EleutherAI/pythia-410m,step8,seed6,6,8
He was on the frozen ground.,He was on the parade ground.,ground,ground,Different Sense,0.021705329418182373,15,3.5,7,7,0,405334016,EleutherAI/pythia-410m,step8,seed6,6,8
He was on the frozen ground.,He was on the parade ground.,ground,ground,Different Sense,0.021089911460876465,16,3.5,7,7,0,405334016,EleutherAI/pythia-410m,step8,seed6,6,8
He was on the frozen ground.,He was on the parade ground.,ground,ground,Different Sense,0.020994126796722412,17,3.5,7,7,0,405334016,EleutherAI/pythia-410m,step8,seed6,6,8
He was on the frozen ground.,He was on the parade ground.,ground,ground,Different Sense,0.020262956619262695,18,3.5,7,7,0,405334016,EleutherAI/pythia-410m,step8,seed6,6,8
He was on the frozen ground.,He was on the parade ground.,ground,ground,Different Sense,0.020258188247680664,19,3.5,7,7,0,405334016,EleutherAI/pythia-410m,step8,seed6,6,8
He was on the frozen ground.,He was on the parade ground.,ground,ground,Different Sense,0.020405471324920654,20,3.5,7,7,0,405334016,EleutherAI/pythia-410m,step8,seed6,6,8
He was on the frozen ground.,He was on the parade ground.,ground,ground,Different Sense,0.01982402801513672,21,3.5,7,7,0,405334016,EleutherAI/pythia-410m,step8,seed6,6,8
He was on the frozen ground.,He was on the parade ground.,ground,ground,Different Sense,0.018954694271087646,22,3.5,7,7,0,405334016,EleutherAI/pythia-410m,step8,seed6,6,8
He was on the frozen ground.,He was on the parade ground.,ground,ground,Different Sense,0.01869070529937744,23,3.5,7,7,0,405334016,EleutherAI/pythia-410m,step8,seed6,6,8
He was on the frozen ground.,He was on the parade ground.,ground,ground,Different Sense,0.018819451332092285,24,3.5,7,7,0,405334016,EleutherAI/pythia-410m,step8,seed6,6,8
He was on the firm ground.,He was on the frozen ground.,ground,ground,Same Sense,0.0,0,3.615384615,7,7,0,405334016,EleutherAI/pythia-410m,step8,seed6,6,8
He was on the firm ground.,He was on the frozen ground.,ground,ground,Same Sense,0.020550012588500977,1,3.615384615,7,7,0,405334016,EleutherAI/pythia-410m,step8,seed6,6,8
He was on the firm ground.,He was on the frozen ground.,ground,ground,Same Sense,0.025666534900665283,2,3.615384615,7,7,0,405334016,EleutherAI/pythia-410m,step8,seed6,6,8
He was on the firm ground.,He was on the frozen ground.,ground,ground,Same Sense,0.026242554187774658,3,3.615384615,7,7,0,405334016,EleutherAI/pythia-410m,step8,seed6,6,8
He was on the firm ground.,He was on the frozen ground.,ground,ground,Same Sense,0.026702284812927246,4,3.615384615,7,7,0,405334016,EleutherAI/pythia-410m,step8,seed6,6,8
He was on the firm ground.,He was on the frozen ground.,ground,ground,Same Sense,0.0277978777885437,5,3.615384615,7,7,0,405334016,EleutherAI/pythia-410m,step8,seed6,6,8
He was on the firm ground.,He was on the frozen ground.,ground,ground,Same Sense,0.027043640613555908,6,3.615384615,7,7,0,405334016,EleutherAI/pythia-410m,step8,seed6,6,8
He was on the firm ground.,He was on the frozen ground.,ground,ground,Same Sense,0.027138590812683105,7,3.615384615,7,7,0,405334016,EleutherAI/pythia-410m,step8,seed6,6,8
He was on the firm ground.,He was on the frozen ground.,ground,ground,Same Sense,0.02786874771118164,8,3.615384615,7,7,0,405334016,EleutherAI/pythia-410m,step8,seed6,6,8
He was on the firm ground.,He was on the frozen ground.,ground,ground,Same Sense,0.028068900108337402,9,3.615384615,7,7,0,405334016,EleutherAI/pythia-410m,step8,seed6,6,8
He was on the firm ground.,He was on the frozen ground.,ground,ground,Same Sense,0.027324795722961426,10,3.615384615,7,7,0,405334016,EleutherAI/pythia-410m,step8,seed6,6,8
He was on the firm ground.,He was on the frozen ground.,ground,ground,Same Sense,0.025851964950561523,11,3.615384615,7,7,0,405334016,EleutherAI/pythia-410m,step8,seed6,6,8
He was on the firm ground.,He was on the frozen ground.,ground,ground,Same Sense,0.025997459888458252,12,3.615384615,7,7,0,405334016,EleutherAI/pythia-410m,step8,seed6,6,8
He was on the firm ground.,He was on the frozen ground.,ground,ground,Same Sense,0.02547091245651245,13,3.615384615,7,7,0,405334016,EleutherAI/pythia-410m,step8,seed6,6,8
He was on the firm ground.,He was on the frozen ground.,ground,ground,Same Sense,0.024847328662872314,14,3.615384615,7,7,0,405334016,EleutherAI/pythia-410m,step8,seed6,6,8
He was on the firm ground.,He was on the frozen ground.,ground,ground,Same Sense,0.023623645305633545,15,3.615384615,7,7,0,405334016,EleutherAI/pythia-410m,step8,seed6,6,8
He was on the firm ground.,He was on the frozen ground.,ground,ground,Same Sense,0.023535609245300293,16,3.615384615,7,7,0,405334016,EleutherAI/pythia-410m,step8,seed6,6,8
He was on the firm ground.,He was on the frozen ground.,ground,ground,Same Sense,0.023613691329956055,17,3.615384615,7,7,0,405334016,EleutherAI/pythia-410m,step8,seed6,6,8
He was on the firm ground.,He was on the frozen ground.,ground,ground,Same Sense,0.02316868305206299,18,3.615384615,7,7,0,405334016,EleutherAI/pythia-410m,step8,seed6,6,8
He was on the firm ground.,He was on the frozen ground.,ground,ground,Same Sense,0.02272099256515503,19,3.615384615,7,7,0,405334016,EleutherAI/pythia-410m,step8,seed6,6,8
He was on the firm ground.,He was on the frozen ground.,ground,ground,Same Sense,0.022632241249084473,20,3.615384615,7,7,0,405334016,EleutherAI/pythia-410m,step8,seed6,6,8
He was on the firm ground.,He was on the frozen ground.,ground,ground,Same Sense,0.02223336696624756,21,3.615384615,7,7,0,405334016,EleutherAI/pythia-410m,step8,seed6,6,8
He was on the firm ground.,He was on the frozen ground.,ground,ground,Same Sense,0.021893084049224854,22,3.615384615,7,7,0,405334016,EleutherAI/pythia-410m,step8,seed6,6,8
He was on the firm ground.,He was on the frozen ground.,ground,ground,Same Sense,0.02189391851425171,23,3.615384615,7,7,0,405334016,EleutherAI/pythia-410m,step8,seed6,6,8
He was on the firm ground.,He was on the frozen ground.,ground,ground,Same Sense,0.021279335021972656,24,3.615384615,7,7,0,405334016,EleutherAI/pythia-410m,step8,seed6,6,8
He was on the camp ground.,He was on the parade ground.,ground,ground,Same Sense,0.0,0,3.285714286,7,7,0,405334016,EleutherAI/pythia-410m,step8,seed6,6,8
He was on the camp ground.,He was on the parade ground.,ground,ground,Same Sense,0.017441213130950928,1,3.285714286,7,7,0,405334016,EleutherAI/pythia-410m,step8,seed6,6,8
He was on the camp ground.,He was on the parade ground.,ground,ground,Same Sense,0.022643685340881348,2,3.285714286,7,7,0,405334016,EleutherAI/pythia-410m,step8,seed6,6,8
He was on the camp ground.,He was on the parade ground.,ground,ground,Same Sense,0.02460235357284546,3,3.285714286,7,7,0,405334016,EleutherAI/pythia-410m,step8,seed6,6,8
He was on the camp ground.,He was on the parade ground.,ground,ground,Same Sense,0.0243300199508667,4,3.285714286,7,7,0,405334016,EleutherAI/pythia-410m,step8,seed6,6,8
He was on the camp ground.,He was on the parade ground.,ground,ground,Same Sense,0.026352643966674805,5,3.285714286,7,7,0,405334016,EleutherAI/pythia-410m,step8,seed6,6,8
He was on the camp ground.,He was on the parade ground.,ground,ground,Same Sense,0.026642978191375732,6,3.285714286,7,7,0,405334016,EleutherAI/pythia-410m,step8,seed6,6,8
He was on the camp ground.,He was on the parade ground.,ground,ground,Same Sense,0.026577353477478027,7,3.285714286,7,7,0,405334016,EleutherAI/pythia-410m,step8,seed6,6,8
He was on the camp ground.,He was on the parade ground.,ground,ground,Same Sense,0.026273906230926514,8,3.285714286,7,7,0,405334016,EleutherAI/pythia-410m,step8,seed6,6,8
He was on the camp ground.,He was on the parade ground.,ground,ground,Same Sense,0.026906311511993408,9,3.285714286,7,7,0,405334016,EleutherAI/pythia-410m,step8,seed6,6,8
He was on the camp ground.,He was on the parade ground.,ground,ground,Same Sense,0.02732473611831665,10,3.285714286,7,7,0,405334016,EleutherAI/pythia-410m,step8,seed6,6,8
He was on the camp ground.,He was on the parade ground.,ground,ground,Same Sense,0.02582460641860962,11,3.285714286,7,7,0,405334016,EleutherAI/pythia-410m,step8,seed6,6,8
He was on the camp ground.,He was on the parade ground.,ground,ground,Same Sense,0.025314271450042725,12,3.285714286,7,7,0,405334016,EleutherAI/pythia-410m,step8,seed6,6,8
He was on the camp ground.,He was on the parade ground.,ground,ground,Same Sense,0.025404810905456543,13,3.285714286,7,7,0,405334016,EleutherAI/pythia-410m,step8,seed6,6,8
He was on the camp ground.,He was on the parade ground.,ground,ground,Same Sense,0.024705886840820312,14,3.285714286,7,7,0,405334016,EleutherAI/pythia-410m,step8,seed6,6,8
He was on the camp ground.,He was on the parade ground.,ground,ground,Same Sense,0.023873090744018555,15,3.285714286,7,7,0,405334016,EleutherAI/pythia-410m,step8,seed6,6,8
He was on the camp ground.,He was on the parade ground.,ground,ground,Same Sense,0.023142099380493164,16,3.285714286,7,7,0,405334016,EleutherAI/pythia-410m,step8,seed6,6,8
He was on the camp ground.,He was on the parade ground.,ground,ground,Same Sense,0.02283245325088501,17,3.285714286,7,7,0,405334016,EleutherAI/pythia-410m,step8,seed6,6,8
He was on the camp ground.,He was on the parade ground.,ground,ground,Same Sense,0.022423207759857178,18,3.285714286,7,7,0,405334016,EleutherAI/pythia-410m,step8,seed6,6,8
He was on the camp ground.,He was on the parade ground.,ground,ground,Same Sense,0.02219182252883911,19,3.285714286,7,7,0,405334016,EleutherAI/pythia-410m,step8,seed6,6,8
He was on the camp ground.,He was on the parade ground.,ground,ground,Same Sense,0.02157038450241089,20,3.285714286,7,7,0,405334016,EleutherAI/pythia-410m,step8,seed6,6,8
He was on the camp ground.,He was on the parade ground.,ground,ground,Same Sense,0.021417200565338135,21,3.285714286,7,7,0,405334016,EleutherAI/pythia-410m,step8,seed6,6,8
He was on the camp ground.,He was on the parade ground.,ground,ground,Same Sense,0.02064049243927002,22,3.285714286,7,7,0,405334016,EleutherAI/pythia-410m,step8,seed6,6,8
He was on the camp ground.,He was on the parade ground.,ground,ground,Same Sense,0.02063506841659546,23,3.285714286,7,7,0,405334016,EleutherAI/pythia-410m,step8,seed6,6,8
He was on the camp ground.,He was on the parade ground.,ground,ground,Same Sense,0.021166503429412842,24,3.285714286,7,7,0,405334016,EleutherAI/pythia-410m,step8,seed6,6,8
They liked the night guard.,They liked the coast guard.,guard,guard,Different Sense,0.0,0,2.647058824,6,6,0,405334016,EleutherAI/pythia-410m,step8,seed6,6,8
They liked the night guard.,They liked the coast guard.,guard,guard,Different Sense,0.023152828216552734,1,2.647058824,6,6,0,405334016,EleutherAI/pythia-410m,step8,seed6,6,8
They liked the night guard.,They liked the coast guard.,guard,guard,Different Sense,0.032721519470214844,2,2.647058824,6,6,0,405334016,EleutherAI/pythia-410m,step8,seed6,6,8
They liked the night guard.,They liked the coast guard.,guard,guard,Different Sense,0.04076045751571655,3,2.647058824,6,6,0,405334016,EleutherAI/pythia-410m,step8,seed6,6,8
They liked the night guard.,They liked the coast guard.,guard,guard,Different Sense,0.04101210832595825,4,2.647058824,6,6,0,405334016,EleutherAI/pythia-410m,step8,seed6,6,8
They liked the night guard.,They liked the coast guard.,guard,guard,Different Sense,0.041030704975128174,5,2.647058824,6,6,0,405334016,EleutherAI/pythia-410m,step8,seed6,6,8
They liked the night guard.,They liked the coast guard.,guard,guard,Different Sense,0.04061317443847656,6,2.647058824,6,6,0,405334016,EleutherAI/pythia-410m,step8,seed6,6,8
They liked the night guard.,They liked the coast guard.,guard,guard,Different Sense,0.03913688659667969,7,2.647058824,6,6,0,405334016,EleutherAI/pythia-410m,step8,seed6,6,8
They liked the night guard.,They liked the coast guard.,guard,guard,Different Sense,0.03844726085662842,8,2.647058824,6,6,0,405334016,EleutherAI/pythia-410m,step8,seed6,6,8
They liked the night guard.,They liked the coast guard.,guard,guard,Different Sense,0.0391690731048584,9,2.647058824,6,6,0,405334016,EleutherAI/pythia-410m,step8,seed6,6,8
They liked the night guard.,They liked the coast guard.,guard,guard,Different Sense,0.03975343704223633,10,2.647058824,6,6,0,405334016,EleutherAI/pythia-410m,step8,seed6,6,8
They liked the night guard.,They liked the coast guard.,guard,guard,Different Sense,0.038453519344329834,11,2.647058824,6,6,0,405334016,EleutherAI/pythia-410m,step8,seed6,6,8
They liked the night guard.,They liked the coast guard.,guard,guard,Different Sense,0.038134992122650146,12,2.647058824,6,6,0,405334016,EleutherAI/pythia-410m,step8,seed6,6,8
They liked the night guard.,They liked the coast guard.,guard,guard,Different Sense,0.03755033016204834,13,2.647058824,6,6,0,405334016,EleutherAI/pythia-410m,step8,seed6,6,8
They liked the night guard.,They liked the coast guard.,guard,guard,Different Sense,0.03662937879562378,14,2.647058824,6,6,0,405334016,EleutherAI/pythia-410m,step8,seed6,6,8
They liked the night guard.,They liked the coast guard.,guard,guard,Different Sense,0.035604655742645264,15,2.647058824,6,6,0,405334016,EleutherAI/pythia-410m,step8,seed6,6,8
They liked the night guard.,They liked the coast guard.,guard,guard,Different Sense,0.03524649143218994,16,2.647058824,6,6,0,405334016,EleutherAI/pythia-410m,step8,seed6,6,8
They liked the night guard.,They liked the coast guard.,guard,guard,Different Sense,0.035375356674194336,17,2.647058824,6,6,0,405334016,EleutherAI/pythia-410m,step8,seed6,6,8
They liked the night guard.,They liked the coast guard.,guard,guard,Different Sense,0.034260332584381104,18,2.647058824,6,6,0,405334016,EleutherAI/pythia-410m,step8,seed6,6,8
They liked the night guard.,They liked the coast guard.,guard,guard,Different Sense,0.03409373760223389,19,2.647058824,6,6,0,405334016,EleutherAI/pythia-410m,step8,seed6,6,8
They liked the night guard.,They liked the coast guard.,guard,guard,Different Sense,0.03449511528015137,20,2.647058824,6,6,0,405334016,EleutherAI/pythia-410m,step8,seed6,6,8
They liked the night guard.,They liked the coast guard.,guard,guard,Different Sense,0.03518587350845337,21,2.647058824,6,6,0,405334016,EleutherAI/pythia-410m,step8,seed6,6,8
They liked the night guard.,They liked the coast guard.,guard,guard,Different Sense,0.03456258773803711,22,2.647058824,6,6,0,405334016,EleutherAI/pythia-410m,step8,seed6,6,8
They liked the night guard.,They liked the coast guard.,guard,guard,Different Sense,0.03423196077346802,23,2.647058824,6,6,0,405334016,EleutherAI/pythia-410m,step8,seed6,6,8
They liked the night guard.,They liked the coast guard.,guard,guard,Different Sense,0.033290326595306396,24,2.647058824,6,6,0,405334016,EleutherAI/pythia-410m,step8,seed6,6,8
They liked the night guard.,They liked the national guard.,guard,guard,Different Sense,0.0,0,1.777777778,6,6,0,405334016,EleutherAI/pythia-410m,step8,seed6,6,8
They liked the night guard.,They liked the national guard.,guard,guard,Different Sense,0.028655648231506348,1,1.777777778,6,6,0,405334016,EleutherAI/pythia-410m,step8,seed6,6,8
They liked the night guard.,They liked the national guard.,guard,guard,Different Sense,0.036124348640441895,2,1.777777778,6,6,0,405334016,EleutherAI/pythia-410m,step8,seed6,6,8
They liked the night guard.,They liked the national guard.,guard,guard,Different Sense,0.04101282358169556,3,1.777777778,6,6,0,405334016,EleutherAI/pythia-410m,step8,seed6,6,8
They liked the night guard.,They liked the national guard.,guard,guard,Different Sense,0.04302626848220825,4,1.777777778,6,6,0,405334016,EleutherAI/pythia-410m,step8,seed6,6,8
They liked the night guard.,They liked the national guard.,guard,guard,Different Sense,0.043085694313049316,5,1.777777778,6,6,0,405334016,EleutherAI/pythia-410m,step8,seed6,6,8
They liked the night guard.,They liked the national guard.,guard,guard,Different Sense,0.042378902435302734,6,1.777777778,6,6,0,405334016,EleutherAI/pythia-410m,step8,seed6,6,8
They liked the night guard.,They liked the national guard.,guard,guard,Different Sense,0.04205954074859619,7,1.777777778,6,6,0,405334016,EleutherAI/pythia-410m,step8,seed6,6,8
They liked the night guard.,They liked the national guard.,guard,guard,Different Sense,0.04133790731430054,8,1.777777778,6,6,0,405334016,EleutherAI/pythia-410m,step8,seed6,6,8
They liked the night guard.,They liked the national guard.,guard,guard,Different Sense,0.0414050817489624,9,1.777777778,6,6,0,405334016,EleutherAI/pythia-410m,step8,seed6,6,8
They liked the night guard.,They liked the national guard.,guard,guard,Different Sense,0.04189920425415039,10,1.777777778,6,6,0,405334016,EleutherAI/pythia-410m,step8,seed6,6,8
They liked the night guard.,They liked the national guard.,guard,guard,Different Sense,0.04028838872909546,11,1.777777778,6,6,0,405334016,EleutherAI/pythia-410m,step8,seed6,6,8
They liked the night guard.,They liked the national guard.,guard,guard,Different Sense,0.03933525085449219,12,1.777777778,6,6,0,405334016,EleutherAI/pythia-410m,step8,seed6,6,8
They liked the night guard.,They liked the national guard.,guard,guard,Different Sense,0.037725985050201416,13,1.777777778,6,6,0,405334016,EleutherAI/pythia-410m,step8,seed6,6,8
They liked the night guard.,They liked the national guard.,guard,guard,Different Sense,0.03630101680755615,14,1.777777778,6,6,0,405334016,EleutherAI/pythia-410m,step8,seed6,6,8
They liked the night guard.,They liked the national guard.,guard,guard,Different Sense,0.03567194938659668,15,1.777777778,6,6,0,405334016,EleutherAI/pythia-410m,step8,seed6,6,8
They liked the night guard.,They liked the national guard.,guard,guard,Different Sense,0.03557538986206055,16,1.777777778,6,6,0,405334016,EleutherAI/pythia-410m,step8,seed6,6,8
They liked the night guard.,They liked the national guard.,guard,guard,Different Sense,0.03492540121078491,17,1.777777778,6,6,0,405334016,EleutherAI/pythia-410m,step8,seed6,6,8
They liked the night guard.,They liked the national guard.,guard,guard,Different Sense,0.03348594903945923,18,1.777777778,6,6,0,405334016,EleutherAI/pythia-410m,step8,seed6,6,8
They liked the night guard.,They liked the national guard.,guard,guard,Different Sense,0.03286522626876831,19,1.777777778,6,6,0,405334016,EleutherAI/pythia-410m,step8,seed6,6,8
They liked the night guard.,They liked the national guard.,guard,guard,Different Sense,0.03295314311981201,20,1.777777778,6,6,0,405334016,EleutherAI/pythia-410m,step8,seed6,6,8
They liked the night guard.,They liked the national guard.,guard,guard,Different Sense,0.03271573781967163,21,1.777777778,6,6,0,405334016,EleutherAI/pythia-410m,step8,seed6,6,8
They liked the night guard.,They liked the national guard.,guard,guard,Different Sense,0.03153103590011597,22,1.777777778,6,6,0,405334016,EleutherAI/pythia-410m,step8,seed6,6,8
They liked the night guard.,They liked the national guard.,guard,guard,Different Sense,0.0316774845123291,23,1.777777778,6,6,0,405334016,EleutherAI/pythia-410m,step8,seed6,6,8
They liked the night guard.,They liked the national guard.,guard,guard,Different Sense,0.030792593955993652,24,1.777777778,6,6,0,405334016,EleutherAI/pythia-410m,step8,seed6,6,8
They liked the security guard.,They liked the coast guard.,guard,guard,Different Sense,0.0,0,3.615384615,6,6,0,405334016,EleutherAI/pythia-410m,step8,seed6,6,8
They liked the security guard.,They liked the coast guard.,guard,guard,Different Sense,0.02257227897644043,1,3.615384615,6,6,0,405334016,EleutherAI/pythia-410m,step8,seed6,6,8
They liked the security guard.,They liked the coast guard.,guard,guard,Different Sense,0.030375123023986816,2,3.615384615,6,6,0,405334016,EleutherAI/pythia-410m,step8,seed6,6,8
They liked the security guard.,They liked the coast guard.,guard,guard,Different Sense,0.03593569993972778,3,3.615384615,6,6,0,405334016,EleutherAI/pythia-410m,step8,seed6,6,8
They liked the security guard.,They liked the coast guard.,guard,guard,Different Sense,0.037145137786865234,4,3.615384615,6,6,0,405334016,EleutherAI/pythia-410m,step8,seed6,6,8
They liked the security guard.,They liked the coast guard.,guard,guard,Different Sense,0.03668719530105591,5,3.615384615,6,6,0,405334016,EleutherAI/pythia-410m,step8,seed6,6,8
They liked the security guard.,They liked the coast guard.,guard,guard,Different Sense,0.03751230239868164,6,3.615384615,6,6,0,405334016,EleutherAI/pythia-410m,step8,seed6,6,8
They liked the security guard.,They liked the coast guard.,guard,guard,Different Sense,0.03543555736541748,7,3.615384615,6,6,0,405334016,EleutherAI/pythia-410m,step8,seed6,6,8
They liked the security guard.,They liked the coast guard.,guard,guard,Different Sense,0.035169363021850586,8,3.615384615,6,6,0,405334016,EleutherAI/pythia-410m,step8,seed6,6,8
They liked the security guard.,They liked the coast guard.,guard,guard,Different Sense,0.03515976667404175,9,3.615384615,6,6,0,405334016,EleutherAI/pythia-410m,step8,seed6,6,8
They liked the security guard.,They liked the coast guard.,guard,guard,Different Sense,0.03555494546890259,10,3.615384615,6,6,0,405334016,EleutherAI/pythia-410m,step8,seed6,6,8
They liked the security guard.,They liked the coast guard.,guard,guard,Different Sense,0.03524470329284668,11,3.615384615,6,6,0,405334016,EleutherAI/pythia-410m,step8,seed6,6,8
They liked the security guard.,They liked the coast guard.,guard,guard,Different Sense,0.035098254680633545,12,3.615384615,6,6,0,405334016,EleutherAI/pythia-410m,step8,seed6,6,8
They liked the security guard.,They liked the coast guard.,guard,guard,Different Sense,0.03292185068130493,13,3.615384615,6,6,0,405334016,EleutherAI/pythia-410m,step8,seed6,6,8
They liked the security guard.,They liked the coast guard.,guard,guard,Different Sense,0.031934499740600586,14,3.615384615,6,6,0,405334016,EleutherAI/pythia-410m,step8,seed6,6,8
They liked the security guard.,They liked the coast guard.,guard,guard,Different Sense,0.031388938426971436,15,3.615384615,6,6,0,405334016,EleutherAI/pythia-410m,step8,seed6,6,8
They liked the security guard.,They liked the coast guard.,guard,guard,Different Sense,0.032266855239868164,16,3.615384615,6,6,0,405334016,EleutherAI/pythia-410m,step8,seed6,6,8
They liked the security guard.,They liked the coast guard.,guard,guard,Different Sense,0.03128767013549805,17,3.615384615,6,6,0,405334016,EleutherAI/pythia-410m,step8,seed6,6,8
They liked the security guard.,They liked the coast guard.,guard,guard,Different Sense,0.030967533588409424,18,3.615384615,6,6,0,405334016,EleutherAI/pythia-410m,step8,seed6,6,8
They liked the security guard.,They liked the coast guard.,guard,guard,Different Sense,0.03112637996673584,19,3.615384615,6,6,0,405334016,EleutherAI/pythia-410m,step8,seed6,6,8
They liked the security guard.,They liked the coast guard.,guard,guard,Different Sense,0.03136920928955078,20,3.615384615,6,6,0,405334016,EleutherAI/pythia-410m,step8,seed6,6,8
They liked the security guard.,They liked the coast guard.,guard,guard,Different Sense,0.03131502866744995,21,3.615384615,6,6,0,405334016,EleutherAI/pythia-410m,step8,seed6,6,8
They liked the security guard.,They liked the coast guard.,guard,guard,Different Sense,0.031102120876312256,22,3.615384615,6,6,0,405334016,EleutherAI/pythia-410m,step8,seed6,6,8
They liked the security guard.,They liked the coast guard.,guard,guard,Different Sense,0.030807137489318848,23,3.615384615,6,6,0,405334016,EleutherAI/pythia-410m,step8,seed6,6,8
They liked the security guard.,They liked the coast guard.,guard,guard,Different Sense,0.030124366283416748,24,3.615384615,6,6,0,405334016,EleutherAI/pythia-410m,step8,seed6,6,8
They liked the security guard.,They liked the national guard.,guard,guard,Different Sense,0.0,0,3.454545455,6,6,0,405334016,EleutherAI/pythia-410m,step8,seed6,6,8
They liked the security guard.,They liked the national guard.,guard,guard,Different Sense,0.024843990802764893,1,3.454545455,6,6,0,405334016,EleutherAI/pythia-410m,step8,seed6,6,8
They liked the security guard.,They liked the national guard.,guard,guard,Different Sense,0.03374260663986206,2,3.454545455,6,6,0,405334016,EleutherAI/pythia-410m,step8,seed6,6,8
They liked the security guard.,They liked the national guard.,guard,guard,Different Sense,0.037843167781829834,3,3.454545455,6,6,0,405334016,EleutherAI/pythia-410m,step8,seed6,6,8
They liked the security guard.,They liked the national guard.,guard,guard,Different Sense,0.03928732872009277,4,3.454545455,6,6,0,405334016,EleutherAI/pythia-410m,step8,seed6,6,8
They liked the security guard.,They liked the national guard.,guard,guard,Different Sense,0.03896909952163696,5,3.454545455,6,6,0,405334016,EleutherAI/pythia-410m,step8,seed6,6,8
They liked the security guard.,They liked the national guard.,guard,guard,Different Sense,0.037827134132385254,6,3.454545455,6,6,0,405334016,EleutherAI/pythia-410m,step8,seed6,6,8
They liked the security guard.,They liked the national guard.,guard,guard,Different Sense,0.037772178649902344,7,3.454545455,6,6,0,405334016,EleutherAI/pythia-410m,step8,seed6,6,8
They liked the security guard.,They liked the national guard.,guard,guard,Different Sense,0.0373879075050354,8,3.454545455,6,6,0,405334016,EleutherAI/pythia-410m,step8,seed6,6,8
They liked the security guard.,They liked the national guard.,guard,guard,Different Sense,0.03826034069061279,9,3.454545455,6,6,0,405334016,EleutherAI/pythia-410m,step8,seed6,6,8
They liked the security guard.,They liked the national guard.,guard,guard,Different Sense,0.03846198320388794,10,3.454545455,6,6,0,405334016,EleutherAI/pythia-410m,step8,seed6,6,8
They liked the security guard.,They liked the national guard.,guard,guard,Different Sense,0.037817418575286865,11,3.454545455,6,6,0,405334016,EleutherAI/pythia-410m,step8,seed6,6,8
They liked the security guard.,They liked the national guard.,guard,guard,Different Sense,0.038307249546051025,12,3.454545455,6,6,0,405334016,EleutherAI/pythia-410m,step8,seed6,6,8
They liked the security guard.,They liked the national guard.,guard,guard,Different Sense,0.03487539291381836,13,3.454545455,6,6,0,405334016,EleutherAI/pythia-410m,step8,seed6,6,8
They liked the security guard.,They liked the national guard.,guard,guard,Different Sense,0.03418999910354614,14,3.454545455,6,6,0,405334016,EleutherAI/pythia-410m,step8,seed6,6,8
They liked the security guard.,They liked the national guard.,guard,guard,Different Sense,0.03406280279159546,15,3.454545455,6,6,0,405334016,EleutherAI/pythia-410m,step8,seed6,6,8
They liked the security guard.,They liked the national guard.,guard,guard,Different Sense,0.03377032279968262,16,3.454545455,6,6,0,405334016,EleutherAI/pythia-410m,step8,seed6,6,8
They liked the security guard.,They liked the national guard.,guard,guard,Different Sense,0.03331887722015381,17,3.454545455,6,6,0,405334016,EleutherAI/pythia-410m,step8,seed6,6,8
They liked the security guard.,They liked the national guard.,guard,guard,Different Sense,0.03200805187225342,18,3.454545455,6,6,0,405334016,EleutherAI/pythia-410m,step8,seed6,6,8
They liked the security guard.,They liked the national guard.,guard,guard,Different Sense,0.031222522258758545,19,3.454545455,6,6,0,405334016,EleutherAI/pythia-410m,step8,seed6,6,8
They liked the security guard.,They liked the national guard.,guard,guard,Different Sense,0.031508445739746094,20,3.454545455,6,6,0,405334016,EleutherAI/pythia-410m,step8,seed6,6,8
They liked the security guard.,They liked the national guard.,guard,guard,Different Sense,0.03080451488494873,21,3.454545455,6,6,0,405334016,EleutherAI/pythia-410m,step8,seed6,6,8
They liked the security guard.,They liked the national guard.,guard,guard,Different Sense,0.030242919921875,22,3.454545455,6,6,0,405334016,EleutherAI/pythia-410m,step8,seed6,6,8
They liked the security guard.,They liked the national guard.,guard,guard,Different Sense,0.029906034469604492,23,3.454545455,6,6,0,405334016,EleutherAI/pythia-410m,step8,seed6,6,8
They liked the security guard.,They liked the national guard.,guard,guard,Different Sense,0.02970588207244873,24,3.454545455,6,6,0,405334016,EleutherAI/pythia-410m,step8,seed6,6,8
They liked the night guard.,They liked the security guard.,guard,guard,Same Sense,0.0,0,3.454545455,6,6,0,405334016,EleutherAI/pythia-410m,step8,seed6,6,8
They liked the night guard.,They liked the security guard.,guard,guard,Same Sense,0.02727299928665161,1,3.454545455,6,6,0,405334016,EleutherAI/pythia-410m,step8,seed6,6,8
They liked the night guard.,They liked the security guard.,guard,guard,Same Sense,0.034701406955718994,2,3.454545455,6,6,0,405334016,EleutherAI/pythia-410m,step8,seed6,6,8
They liked the night guard.,They liked the security guard.,guard,guard,Same Sense,0.038676917552948,3,3.454545455,6,6,0,405334016,EleutherAI/pythia-410m,step8,seed6,6,8
They liked the night guard.,They liked the security guard.,guard,guard,Same Sense,0.04316258430480957,4,3.454545455,6,6,0,405334016,EleutherAI/pythia-410m,step8,seed6,6,8
They liked the night guard.,They liked the security guard.,guard,guard,Same Sense,0.043644070625305176,5,3.454545455,6,6,0,405334016,EleutherAI/pythia-410m,step8,seed6,6,8
They liked the night guard.,They liked the security guard.,guard,guard,Same Sense,0.04389673471450806,6,3.454545455,6,6,0,405334016,EleutherAI/pythia-410m,step8,seed6,6,8
They liked the night guard.,They liked the security guard.,guard,guard,Same Sense,0.042795002460479736,7,3.454545455,6,6,0,405334016,EleutherAI/pythia-410m,step8,seed6,6,8
They liked the night guard.,They liked the security guard.,guard,guard,Same Sense,0.041937291622161865,8,3.454545455,6,6,0,405334016,EleutherAI/pythia-410m,step8,seed6,6,8
They liked the night guard.,They liked the security guard.,guard,guard,Same Sense,0.042654991149902344,9,3.454545455,6,6,0,405334016,EleutherAI/pythia-410m,step8,seed6,6,8
They liked the night guard.,They liked the security guard.,guard,guard,Same Sense,0.04208266735076904,10,3.454545455,6,6,0,405334016,EleutherAI/pythia-410m,step8,seed6,6,8
They liked the night guard.,They liked the security guard.,guard,guard,Same Sense,0.04158371686935425,11,3.454545455,6,6,0,405334016,EleutherAI/pythia-410m,step8,seed6,6,8
They liked the night guard.,They liked the security guard.,guard,guard,Same Sense,0.04186570644378662,12,3.454545455,6,6,0,405334016,EleutherAI/pythia-410m,step8,seed6,6,8
They liked the night guard.,They liked the security guard.,guard,guard,Same Sense,0.03885376453399658,13,3.454545455,6,6,0,405334016,EleutherAI/pythia-410m,step8,seed6,6,8
They liked the night guard.,They liked the security guard.,guard,guard,Same Sense,0.037458956241607666,14,3.454545455,6,6,0,405334016,EleutherAI/pythia-410m,step8,seed6,6,8
They liked the night guard.,They liked the security guard.,guard,guard,Same Sense,0.03600287437438965,15,3.454545455,6,6,0,405334016,EleutherAI/pythia-410m,step8,seed6,6,8
They liked the night guard.,They liked the security guard.,guard,guard,Same Sense,0.03582531213760376,16,3.454545455,6,6,0,405334016,EleutherAI/pythia-410m,step8,seed6,6,8
They liked the night guard.,They liked the security guard.,guard,guard,Same Sense,0.03575718402862549,17,3.454545455,6,6,0,405334016,EleutherAI/pythia-410m,step8,seed6,6,8
They liked the night guard.,They liked the security guard.,guard,guard,Same Sense,0.03434878587722778,18,3.454545455,6,6,0,405334016,EleutherAI/pythia-410m,step8,seed6,6,8
They liked the night guard.,They liked the security guard.,guard,guard,Same Sense,0.03432607650756836,19,3.454545455,6,6,0,405334016,EleutherAI/pythia-410m,step8,seed6,6,8
They liked the night guard.,They liked the security guard.,guard,guard,Same Sense,0.03455758094787598,20,3.454545455,6,6,0,405334016,EleutherAI/pythia-410m,step8,seed6,6,8
They liked the night guard.,They liked the security guard.,guard,guard,Same Sense,0.03457784652709961,21,3.454545455,6,6,0,405334016,EleutherAI/pythia-410m,step8,seed6,6,8
They liked the night guard.,They liked the security guard.,guard,guard,Same Sense,0.033978402614593506,22,3.454545455,6,6,0,405334016,EleutherAI/pythia-410m,step8,seed6,6,8
They liked the night guard.,They liked the security guard.,guard,guard,Same Sense,0.033362388610839844,23,3.454545455,6,6,0,405334016,EleutherAI/pythia-410m,step8,seed6,6,8
They liked the night guard.,They liked the security guard.,guard,guard,Same Sense,0.03263300657272339,24,3.454545455,6,6,0,405334016,EleutherAI/pythia-410m,step8,seed6,6,8
They liked the coast guard.,They liked the national guard.,guard,guard,Same Sense,0.0,0,3.8125,6,6,0,405334016,EleutherAI/pythia-410m,step8,seed6,6,8
They liked the coast guard.,They liked the national guard.,guard,guard,Same Sense,0.0249444842338562,1,3.8125,6,6,0,405334016,EleutherAI/pythia-410m,step8,seed6,6,8
They liked the coast guard.,They liked the national guard.,guard,guard,Same Sense,0.0344698429107666,2,3.8125,6,6,0,405334016,EleutherAI/pythia-410m,step8,seed6,6,8
They liked the coast guard.,They liked the national guard.,guard,guard,Same Sense,0.039673447608947754,3,3.8125,6,6,0,405334016,EleutherAI/pythia-410m,step8,seed6,6,8
They liked the coast guard.,They liked the national guard.,guard,guard,Same Sense,0.03797727823257446,4,3.8125,6,6,0,405334016,EleutherAI/pythia-410m,step8,seed6,6,8
They liked the coast guard.,They liked the national guard.,guard,guard,Same Sense,0.03867053985595703,5,3.8125,6,6,0,405334016,EleutherAI/pythia-410m,step8,seed6,6,8
They liked the coast guard.,They liked the national guard.,guard,guard,Same Sense,0.037720561027526855,6,3.8125,6,6,0,405334016,EleutherAI/pythia-410m,step8,seed6,6,8
They liked the coast guard.,They liked the national guard.,guard,guard,Same Sense,0.03640264272689819,7,3.8125,6,6,0,405334016,EleutherAI/pythia-410m,step8,seed6,6,8
They liked the coast guard.,They liked the national guard.,guard,guard,Same Sense,0.0366746187210083,8,3.8125,6,6,0,405334016,EleutherAI/pythia-410m,step8,seed6,6,8
They liked the coast guard.,They liked the national guard.,guard,guard,Same Sense,0.036212384700775146,9,3.8125,6,6,0,405334016,EleutherAI/pythia-410m,step8,seed6,6,8
They liked the coast guard.,They liked the national guard.,guard,guard,Same Sense,0.03709179162979126,10,3.8125,6,6,0,405334016,EleutherAI/pythia-410m,step8,seed6,6,8
They liked the coast guard.,They liked the national guard.,guard,guard,Same Sense,0.03584390878677368,11,3.8125,6,6,0,405334016,EleutherAI/pythia-410m,step8,seed6,6,8
They liked the coast guard.,They liked the national guard.,guard,guard,Same Sense,0.03637862205505371,12,3.8125,6,6,0,405334016,EleutherAI/pythia-410m,step8,seed6,6,8
They liked the coast guard.,They liked the national guard.,guard,guard,Same Sense,0.03463476896286011,13,3.8125,6,6,0,405334016,EleutherAI/pythia-410m,step8,seed6,6,8
They liked the coast guard.,They liked the national guard.,guard,guard,Same Sense,0.033679962158203125,14,3.8125,6,6,0,405334016,EleutherAI/pythia-410m,step8,seed6,6,8
They liked the coast guard.,They liked the national guard.,guard,guard,Same Sense,0.0333591103553772,15,3.8125,6,6,0,405334016,EleutherAI/pythia-410m,step8,seed6,6,8
They liked the coast guard.,They liked the national guard.,guard,guard,Same Sense,0.0332263708114624,16,3.8125,6,6,0,405334016,EleutherAI/pythia-410m,step8,seed6,6,8
They liked the coast guard.,They liked the national guard.,guard,guard,Same Sense,0.0322871208190918,17,3.8125,6,6,0,405334016,EleutherAI/pythia-410m,step8,seed6,6,8
They liked the coast guard.,They liked the national guard.,guard,guard,Same Sense,0.031049787998199463,18,3.8125,6,6,0,405334016,EleutherAI/pythia-410m,step8,seed6,6,8
They liked the coast guard.,They liked the national guard.,guard,guard,Same Sense,0.03025156259536743,19,3.8125,6,6,0,405334016,EleutherAI/pythia-410m,step8,seed6,6,8
They liked the coast guard.,They liked the national guard.,guard,guard,Same Sense,0.030263960361480713,20,3.8125,6,6,0,405334016,EleutherAI/pythia-410m,step8,seed6,6,8
They liked the coast guard.,They liked the national guard.,guard,guard,Same Sense,0.03049314022064209,21,3.8125,6,6,0,405334016,EleutherAI/pythia-410m,step8,seed6,6,8
They liked the coast guard.,They liked the national guard.,guard,guard,Same Sense,0.029892921447753906,22,3.8125,6,6,0,405334016,EleutherAI/pythia-410m,step8,seed6,6,8
They liked the coast guard.,They liked the national guard.,guard,guard,Same Sense,0.029397189617156982,23,3.8125,6,6,0,405334016,EleutherAI/pythia-410m,step8,seed6,6,8
They liked the coast guard.,They liked the national guard.,guard,guard,Same Sense,0.028257429599761963,24,3.8125,6,6,0,405334016,EleutherAI/pythia-410m,step8,seed6,6,8
He had an assembly guide.,He had a talkative guide.,guide,guide,Different Sense,0.0,0,2.333333333,6,7,1,405334016,EleutherAI/pythia-410m,step8,seed6,6,8
He had an assembly guide.,He had a talkative guide.,guide,guide,Different Sense,0.051521241664886475,1,2.333333333,6,7,1,405334016,EleutherAI/pythia-410m,step8,seed6,6,8
He had an assembly guide.,He had a talkative guide.,guide,guide,Different Sense,0.07091182470321655,2,2.333333333,6,7,1,405334016,EleutherAI/pythia-410m,step8,seed6,6,8
He had an assembly guide.,He had a talkative guide.,guide,guide,Different Sense,0.08122742176055908,3,2.333333333,6,7,1,405334016,EleutherAI/pythia-410m,step8,seed6,6,8
He had an assembly guide.,He had a talkative guide.,guide,guide,Different Sense,0.08884131908416748,4,2.333333333,6,7,1,405334016,EleutherAI/pythia-410m,step8,seed6,6,8
He had an assembly guide.,He had a talkative guide.,guide,guide,Different Sense,0.08833330869674683,5,2.333333333,6,7,1,405334016,EleutherAI/pythia-410m,step8,seed6,6,8
He had an assembly guide.,He had a talkative guide.,guide,guide,Different Sense,0.09019142389297485,6,2.333333333,6,7,1,405334016,EleutherAI/pythia-410m,step8,seed6,6,8
He had an assembly guide.,He had a talkative guide.,guide,guide,Different Sense,0.09245270490646362,7,2.333333333,6,7,1,405334016,EleutherAI/pythia-410m,step8,seed6,6,8
He had an assembly guide.,He had a talkative guide.,guide,guide,Different Sense,0.09329915046691895,8,2.333333333,6,7,1,405334016,EleutherAI/pythia-410m,step8,seed6,6,8
He had an assembly guide.,He had a talkative guide.,guide,guide,Different Sense,0.09115791320800781,9,2.333333333,6,7,1,405334016,EleutherAI/pythia-410m,step8,seed6,6,8
He had an assembly guide.,He had a talkative guide.,guide,guide,Different Sense,0.09599626064300537,10,2.333333333,6,7,1,405334016,EleutherAI/pythia-410m,step8,seed6,6,8
He had an assembly guide.,He had a talkative guide.,guide,guide,Different Sense,0.09161543846130371,11,2.333333333,6,7,1,405334016,EleutherAI/pythia-410m,step8,seed6,6,8
He had an assembly guide.,He had a talkative guide.,guide,guide,Different Sense,0.09533870220184326,12,2.333333333,6,7,1,405334016,EleutherAI/pythia-410m,step8,seed6,6,8
He had an assembly guide.,He had a talkative guide.,guide,guide,Different Sense,0.09310275316238403,13,2.333333333,6,7,1,405334016,EleutherAI/pythia-410m,step8,seed6,6,8
He had an assembly guide.,He had a talkative guide.,guide,guide,Different Sense,0.08851540088653564,14,2.333333333,6,7,1,405334016,EleutherAI/pythia-410m,step8,seed6,6,8
He had an assembly guide.,He had a talkative guide.,guide,guide,Different Sense,0.08971256017684937,15,2.333333333,6,7,1,405334016,EleutherAI/pythia-410m,step8,seed6,6,8
He had an assembly guide.,He had a talkative guide.,guide,guide,Different Sense,0.08837884664535522,16,2.333333333,6,7,1,405334016,EleutherAI/pythia-410m,step8,seed6,6,8
He had an assembly guide.,He had a talkative guide.,guide,guide,Different Sense,0.08928602933883667,17,2.333333333,6,7,1,405334016,EleutherAI/pythia-410m,step8,seed6,6,8
He had an assembly guide.,He had a talkative guide.,guide,guide,Different Sense,0.08900809288024902,18,2.333333333,6,7,1,405334016,EleutherAI/pythia-410m,step8,seed6,6,8
He had an assembly guide.,He had a talkative guide.,guide,guide,Different Sense,0.08669298887252808,19,2.333333333,6,7,1,405334016,EleutherAI/pythia-410m,step8,seed6,6,8
He had an assembly guide.,He had a talkative guide.,guide,guide,Different Sense,0.08697974681854248,20,2.333333333,6,7,1,405334016,EleutherAI/pythia-410m,step8,seed6,6,8
He had an assembly guide.,He had a talkative guide.,guide,guide,Different Sense,0.08520126342773438,21,2.333333333,6,7,1,405334016,EleutherAI/pythia-410m,step8,seed6,6,8
He had an assembly guide.,He had a talkative guide.,guide,guide,Different Sense,0.08246374130249023,22,2.333333333,6,7,1,405334016,EleutherAI/pythia-410m,step8,seed6,6,8
He had an assembly guide.,He had a talkative guide.,guide,guide,Different Sense,0.08071774244308472,23,2.333333333,6,7,1,405334016,EleutherAI/pythia-410m,step8,seed6,6,8
He had an assembly guide.,He had a talkative guide.,guide,guide,Different Sense,0.0784451961517334,24,2.333333333,6,7,1,405334016,EleutherAI/pythia-410m,step8,seed6,6,8
He had an assembly guide.,He had a friendly guide.,guide,guide,Different Sense,0.0,0,2.25,6,6,0,405334016,EleutherAI/pythia-410m,step8,seed6,6,8
He had an assembly guide.,He had a friendly guide.,guide,guide,Different Sense,0.04935353994369507,1,2.25,6,6,0,405334016,EleutherAI/pythia-410m,step8,seed6,6,8
He had an assembly guide.,He had a friendly guide.,guide,guide,Different Sense,0.06688350439071655,2,2.25,6,6,0,405334016,EleutherAI/pythia-410m,step8,seed6,6,8
He had an assembly guide.,He had a friendly guide.,guide,guide,Different Sense,0.07372128963470459,3,2.25,6,6,0,405334016,EleutherAI/pythia-410m,step8,seed6,6,8
He had an assembly guide.,He had a friendly guide.,guide,guide,Different Sense,0.07734757661819458,4,2.25,6,6,0,405334016,EleutherAI/pythia-410m,step8,seed6,6,8
He had an assembly guide.,He had a friendly guide.,guide,guide,Different Sense,0.07868373394012451,5,2.25,6,6,0,405334016,EleutherAI/pythia-410m,step8,seed6,6,8
He had an assembly guide.,He had a friendly guide.,guide,guide,Different Sense,0.0793575644493103,6,2.25,6,6,0,405334016,EleutherAI/pythia-410m,step8,seed6,6,8
He had an assembly guide.,He had a friendly guide.,guide,guide,Different Sense,0.08165842294692993,7,2.25,6,6,0,405334016,EleutherAI/pythia-410m,step8,seed6,6,8
He had an assembly guide.,He had a friendly guide.,guide,guide,Different Sense,0.08030366897583008,8,2.25,6,6,0,405334016,EleutherAI/pythia-410m,step8,seed6,6,8
He had an assembly guide.,He had a friendly guide.,guide,guide,Different Sense,0.07832145690917969,9,2.25,6,6,0,405334016,EleutherAI/pythia-410m,step8,seed6,6,8
He had an assembly guide.,He had a friendly guide.,guide,guide,Different Sense,0.08028209209442139,10,2.25,6,6,0,405334016,EleutherAI/pythia-410m,step8,seed6,6,8
He had an assembly guide.,He had a friendly guide.,guide,guide,Different Sense,0.07763063907623291,11,2.25,6,6,0,405334016,EleutherAI/pythia-410m,step8,seed6,6,8
He had an assembly guide.,He had a friendly guide.,guide,guide,Different Sense,0.07876473665237427,12,2.25,6,6,0,405334016,EleutherAI/pythia-410m,step8,seed6,6,8
He had an assembly guide.,He had a friendly guide.,guide,guide,Different Sense,0.07692164182662964,13,2.25,6,6,0,405334016,EleutherAI/pythia-410m,step8,seed6,6,8
He had an assembly guide.,He had a friendly guide.,guide,guide,Different Sense,0.07281583547592163,14,2.25,6,6,0,405334016,EleutherAI/pythia-410m,step8,seed6,6,8
He had an assembly guide.,He had a friendly guide.,guide,guide,Different Sense,0.07395368814468384,15,2.25,6,6,0,405334016,EleutherAI/pythia-410m,step8,seed6,6,8
He had an assembly guide.,He had a friendly guide.,guide,guide,Different Sense,0.07123750448226929,16,2.25,6,6,0,405334016,EleutherAI/pythia-410m,step8,seed6,6,8
He had an assembly guide.,He had a friendly guide.,guide,guide,Different Sense,0.07172363996505737,17,2.25,6,6,0,405334016,EleutherAI/pythia-410m,step8,seed6,6,8
He had an assembly guide.,He had a friendly guide.,guide,guide,Different Sense,0.07215774059295654,18,2.25,6,6,0,405334016,EleutherAI/pythia-410m,step8,seed6,6,8
He had an assembly guide.,He had a friendly guide.,guide,guide,Different Sense,0.07168054580688477,19,2.25,6,6,0,405334016,EleutherAI/pythia-410m,step8,seed6,6,8
He had an assembly guide.,He had a friendly guide.,guide,guide,Different Sense,0.07211720943450928,20,2.25,6,6,0,405334016,EleutherAI/pythia-410m,step8,seed6,6,8
He had an assembly guide.,He had a friendly guide.,guide,guide,Different Sense,0.07132267951965332,21,2.25,6,6,0,405334016,EleutherAI/pythia-410m,step8,seed6,6,8
He had an assembly guide.,He had a friendly guide.,guide,guide,Different Sense,0.06895279884338379,22,2.25,6,6,0,405334016,EleutherAI/pythia-410m,step8,seed6,6,8
He had an assembly guide.,He had a friendly guide.,guide,guide,Different Sense,0.06667345762252808,23,2.25,6,6,0,405334016,EleutherAI/pythia-410m,step8,seed6,6,8
He had an assembly guide.,He had a friendly guide.,guide,guide,Different Sense,0.06381350755691528,24,2.25,6,6,0,405334016,EleutherAI/pythia-410m,step8,seed6,6,8
He had a TV guide.,He had a talkative guide.,guide,guide,Different Sense,0.0,0,1.1875,6,7,1,405334016,EleutherAI/pythia-410m,step8,seed6,6,8
He had a TV guide.,He had a talkative guide.,guide,guide,Different Sense,0.03323197364807129,1,1.1875,6,7,1,405334016,EleutherAI/pythia-410m,step8,seed6,6,8
He had a TV guide.,He had a talkative guide.,guide,guide,Different Sense,0.04345303773880005,2,1.1875,6,7,1,405334016,EleutherAI/pythia-410m,step8,seed6,6,8
He had a TV guide.,He had a talkative guide.,guide,guide,Different Sense,0.05004382133483887,3,1.1875,6,7,1,405334016,EleutherAI/pythia-410m,step8,seed6,6,8
He had a TV guide.,He had a talkative guide.,guide,guide,Different Sense,0.05105024576187134,4,1.1875,6,7,1,405334016,EleutherAI/pythia-410m,step8,seed6,6,8
He had a TV guide.,He had a talkative guide.,guide,guide,Different Sense,0.05163538455963135,5,1.1875,6,7,1,405334016,EleutherAI/pythia-410m,step8,seed6,6,8
He had a TV guide.,He had a talkative guide.,guide,guide,Different Sense,0.05132061243057251,6,1.1875,6,7,1,405334016,EleutherAI/pythia-410m,step8,seed6,6,8
He had a TV guide.,He had a talkative guide.,guide,guide,Different Sense,0.05403417348861694,7,1.1875,6,7,1,405334016,EleutherAI/pythia-410m,step8,seed6,6,8
He had a TV guide.,He had a talkative guide.,guide,guide,Different Sense,0.05417275428771973,8,1.1875,6,7,1,405334016,EleutherAI/pythia-410m,step8,seed6,6,8
He had a TV guide.,He had a talkative guide.,guide,guide,Different Sense,0.05297541618347168,9,1.1875,6,7,1,405334016,EleutherAI/pythia-410m,step8,seed6,6,8
He had a TV guide.,He had a talkative guide.,guide,guide,Different Sense,0.05513352155685425,10,1.1875,6,7,1,405334016,EleutherAI/pythia-410m,step8,seed6,6,8
He had a TV guide.,He had a talkative guide.,guide,guide,Different Sense,0.05217677354812622,11,1.1875,6,7,1,405334016,EleutherAI/pythia-410m,step8,seed6,6,8
He had a TV guide.,He had a talkative guide.,guide,guide,Different Sense,0.05326986312866211,12,1.1875,6,7,1,405334016,EleutherAI/pythia-410m,step8,seed6,6,8
He had a TV guide.,He had a talkative guide.,guide,guide,Different Sense,0.05048125982284546,13,1.1875,6,7,1,405334016,EleutherAI/pythia-410m,step8,seed6,6,8
He had a TV guide.,He had a talkative guide.,guide,guide,Different Sense,0.04857438802719116,14,1.1875,6,7,1,405334016,EleutherAI/pythia-410m,step8,seed6,6,8
He had a TV guide.,He had a talkative guide.,guide,guide,Different Sense,0.04854053258895874,15,1.1875,6,7,1,405334016,EleutherAI/pythia-410m,step8,seed6,6,8
He had a TV guide.,He had a talkative guide.,guide,guide,Different Sense,0.04877769947052002,16,1.1875,6,7,1,405334016,EleutherAI/pythia-410m,step8,seed6,6,8
He had a TV guide.,He had a talkative guide.,guide,guide,Different Sense,0.049188315868377686,17,1.1875,6,7,1,405334016,EleutherAI/pythia-410m,step8,seed6,6,8
He had a TV guide.,He had a talkative guide.,guide,guide,Different Sense,0.048611998558044434,18,1.1875,6,7,1,405334016,EleutherAI/pythia-410m,step8,seed6,6,8
He had a TV guide.,He had a talkative guide.,guide,guide,Different Sense,0.04754263162612915,19,1.1875,6,7,1,405334016,EleutherAI/pythia-410m,step8,seed6,6,8
He had a TV guide.,He had a talkative guide.,guide,guide,Different Sense,0.04773974418640137,20,1.1875,6,7,1,405334016,EleutherAI/pythia-410m,step8,seed6,6,8
He had a TV guide.,He had a talkative guide.,guide,guide,Different Sense,0.04780930280685425,21,1.1875,6,7,1,405334016,EleutherAI/pythia-410m,step8,seed6,6,8
He had a TV guide.,He had a talkative guide.,guide,guide,Different Sense,0.04574698209762573,22,1.1875,6,7,1,405334016,EleutherAI/pythia-410m,step8,seed6,6,8
He had a TV guide.,He had a talkative guide.,guide,guide,Different Sense,0.04653733968734741,23,1.1875,6,7,1,405334016,EleutherAI/pythia-410m,step8,seed6,6,8
He had a TV guide.,He had a talkative guide.,guide,guide,Different Sense,0.046046555042266846,24,1.1875,6,7,1,405334016,EleutherAI/pythia-410m,step8,seed6,6,8
He had a TV guide.,He had a friendly guide.,guide,guide,Different Sense,0.0,0,1.0,6,6,0,405334016,EleutherAI/pythia-410m,step8,seed6,6,8
He had a TV guide.,He had a friendly guide.,guide,guide,Different Sense,0.02533853054046631,1,1.0,6,6,0,405334016,EleutherAI/pythia-410m,step8,seed6,6,8
He had a TV guide.,He had a friendly guide.,guide,guide,Different Sense,0.03622102737426758,2,1.0,6,6,0,405334016,EleutherAI/pythia-410m,step8,seed6,6,8
He had a TV guide.,He had a friendly guide.,guide,guide,Different Sense,0.039930105209350586,3,1.0,6,6,0,405334016,EleutherAI/pythia-410m,step8,seed6,6,8
He had a TV guide.,He had a friendly guide.,guide,guide,Different Sense,0.04014676809310913,4,1.0,6,6,0,405334016,EleutherAI/pythia-410m,step8,seed6,6,8
He had a TV guide.,He had a friendly guide.,guide,guide,Different Sense,0.039721786975860596,5,1.0,6,6,0,405334016,EleutherAI/pythia-410m,step8,seed6,6,8
He had a TV guide.,He had a friendly guide.,guide,guide,Different Sense,0.03856140375137329,6,1.0,6,6,0,405334016,EleutherAI/pythia-410m,step8,seed6,6,8
He had a TV guide.,He had a friendly guide.,guide,guide,Different Sense,0.038681089878082275,7,1.0,6,6,0,405334016,EleutherAI/pythia-410m,step8,seed6,6,8
He had a TV guide.,He had a friendly guide.,guide,guide,Different Sense,0.0378645658493042,8,1.0,6,6,0,405334016,EleutherAI/pythia-410m,step8,seed6,6,8
He had a TV guide.,He had a friendly guide.,guide,guide,Different Sense,0.03632557392120361,9,1.0,6,6,0,405334016,EleutherAI/pythia-410m,step8,seed6,6,8
He had a TV guide.,He had a friendly guide.,guide,guide,Different Sense,0.03768885135650635,10,1.0,6,6,0,405334016,EleutherAI/pythia-410m,step8,seed6,6,8
He had a TV guide.,He had a friendly guide.,guide,guide,Different Sense,0.03540802001953125,11,1.0,6,6,0,405334016,EleutherAI/pythia-410m,step8,seed6,6,8
He had a TV guide.,He had a friendly guide.,guide,guide,Different Sense,0.036116600036621094,12,1.0,6,6,0,405334016,EleutherAI/pythia-410m,step8,seed6,6,8
He had a TV guide.,He had a friendly guide.,guide,guide,Different Sense,0.03572458028793335,13,1.0,6,6,0,405334016,EleutherAI/pythia-410m,step8,seed6,6,8
He had a TV guide.,He had a friendly guide.,guide,guide,Different Sense,0.03453904390335083,14,1.0,6,6,0,405334016,EleutherAI/pythia-410m,step8,seed6,6,8
He had a TV guide.,He had a friendly guide.,guide,guide,Different Sense,0.03384608030319214,15,1.0,6,6,0,405334016,EleutherAI/pythia-410m,step8,seed6,6,8
He had a TV guide.,He had a friendly guide.,guide,guide,Different Sense,0.03406423330307007,16,1.0,6,6,0,405334016,EleutherAI/pythia-410m,step8,seed6,6,8
He had a TV guide.,He had a friendly guide.,guide,guide,Different Sense,0.033900558948516846,17,1.0,6,6,0,405334016,EleutherAI/pythia-410m,step8,seed6,6,8
He had a TV guide.,He had a friendly guide.,guide,guide,Different Sense,0.03427731990814209,18,1.0,6,6,0,405334016,EleutherAI/pythia-410m,step8,seed6,6,8
He had a TV guide.,He had a friendly guide.,guide,guide,Different Sense,0.033980488777160645,19,1.0,6,6,0,405334016,EleutherAI/pythia-410m,step8,seed6,6,8
He had a TV guide.,He had a friendly guide.,guide,guide,Different Sense,0.033682048320770264,20,1.0,6,6,0,405334016,EleutherAI/pythia-410m,step8,seed6,6,8
He had a TV guide.,He had a friendly guide.,guide,guide,Different Sense,0.03404223918914795,21,1.0,6,6,0,405334016,EleutherAI/pythia-410m,step8,seed6,6,8
He had a TV guide.,He had a friendly guide.,guide,guide,Different Sense,0.03279036283493042,22,1.0,6,6,0,405334016,EleutherAI/pythia-410m,step8,seed6,6,8
He had a TV guide.,He had a friendly guide.,guide,guide,Different Sense,0.03236401081085205,23,1.0,6,6,0,405334016,EleutherAI/pythia-410m,step8,seed6,6,8
He had a TV guide.,He had a friendly guide.,guide,guide,Different Sense,0.03145897388458252,24,1.0,6,6,0,405334016,EleutherAI/pythia-410m,step8,seed6,6,8
He had an assembly guide.,He had a TV guide.,guide,guide,Same Sense,0.0,0,2.272727273,6,6,0,405334016,EleutherAI/pythia-410m,step8,seed6,6,8
He had an assembly guide.,He had a TV guide.,guide,guide,Same Sense,0.056164681911468506,1,2.272727273,6,6,0,405334016,EleutherAI/pythia-410m,step8,seed6,6,8
He had an assembly guide.,He had a TV guide.,guide,guide,Same Sense,0.07237952947616577,2,2.272727273,6,6,0,405334016,EleutherAI/pythia-410m,step8,seed6,6,8
He had an assembly guide.,He had a TV guide.,guide,guide,Same Sense,0.08054226636886597,3,2.272727273,6,6,0,405334016,EleutherAI/pythia-410m,step8,seed6,6,8
He had an assembly guide.,He had a TV guide.,guide,guide,Same Sense,0.08421021699905396,4,2.272727273,6,6,0,405334016,EleutherAI/pythia-410m,step8,seed6,6,8
He had an assembly guide.,He had a TV guide.,guide,guide,Same Sense,0.08761072158813477,5,2.272727273,6,6,0,405334016,EleutherAI/pythia-410m,step8,seed6,6,8
He had an assembly guide.,He had a TV guide.,guide,guide,Same Sense,0.08947324752807617,6,2.272727273,6,6,0,405334016,EleutherAI/pythia-410m,step8,seed6,6,8
He had an assembly guide.,He had a TV guide.,guide,guide,Same Sense,0.08874934911727905,7,2.272727273,6,6,0,405334016,EleutherAI/pythia-410m,step8,seed6,6,8
He had an assembly guide.,He had a TV guide.,guide,guide,Same Sense,0.08677929639816284,8,2.272727273,6,6,0,405334016,EleutherAI/pythia-410m,step8,seed6,6,8
He had an assembly guide.,He had a TV guide.,guide,guide,Same Sense,0.08290910720825195,9,2.272727273,6,6,0,405334016,EleutherAI/pythia-410m,step8,seed6,6,8
He had an assembly guide.,He had a TV guide.,guide,guide,Same Sense,0.08574366569519043,10,2.272727273,6,6,0,405334016,EleutherAI/pythia-410m,step8,seed6,6,8
He had an assembly guide.,He had a TV guide.,guide,guide,Same Sense,0.08145397901535034,11,2.272727273,6,6,0,405334016,EleutherAI/pythia-410m,step8,seed6,6,8
He had an assembly guide.,He had a TV guide.,guide,guide,Same Sense,0.082588791847229,12,2.272727273,6,6,0,405334016,EleutherAI/pythia-410m,step8,seed6,6,8
He had an assembly guide.,He had a TV guide.,guide,guide,Same Sense,0.08019286394119263,13,2.272727273,6,6,0,405334016,EleutherAI/pythia-410m,step8,seed6,6,8
He had an assembly guide.,He had a TV guide.,guide,guide,Same Sense,0.07724261283874512,14,2.272727273,6,6,0,405334016,EleutherAI/pythia-410m,step8,seed6,6,8
He had an assembly guide.,He had a TV guide.,guide,guide,Same Sense,0.078513503074646,15,2.272727273,6,6,0,405334016,EleutherAI/pythia-410m,step8,seed6,6,8
He had an assembly guide.,He had a TV guide.,guide,guide,Same Sense,0.07571923732757568,16,2.272727273,6,6,0,405334016,EleutherAI/pythia-410m,step8,seed6,6,8
He had an assembly guide.,He had a TV guide.,guide,guide,Same Sense,0.07478421926498413,17,2.272727273,6,6,0,405334016,EleutherAI/pythia-410m,step8,seed6,6,8
He had an assembly guide.,He had a TV guide.,guide,guide,Same Sense,0.07497578859329224,18,2.272727273,6,6,0,405334016,EleutherAI/pythia-410m,step8,seed6,6,8
He had an assembly guide.,He had a TV guide.,guide,guide,Same Sense,0.07502561807632446,19,2.272727273,6,6,0,405334016,EleutherAI/pythia-410m,step8,seed6,6,8
He had an assembly guide.,He had a TV guide.,guide,guide,Same Sense,0.07650864124298096,20,2.272727273,6,6,0,405334016,EleutherAI/pythia-410m,step8,seed6,6,8
He had an assembly guide.,He had a TV guide.,guide,guide,Same Sense,0.0748327374458313,21,2.272727273,6,6,0,405334016,EleutherAI/pythia-410m,step8,seed6,6,8
He had an assembly guide.,He had a TV guide.,guide,guide,Same Sense,0.07307279109954834,22,2.272727273,6,6,0,405334016,EleutherAI/pythia-410m,step8,seed6,6,8
He had an assembly guide.,He had a TV guide.,guide,guide,Same Sense,0.0713614821434021,23,2.272727273,6,6,0,405334016,EleutherAI/pythia-410m,step8,seed6,6,8
He had an assembly guide.,He had a TV guide.,guide,guide,Same Sense,0.06989544630050659,24,2.272727273,6,6,0,405334016,EleutherAI/pythia-410m,step8,seed6,6,8
He had a talkative guide.,He had a friendly guide.,guide,guide,Same Sense,0.0,0,3.875,7,6,1,405334016,EleutherAI/pythia-410m,step8,seed6,6,8
He had a talkative guide.,He had a friendly guide.,guide,guide,Same Sense,0.030194222927093506,1,3.875,7,6,1,405334016,EleutherAI/pythia-410m,step8,seed6,6,8
He had a talkative guide.,He had a friendly guide.,guide,guide,Same Sense,0.03996777534484863,2,3.875,7,6,1,405334016,EleutherAI/pythia-410m,step8,seed6,6,8
He had a talkative guide.,He had a friendly guide.,guide,guide,Same Sense,0.04401206970214844,3,3.875,7,6,1,405334016,EleutherAI/pythia-410m,step8,seed6,6,8
He had a talkative guide.,He had a friendly guide.,guide,guide,Same Sense,0.045548081398010254,4,3.875,7,6,1,405334016,EleutherAI/pythia-410m,step8,seed6,6,8
He had a talkative guide.,He had a friendly guide.,guide,guide,Same Sense,0.04387533664703369,5,3.875,7,6,1,405334016,EleutherAI/pythia-410m,step8,seed6,6,8
He had a talkative guide.,He had a friendly guide.,guide,guide,Same Sense,0.0442848801612854,6,3.875,7,6,1,405334016,EleutherAI/pythia-410m,step8,seed6,6,8
He had a talkative guide.,He had a friendly guide.,guide,guide,Same Sense,0.044879257678985596,7,3.875,7,6,1,405334016,EleutherAI/pythia-410m,step8,seed6,6,8
He had a talkative guide.,He had a friendly guide.,guide,guide,Same Sense,0.0438687801361084,8,3.875,7,6,1,405334016,EleutherAI/pythia-410m,step8,seed6,6,8
He had a talkative guide.,He had a friendly guide.,guide,guide,Same Sense,0.04302668571472168,9,3.875,7,6,1,405334016,EleutherAI/pythia-410m,step8,seed6,6,8
He had a talkative guide.,He had a friendly guide.,guide,guide,Same Sense,0.04369926452636719,10,3.875,7,6,1,405334016,EleutherAI/pythia-410m,step8,seed6,6,8
He had a talkative guide.,He had a friendly guide.,guide,guide,Same Sense,0.04266536235809326,11,3.875,7,6,1,405334016,EleutherAI/pythia-410m,step8,seed6,6,8
He had a talkative guide.,He had a friendly guide.,guide,guide,Same Sense,0.044263243675231934,12,3.875,7,6,1,405334016,EleutherAI/pythia-410m,step8,seed6,6,8
He had a talkative guide.,He had a friendly guide.,guide,guide,Same Sense,0.04366403818130493,13,3.875,7,6,1,405334016,EleutherAI/pythia-410m,step8,seed6,6,8
He had a talkative guide.,He had a friendly guide.,guide,guide,Same Sense,0.042605459690093994,14,3.875,7,6,1,405334016,EleutherAI/pythia-410m,step8,seed6,6,8
He had a talkative guide.,He had a friendly guide.,guide,guide,Same Sense,0.04296731948852539,15,3.875,7,6,1,405334016,EleutherAI/pythia-410m,step8,seed6,6,8
He had a talkative guide.,He had a friendly guide.,guide,guide,Same Sense,0.042169272899627686,16,3.875,7,6,1,405334016,EleutherAI/pythia-410m,step8,seed6,6,8
He had a talkative guide.,He had a friendly guide.,guide,guide,Same Sense,0.04250460863113403,17,3.875,7,6,1,405334016,EleutherAI/pythia-410m,step8,seed6,6,8
He had a talkative guide.,He had a friendly guide.,guide,guide,Same Sense,0.04223889112472534,18,3.875,7,6,1,405334016,EleutherAI/pythia-410m,step8,seed6,6,8
He had a talkative guide.,He had a friendly guide.,guide,guide,Same Sense,0.04084807634353638,19,3.875,7,6,1,405334016,EleutherAI/pythia-410m,step8,seed6,6,8
He had a talkative guide.,He had a friendly guide.,guide,guide,Same Sense,0.041030824184417725,20,3.875,7,6,1,405334016,EleutherAI/pythia-410m,step8,seed6,6,8
He had a talkative guide.,He had a friendly guide.,guide,guide,Same Sense,0.04070776700973511,21,3.875,7,6,1,405334016,EleutherAI/pythia-410m,step8,seed6,6,8
He had a talkative guide.,He had a friendly guide.,guide,guide,Same Sense,0.03936725854873657,22,3.875,7,6,1,405334016,EleutherAI/pythia-410m,step8,seed6,6,8
He had a talkative guide.,He had a friendly guide.,guide,guide,Same Sense,0.04060721397399902,23,3.875,7,6,1,405334016,EleutherAI/pythia-410m,step8,seed6,6,8
He had a talkative guide.,He had a friendly guide.,guide,guide,Same Sense,0.039897263050079346,24,3.875,7,6,1,405334016,EleutherAI/pythia-410m,step8,seed6,6,8
It was a summer home.,It was a funeral home.,home,home,Different Sense,0.0,0,2.153846154,6,6,0,405334016,EleutherAI/pythia-410m,step8,seed6,6,8
It was a summer home.,It was a funeral home.,home,home,Different Sense,0.0251501202583313,1,2.153846154,6,6,0,405334016,EleutherAI/pythia-410m,step8,seed6,6,8
It was a summer home.,It was a funeral home.,home,home,Different Sense,0.03628945350646973,2,2.153846154,6,6,0,405334016,EleutherAI/pythia-410m,step8,seed6,6,8
It was a summer home.,It was a funeral home.,home,home,Different Sense,0.0396418571472168,3,2.153846154,6,6,0,405334016,EleutherAI/pythia-410m,step8,seed6,6,8
It was a summer home.,It was a funeral home.,home,home,Different Sense,0.0410732626914978,4,2.153846154,6,6,0,405334016,EleutherAI/pythia-410m,step8,seed6,6,8
It was a summer home.,It was a funeral home.,home,home,Different Sense,0.040131568908691406,5,2.153846154,6,6,0,405334016,EleutherAI/pythia-410m,step8,seed6,6,8
It was a summer home.,It was a funeral home.,home,home,Different Sense,0.03960353136062622,6,2.153846154,6,6,0,405334016,EleutherAI/pythia-410m,step8,seed6,6,8
It was a summer home.,It was a funeral home.,home,home,Different Sense,0.040918052196502686,7,2.153846154,6,6,0,405334016,EleutherAI/pythia-410m,step8,seed6,6,8
It was a summer home.,It was a funeral home.,home,home,Different Sense,0.039709627628326416,8,2.153846154,6,6,0,405334016,EleutherAI/pythia-410m,step8,seed6,6,8
It was a summer home.,It was a funeral home.,home,home,Different Sense,0.038671135902404785,9,2.153846154,6,6,0,405334016,EleutherAI/pythia-410m,step8,seed6,6,8
It was a summer home.,It was a funeral home.,home,home,Different Sense,0.03829282522201538,10,2.153846154,6,6,0,405334016,EleutherAI/pythia-410m,step8,seed6,6,8
It was a summer home.,It was a funeral home.,home,home,Different Sense,0.03798496723175049,11,2.153846154,6,6,0,405334016,EleutherAI/pythia-410m,step8,seed6,6,8
It was a summer home.,It was a funeral home.,home,home,Different Sense,0.0380401611328125,12,2.153846154,6,6,0,405334016,EleutherAI/pythia-410m,step8,seed6,6,8
It was a summer home.,It was a funeral home.,home,home,Different Sense,0.038385212421417236,13,2.153846154,6,6,0,405334016,EleutherAI/pythia-410m,step8,seed6,6,8
It was a summer home.,It was a funeral home.,home,home,Different Sense,0.038116633892059326,14,2.153846154,6,6,0,405334016,EleutherAI/pythia-410m,step8,seed6,6,8
It was a summer home.,It was a funeral home.,home,home,Different Sense,0.03785198926925659,15,2.153846154,6,6,0,405334016,EleutherAI/pythia-410m,step8,seed6,6,8
It was a summer home.,It was a funeral home.,home,home,Different Sense,0.03649437427520752,16,2.153846154,6,6,0,405334016,EleutherAI/pythia-410m,step8,seed6,6,8
It was a summer home.,It was a funeral home.,home,home,Different Sense,0.03609532117843628,17,2.153846154,6,6,0,405334016,EleutherAI/pythia-410m,step8,seed6,6,8
It was a summer home.,It was a funeral home.,home,home,Different Sense,0.03497737646102905,18,2.153846154,6,6,0,405334016,EleutherAI/pythia-410m,step8,seed6,6,8
It was a summer home.,It was a funeral home.,home,home,Different Sense,0.03491884469985962,19,2.153846154,6,6,0,405334016,EleutherAI/pythia-410m,step8,seed6,6,8
It was a summer home.,It was a funeral home.,home,home,Different Sense,0.033540427684783936,20,2.153846154,6,6,0,405334016,EleutherAI/pythia-410m,step8,seed6,6,8
It was a summer home.,It was a funeral home.,home,home,Different Sense,0.03324919939041138,21,2.153846154,6,6,0,405334016,EleutherAI/pythia-410m,step8,seed6,6,8
It was a summer home.,It was a funeral home.,home,home,Different Sense,0.03239107131958008,22,2.153846154,6,6,0,405334016,EleutherAI/pythia-410m,step8,seed6,6,8
It was a summer home.,It was a funeral home.,home,home,Different Sense,0.03113466501235962,23,2.153846154,6,6,0,405334016,EleutherAI/pythia-410m,step8,seed6,6,8
It was a summer home.,It was a funeral home.,home,home,Different Sense,0.03088146448135376,24,2.153846154,6,6,0,405334016,EleutherAI/pythia-410m,step8,seed6,6,8
It was a summer home.,It was a nursing home.,home,home,Different Sense,0.0,0,3.421052632,6,6,0,405334016,EleutherAI/pythia-410m,step8,seed6,6,8
It was a summer home.,It was a nursing home.,home,home,Different Sense,0.02242988348007202,1,3.421052632,6,6,0,405334016,EleutherAI/pythia-410m,step8,seed6,6,8
It was a summer home.,It was a nursing home.,home,home,Different Sense,0.032708585262298584,2,3.421052632,6,6,0,405334016,EleutherAI/pythia-410m,step8,seed6,6,8
It was a summer home.,It was a nursing home.,home,home,Different Sense,0.03490334749221802,3,3.421052632,6,6,0,405334016,EleutherAI/pythia-410m,step8,seed6,6,8
It was a summer home.,It was a nursing home.,home,home,Different Sense,0.03757661581039429,4,3.421052632,6,6,0,405334016,EleutherAI/pythia-410m,step8,seed6,6,8
It was a summer home.,It was a nursing home.,home,home,Different Sense,0.0392608642578125,5,3.421052632,6,6,0,405334016,EleutherAI/pythia-410m,step8,seed6,6,8
It was a summer home.,It was a nursing home.,home,home,Different Sense,0.041025757789611816,6,3.421052632,6,6,0,405334016,EleutherAI/pythia-410m,step8,seed6,6,8
It was a summer home.,It was a nursing home.,home,home,Different Sense,0.042507827281951904,7,3.421052632,6,6,0,405334016,EleutherAI/pythia-410m,step8,seed6,6,8
It was a summer home.,It was a nursing home.,home,home,Different Sense,0.04013502597808838,8,3.421052632,6,6,0,405334016,EleutherAI/pythia-410m,step8,seed6,6,8
It was a summer home.,It was a nursing home.,home,home,Different Sense,0.04110950231552124,9,3.421052632,6,6,0,405334016,EleutherAI/pythia-410m,step8,seed6,6,8
It was a summer home.,It was a nursing home.,home,home,Different Sense,0.04185616970062256,10,3.421052632,6,6,0,405334016,EleutherAI/pythia-410m,step8,seed6,6,8
It was a summer home.,It was a nursing home.,home,home,Different Sense,0.04056906700134277,11,3.421052632,6,6,0,405334016,EleutherAI/pythia-410m,step8,seed6,6,8
It was a summer home.,It was a nursing home.,home,home,Different Sense,0.03951990604400635,12,3.421052632,6,6,0,405334016,EleutherAI/pythia-410m,step8,seed6,6,8
It was a summer home.,It was a nursing home.,home,home,Different Sense,0.04123347997665405,13,3.421052632,6,6,0,405334016,EleutherAI/pythia-410m,step8,seed6,6,8
It was a summer home.,It was a nursing home.,home,home,Different Sense,0.04201453924179077,14,3.421052632,6,6,0,405334016,EleutherAI/pythia-410m,step8,seed6,6,8
It was a summer home.,It was a nursing home.,home,home,Different Sense,0.04049825668334961,15,3.421052632,6,6,0,405334016,EleutherAI/pythia-410m,step8,seed6,6,8
It was a summer home.,It was a nursing home.,home,home,Different Sense,0.03969550132751465,16,3.421052632,6,6,0,405334016,EleutherAI/pythia-410m,step8,seed6,6,8
It was a summer home.,It was a nursing home.,home,home,Different Sense,0.0379638671875,17,3.421052632,6,6,0,405334016,EleutherAI/pythia-410m,step8,seed6,6,8
It was a summer home.,It was a nursing home.,home,home,Different Sense,0.037851154804229736,18,3.421052632,6,6,0,405334016,EleutherAI/pythia-410m,step8,seed6,6,8
It was a summer home.,It was a nursing home.,home,home,Different Sense,0.03719604015350342,19,3.421052632,6,6,0,405334016,EleutherAI/pythia-410m,step8,seed6,6,8
It was a summer home.,It was a nursing home.,home,home,Different Sense,0.03470194339752197,20,3.421052632,6,6,0,405334016,EleutherAI/pythia-410m,step8,seed6,6,8
It was a summer home.,It was a nursing home.,home,home,Different Sense,0.033905029296875,21,3.421052632,6,6,0,405334016,EleutherAI/pythia-410m,step8,seed6,6,8
It was a summer home.,It was a nursing home.,home,home,Different Sense,0.03280407190322876,22,3.421052632,6,6,0,405334016,EleutherAI/pythia-410m,step8,seed6,6,8
It was a summer home.,It was a nursing home.,home,home,Different Sense,0.03173786401748657,23,3.421052632,6,6,0,405334016,EleutherAI/pythia-410m,step8,seed6,6,8
It was a summer home.,It was a nursing home.,home,home,Different Sense,0.03162127733230591,24,3.421052632,6,6,0,405334016,EleutherAI/pythia-410m,step8,seed6,6,8
It was a childhood home.,It was a funeral home.,home,home,Different Sense,0.0,0,2.076923077,6,6,0,405334016,EleutherAI/pythia-410m,step8,seed6,6,8
It was a childhood home.,It was a funeral home.,home,home,Different Sense,0.024462759494781494,1,2.076923077,6,6,0,405334016,EleutherAI/pythia-410m,step8,seed6,6,8
It was a childhood home.,It was a funeral home.,home,home,Different Sense,0.03718757629394531,2,2.076923077,6,6,0,405334016,EleutherAI/pythia-410m,step8,seed6,6,8
It was a childhood home.,It was a funeral home.,home,home,Different Sense,0.041805148124694824,3,2.076923077,6,6,0,405334016,EleutherAI/pythia-410m,step8,seed6,6,8
It was a childhood home.,It was a funeral home.,home,home,Different Sense,0.04469937086105347,4,2.076923077,6,6,0,405334016,EleutherAI/pythia-410m,step8,seed6,6,8
It was a childhood home.,It was a funeral home.,home,home,Different Sense,0.0458562970161438,5,2.076923077,6,6,0,405334016,EleutherAI/pythia-410m,step8,seed6,6,8
It was a childhood home.,It was a funeral home.,home,home,Different Sense,0.042970359325408936,6,2.076923077,6,6,0,405334016,EleutherAI/pythia-410m,step8,seed6,6,8
It was a childhood home.,It was a funeral home.,home,home,Different Sense,0.04590141773223877,7,2.076923077,6,6,0,405334016,EleutherAI/pythia-410m,step8,seed6,6,8
It was a childhood home.,It was a funeral home.,home,home,Different Sense,0.0434795618057251,8,2.076923077,6,6,0,405334016,EleutherAI/pythia-410m,step8,seed6,6,8
It was a childhood home.,It was a funeral home.,home,home,Different Sense,0.043068528175354004,9,2.076923077,6,6,0,405334016,EleutherAI/pythia-410m,step8,seed6,6,8
It was a childhood home.,It was a funeral home.,home,home,Different Sense,0.04478776454925537,10,2.076923077,6,6,0,405334016,EleutherAI/pythia-410m,step8,seed6,6,8
It was a childhood home.,It was a funeral home.,home,home,Different Sense,0.04308342933654785,11,2.076923077,6,6,0,405334016,EleutherAI/pythia-410m,step8,seed6,6,8
It was a childhood home.,It was a funeral home.,home,home,Different Sense,0.04345804452896118,12,2.076923077,6,6,0,405334016,EleutherAI/pythia-410m,step8,seed6,6,8
It was a childhood home.,It was a funeral home.,home,home,Different Sense,0.04352539777755737,13,2.076923077,6,6,0,405334016,EleutherAI/pythia-410m,step8,seed6,6,8
It was a childhood home.,It was a funeral home.,home,home,Different Sense,0.04374819993972778,14,2.076923077,6,6,0,405334016,EleutherAI/pythia-410m,step8,seed6,6,8
It was a childhood home.,It was a funeral home.,home,home,Different Sense,0.04460197687149048,15,2.076923077,6,6,0,405334016,EleutherAI/pythia-410m,step8,seed6,6,8
It was a childhood home.,It was a funeral home.,home,home,Different Sense,0.043496668338775635,16,2.076923077,6,6,0,405334016,EleutherAI/pythia-410m,step8,seed6,6,8
It was a childhood home.,It was a funeral home.,home,home,Different Sense,0.04237651824951172,17,2.076923077,6,6,0,405334016,EleutherAI/pythia-410m,step8,seed6,6,8
It was a childhood home.,It was a funeral home.,home,home,Different Sense,0.0410502552986145,18,2.076923077,6,6,0,405334016,EleutherAI/pythia-410m,step8,seed6,6,8
It was a childhood home.,It was a funeral home.,home,home,Different Sense,0.04063677787780762,19,2.076923077,6,6,0,405334016,EleutherAI/pythia-410m,step8,seed6,6,8
It was a childhood home.,It was a funeral home.,home,home,Different Sense,0.04005974531173706,20,2.076923077,6,6,0,405334016,EleutherAI/pythia-410m,step8,seed6,6,8
It was a childhood home.,It was a funeral home.,home,home,Different Sense,0.039971113204956055,21,2.076923077,6,6,0,405334016,EleutherAI/pythia-410m,step8,seed6,6,8
It was a childhood home.,It was a funeral home.,home,home,Different Sense,0.039995014667510986,22,2.076923077,6,6,0,405334016,EleutherAI/pythia-410m,step8,seed6,6,8
It was a childhood home.,It was a funeral home.,home,home,Different Sense,0.039016008377075195,23,2.076923077,6,6,0,405334016,EleutherAI/pythia-410m,step8,seed6,6,8
It was a childhood home.,It was a funeral home.,home,home,Different Sense,0.03917860984802246,24,2.076923077,6,6,0,405334016,EleutherAI/pythia-410m,step8,seed6,6,8
It was a childhood home.,It was a nursing home.,home,home,Different Sense,0.0,0,3.5,6,6,0,405334016,EleutherAI/pythia-410m,step8,seed6,6,8
It was a childhood home.,It was a nursing home.,home,home,Different Sense,0.02270817756652832,1,3.5,6,6,0,405334016,EleutherAI/pythia-410m,step8,seed6,6,8
It was a childhood home.,It was a nursing home.,home,home,Different Sense,0.03386574983596802,2,3.5,6,6,0,405334016,EleutherAI/pythia-410m,step8,seed6,6,8
It was a childhood home.,It was a nursing home.,home,home,Different Sense,0.038179636001586914,3,3.5,6,6,0,405334016,EleutherAI/pythia-410m,step8,seed6,6,8
It was a childhood home.,It was a nursing home.,home,home,Different Sense,0.041592419147491455,4,3.5,6,6,0,405334016,EleutherAI/pythia-410m,step8,seed6,6,8
It was a childhood home.,It was a nursing home.,home,home,Different Sense,0.04294168949127197,5,3.5,6,6,0,405334016,EleutherAI/pythia-410m,step8,seed6,6,8
It was a childhood home.,It was a nursing home.,home,home,Different Sense,0.039555251598358154,6,3.5,6,6,0,405334016,EleutherAI/pythia-410m,step8,seed6,6,8
It was a childhood home.,It was a nursing home.,home,home,Different Sense,0.04130280017852783,7,3.5,6,6,0,405334016,EleutherAI/pythia-410m,step8,seed6,6,8
It was a childhood home.,It was a nursing home.,home,home,Different Sense,0.038911521434783936,8,3.5,6,6,0,405334016,EleutherAI/pythia-410m,step8,seed6,6,8
It was a childhood home.,It was a nursing home.,home,home,Different Sense,0.03936576843261719,9,3.5,6,6,0,405334016,EleutherAI/pythia-410m,step8,seed6,6,8
It was a childhood home.,It was a nursing home.,home,home,Different Sense,0.04069411754608154,10,3.5,6,6,0,405334016,EleutherAI/pythia-410m,step8,seed6,6,8
It was a childhood home.,It was a nursing home.,home,home,Different Sense,0.03937637805938721,11,3.5,6,6,0,405334016,EleutherAI/pythia-410m,step8,seed6,6,8
It was a childhood home.,It was a nursing home.,home,home,Different Sense,0.03788882493972778,12,3.5,6,6,0,405334016,EleutherAI/pythia-410m,step8,seed6,6,8
It was a childhood home.,It was a nursing home.,home,home,Different Sense,0.038850605487823486,13,3.5,6,6,0,405334016,EleutherAI/pythia-410m,step8,seed6,6,8
It was a childhood home.,It was a nursing home.,home,home,Different Sense,0.03842723369598389,14,3.5,6,6,0,405334016,EleutherAI/pythia-410m,step8,seed6,6,8
It was a childhood home.,It was a nursing home.,home,home,Different Sense,0.03916722536087036,15,3.5,6,6,0,405334016,EleutherAI/pythia-410m,step8,seed6,6,8
It was a childhood home.,It was a nursing home.,home,home,Different Sense,0.03892099857330322,16,3.5,6,6,0,405334016,EleutherAI/pythia-410m,step8,seed6,6,8
It was a childhood home.,It was a nursing home.,home,home,Different Sense,0.03757452964782715,17,3.5,6,6,0,405334016,EleutherAI/pythia-410m,step8,seed6,6,8
It was a childhood home.,It was a nursing home.,home,home,Different Sense,0.03677242994308472,18,3.5,6,6,0,405334016,EleutherAI/pythia-410m,step8,seed6,6,8
It was a childhood home.,It was a nursing home.,home,home,Different Sense,0.036178767681121826,19,3.5,6,6,0,405334016,EleutherAI/pythia-410m,step8,seed6,6,8
It was a childhood home.,It was a nursing home.,home,home,Different Sense,0.03469878435134888,20,3.5,6,6,0,405334016,EleutherAI/pythia-410m,step8,seed6,6,8
It was a childhood home.,It was a nursing home.,home,home,Different Sense,0.03487718105316162,21,3.5,6,6,0,405334016,EleutherAI/pythia-410m,step8,seed6,6,8
It was a childhood home.,It was a nursing home.,home,home,Different Sense,0.03438699245452881,22,3.5,6,6,0,405334016,EleutherAI/pythia-410m,step8,seed6,6,8
It was a childhood home.,It was a nursing home.,home,home,Different Sense,0.03350687026977539,23,3.5,6,6,0,405334016,EleutherAI/pythia-410m,step8,seed6,6,8
It was a childhood home.,It was a nursing home.,home,home,Different Sense,0.0333293080329895,24,3.5,6,6,0,405334016,EleutherAI/pythia-410m,step8,seed6,6,8
It was a summer home.,It was a childhood home.,home,home,Same Sense,0.0,0,3.818181818,6,6,0,405334016,EleutherAI/pythia-410m,step8,seed6,6,8
It was a summer home.,It was a childhood home.,home,home,Same Sense,0.02229827642440796,1,3.818181818,6,6,0,405334016,EleutherAI/pythia-410m,step8,seed6,6,8
It was a summer home.,It was a childhood home.,home,home,Same Sense,0.03354412317276001,2,3.818181818,6,6,0,405334016,EleutherAI/pythia-410m,step8,seed6,6,8
It was a summer home.,It was a childhood home.,home,home,Same Sense,0.0400770902633667,3,3.818181818,6,6,0,405334016,EleutherAI/pythia-410m,step8,seed6,6,8
It was a summer home.,It was a childhood home.,home,home,Same Sense,0.04480260610580444,4,3.818181818,6,6,0,405334016,EleutherAI/pythia-410m,step8,seed6,6,8
It was a summer home.,It was a childhood home.,home,home,Same Sense,0.045251548290252686,5,3.818181818,6,6,0,405334016,EleutherAI/pythia-410m,step8,seed6,6,8
It was a summer home.,It was a childhood home.,home,home,Same Sense,0.04434168338775635,6,3.818181818,6,6,0,405334016,EleutherAI/pythia-410m,step8,seed6,6,8
It was a summer home.,It was a childhood home.,home,home,Same Sense,0.04681593179702759,7,3.818181818,6,6,0,405334016,EleutherAI/pythia-410m,step8,seed6,6,8
It was a summer home.,It was a childhood home.,home,home,Same Sense,0.04512524604797363,8,3.818181818,6,6,0,405334016,EleutherAI/pythia-410m,step8,seed6,6,8
It was a summer home.,It was a childhood home.,home,home,Same Sense,0.04476970434188843,9,3.818181818,6,6,0,405334016,EleutherAI/pythia-410m,step8,seed6,6,8
It was a summer home.,It was a childhood home.,home,home,Same Sense,0.04634857177734375,10,3.818181818,6,6,0,405334016,EleutherAI/pythia-410m,step8,seed6,6,8
It was a summer home.,It was a childhood home.,home,home,Same Sense,0.045734703540802,11,3.818181818,6,6,0,405334016,EleutherAI/pythia-410m,step8,seed6,6,8
It was a summer home.,It was a childhood home.,home,home,Same Sense,0.04475986957550049,12,3.818181818,6,6,0,405334016,EleutherAI/pythia-410m,step8,seed6,6,8
It was a summer home.,It was a childhood home.,home,home,Same Sense,0.04548847675323486,13,3.818181818,6,6,0,405334016,EleutherAI/pythia-410m,step8,seed6,6,8
It was a summer home.,It was a childhood home.,home,home,Same Sense,0.04511231184005737,14,3.818181818,6,6,0,405334016,EleutherAI/pythia-410m,step8,seed6,6,8
It was a summer home.,It was a childhood home.,home,home,Same Sense,0.04517167806625366,15,3.818181818,6,6,0,405334016,EleutherAI/pythia-410m,step8,seed6,6,8
It was a summer home.,It was a childhood home.,home,home,Same Sense,0.0446929931640625,16,3.818181818,6,6,0,405334016,EleutherAI/pythia-410m,step8,seed6,6,8
It was a summer home.,It was a childhood home.,home,home,Same Sense,0.04253357648849487,17,3.818181818,6,6,0,405334016,EleutherAI/pythia-410m,step8,seed6,6,8
It was a summer home.,It was a childhood home.,home,home,Same Sense,0.041334688663482666,18,3.818181818,6,6,0,405334016,EleutherAI/pythia-410m,step8,seed6,6,8
It was a summer home.,It was a childhood home.,home,home,Same Sense,0.040377020835876465,19,3.818181818,6,6,0,405334016,EleutherAI/pythia-410m,step8,seed6,6,8
It was a summer home.,It was a childhood home.,home,home,Same Sense,0.039220213890075684,20,3.818181818,6,6,0,405334016,EleutherAI/pythia-410m,step8,seed6,6,8
It was a summer home.,It was a childhood home.,home,home,Same Sense,0.039916276931762695,21,3.818181818,6,6,0,405334016,EleutherAI/pythia-410m,step8,seed6,6,8
It was a summer home.,It was a childhood home.,home,home,Same Sense,0.0392879843711853,22,3.818181818,6,6,0,405334016,EleutherAI/pythia-410m,step8,seed6,6,8
It was a summer home.,It was a childhood home.,home,home,Same Sense,0.038265347480773926,23,3.818181818,6,6,0,405334016,EleutherAI/pythia-410m,step8,seed6,6,8
It was a summer home.,It was a childhood home.,home,home,Same Sense,0.03780961036682129,24,3.818181818,6,6,0,405334016,EleutherAI/pythia-410m,step8,seed6,6,8
It was a funeral home.,It was a nursing home.,home,home,Same Sense,0.0,0,2.846153846,6,6,0,405334016,EleutherAI/pythia-410m,step8,seed6,6,8
It was a funeral home.,It was a nursing home.,home,home,Same Sense,0.02172762155532837,1,2.846153846,6,6,0,405334016,EleutherAI/pythia-410m,step8,seed6,6,8
It was a funeral home.,It was a nursing home.,home,home,Same Sense,0.031100332736968994,2,2.846153846,6,6,0,405334016,EleutherAI/pythia-410m,step8,seed6,6,8
It was a funeral home.,It was a nursing home.,home,home,Same Sense,0.03538089990615845,3,2.846153846,6,6,0,405334016,EleutherAI/pythia-410m,step8,seed6,6,8
It was a funeral home.,It was a nursing home.,home,home,Same Sense,0.03714829683303833,4,2.846153846,6,6,0,405334016,EleutherAI/pythia-410m,step8,seed6,6,8
It was a funeral home.,It was a nursing home.,home,home,Same Sense,0.03690105676651001,5,2.846153846,6,6,0,405334016,EleutherAI/pythia-410m,step8,seed6,6,8
It was a funeral home.,It was a nursing home.,home,home,Same Sense,0.03620225191116333,6,2.846153846,6,6,0,405334016,EleutherAI/pythia-410m,step8,seed6,6,8
It was a funeral home.,It was a nursing home.,home,home,Same Sense,0.03925508260726929,7,2.846153846,6,6,0,405334016,EleutherAI/pythia-410m,step8,seed6,6,8
It was a funeral home.,It was a nursing home.,home,home,Same Sense,0.03882551193237305,8,2.846153846,6,6,0,405334016,EleutherAI/pythia-410m,step8,seed6,6,8
It was a funeral home.,It was a nursing home.,home,home,Same Sense,0.039462149143218994,9,2.846153846,6,6,0,405334016,EleutherAI/pythia-410m,step8,seed6,6,8
It was a funeral home.,It was a nursing home.,home,home,Same Sense,0.04058569669723511,10,2.846153846,6,6,0,405334016,EleutherAI/pythia-410m,step8,seed6,6,8
It was a funeral home.,It was a nursing home.,home,home,Same Sense,0.0396040678024292,11,2.846153846,6,6,0,405334016,EleutherAI/pythia-410m,step8,seed6,6,8
It was a funeral home.,It was a nursing home.,home,home,Same Sense,0.037987351417541504,12,2.846153846,6,6,0,405334016,EleutherAI/pythia-410m,step8,seed6,6,8
It was a funeral home.,It was a nursing home.,home,home,Same Sense,0.03766566514968872,13,2.846153846,6,6,0,405334016,EleutherAI/pythia-410m,step8,seed6,6,8
It was a funeral home.,It was a nursing home.,home,home,Same Sense,0.03817945718765259,14,2.846153846,6,6,0,405334016,EleutherAI/pythia-410m,step8,seed6,6,8
It was a funeral home.,It was a nursing home.,home,home,Same Sense,0.03779667615890503,15,2.846153846,6,6,0,405334016,EleutherAI/pythia-410m,step8,seed6,6,8
It was a funeral home.,It was a nursing home.,home,home,Same Sense,0.03687012195587158,16,2.846153846,6,6,0,405334016,EleutherAI/pythia-410m,step8,seed6,6,8
It was a funeral home.,It was a nursing home.,home,home,Same Sense,0.03646993637084961,17,2.846153846,6,6,0,405334016,EleutherAI/pythia-410m,step8,seed6,6,8
It was a funeral home.,It was a nursing home.,home,home,Same Sense,0.035478830337524414,18,2.846153846,6,6,0,405334016,EleutherAI/pythia-410m,step8,seed6,6,8
It was a funeral home.,It was a nursing home.,home,home,Same Sense,0.03513437509536743,19,2.846153846,6,6,0,405334016,EleutherAI/pythia-410m,step8,seed6,6,8
It was a funeral home.,It was a nursing home.,home,home,Same Sense,0.03446775674819946,20,2.846153846,6,6,0,405334016,EleutherAI/pythia-410m,step8,seed6,6,8
It was a funeral home.,It was a nursing home.,home,home,Same Sense,0.03403592109680176,21,2.846153846,6,6,0,405334016,EleutherAI/pythia-410m,step8,seed6,6,8
It was a funeral home.,It was a nursing home.,home,home,Same Sense,0.03333491086959839,22,2.846153846,6,6,0,405334016,EleutherAI/pythia-410m,step8,seed6,6,8
It was a funeral home.,It was a nursing home.,home,home,Same Sense,0.03225862979888916,23,2.846153846,6,6,0,405334016,EleutherAI/pythia-410m,step8,seed6,6,8
It was a funeral home.,It was a nursing home.,home,home,Same Sense,0.032357871532440186,24,2.846153846,6,6,0,405334016,EleutherAI/pythia-410m,step8,seed6,6,8
They had natural intelligence.,They had classified intelligence.,intelligence,intelligence,Different Sense,0.0,0,1.8,5,5,0,405334016,EleutherAI/pythia-410m,step8,seed6,6,8
They had natural intelligence.,They had classified intelligence.,intelligence,intelligence,Different Sense,0.031603097915649414,1,1.8,5,5,0,405334016,EleutherAI/pythia-410m,step8,seed6,6,8
They had natural intelligence.,They had classified intelligence.,intelligence,intelligence,Different Sense,0.0453568696975708,2,1.8,5,5,0,405334016,EleutherAI/pythia-410m,step8,seed6,6,8
They had natural intelligence.,They had classified intelligence.,intelligence,intelligence,Different Sense,0.05139344930648804,3,1.8,5,5,0,405334016,EleutherAI/pythia-410m,step8,seed6,6,8
They had natural intelligence.,They had classified intelligence.,intelligence,intelligence,Different Sense,0.05323737859725952,4,1.8,5,5,0,405334016,EleutherAI/pythia-410m,step8,seed6,6,8
They had natural intelligence.,They had classified intelligence.,intelligence,intelligence,Different Sense,0.056159138679504395,5,1.8,5,5,0,405334016,EleutherAI/pythia-410m,step8,seed6,6,8
They had natural intelligence.,They had classified intelligence.,intelligence,intelligence,Different Sense,0.06237524747848511,6,1.8,5,5,0,405334016,EleutherAI/pythia-410m,step8,seed6,6,8
They had natural intelligence.,They had classified intelligence.,intelligence,intelligence,Different Sense,0.06377118825912476,7,1.8,5,5,0,405334016,EleutherAI/pythia-410m,step8,seed6,6,8
They had natural intelligence.,They had classified intelligence.,intelligence,intelligence,Different Sense,0.06629818677902222,8,1.8,5,5,0,405334016,EleutherAI/pythia-410m,step8,seed6,6,8
They had natural intelligence.,They had classified intelligence.,intelligence,intelligence,Different Sense,0.06511038541793823,9,1.8,5,5,0,405334016,EleutherAI/pythia-410m,step8,seed6,6,8
They had natural intelligence.,They had classified intelligence.,intelligence,intelligence,Different Sense,0.06472539901733398,10,1.8,5,5,0,405334016,EleutherAI/pythia-410m,step8,seed6,6,8
They had natural intelligence.,They had classified intelligence.,intelligence,intelligence,Different Sense,0.06325054168701172,11,1.8,5,5,0,405334016,EleutherAI/pythia-410m,step8,seed6,6,8
They had natural intelligence.,They had classified intelligence.,intelligence,intelligence,Different Sense,0.06208372116088867,12,1.8,5,5,0,405334016,EleutherAI/pythia-410m,step8,seed6,6,8
They had natural intelligence.,They had classified intelligence.,intelligence,intelligence,Different Sense,0.059862375259399414,13,1.8,5,5,0,405334016,EleutherAI/pythia-410m,step8,seed6,6,8
They had natural intelligence.,They had classified intelligence.,intelligence,intelligence,Different Sense,0.05889558792114258,14,1.8,5,5,0,405334016,EleutherAI/pythia-410m,step8,seed6,6,8
They had natural intelligence.,They had classified intelligence.,intelligence,intelligence,Different Sense,0.05629086494445801,15,1.8,5,5,0,405334016,EleutherAI/pythia-410m,step8,seed6,6,8
They had natural intelligence.,They had classified intelligence.,intelligence,intelligence,Different Sense,0.054962217807769775,16,1.8,5,5,0,405334016,EleutherAI/pythia-410m,step8,seed6,6,8
They had natural intelligence.,They had classified intelligence.,intelligence,intelligence,Different Sense,0.05612838268280029,17,1.8,5,5,0,405334016,EleutherAI/pythia-410m,step8,seed6,6,8
They had natural intelligence.,They had classified intelligence.,intelligence,intelligence,Different Sense,0.053173184394836426,18,1.8,5,5,0,405334016,EleutherAI/pythia-410m,step8,seed6,6,8
They had natural intelligence.,They had classified intelligence.,intelligence,intelligence,Different Sense,0.053370654582977295,19,1.8,5,5,0,405334016,EleutherAI/pythia-410m,step8,seed6,6,8
They had natural intelligence.,They had classified intelligence.,intelligence,intelligence,Different Sense,0.053984761238098145,20,1.8,5,5,0,405334016,EleutherAI/pythia-410m,step8,seed6,6,8
They had natural intelligence.,They had classified intelligence.,intelligence,intelligence,Different Sense,0.05341660976409912,21,1.8,5,5,0,405334016,EleutherAI/pythia-410m,step8,seed6,6,8
They had natural intelligence.,They had classified intelligence.,intelligence,intelligence,Different Sense,0.05165410041809082,22,1.8,5,5,0,405334016,EleutherAI/pythia-410m,step8,seed6,6,8
They had natural intelligence.,They had classified intelligence.,intelligence,intelligence,Different Sense,0.05023229122161865,23,1.8,5,5,0,405334016,EleutherAI/pythia-410m,step8,seed6,6,8
They had natural intelligence.,They had classified intelligence.,intelligence,intelligence,Different Sense,0.049217283725738525,24,1.8,5,5,0,405334016,EleutherAI/pythia-410m,step8,seed6,6,8
They had natural intelligence.,They had military intelligence.,intelligence,intelligence,Different Sense,0.0,0,3.333333333,5,5,0,405334016,EleutherAI/pythia-410m,step8,seed6,6,8
They had natural intelligence.,They had military intelligence.,intelligence,intelligence,Different Sense,0.0281219482421875,1,3.333333333,5,5,0,405334016,EleutherAI/pythia-410m,step8,seed6,6,8
They had natural intelligence.,They had military intelligence.,intelligence,intelligence,Different Sense,0.03765833377838135,2,3.333333333,5,5,0,405334016,EleutherAI/pythia-410m,step8,seed6,6,8
They had natural intelligence.,They had military intelligence.,intelligence,intelligence,Different Sense,0.04135239124298096,3,3.333333333,5,5,0,405334016,EleutherAI/pythia-410m,step8,seed6,6,8
They had natural intelligence.,They had military intelligence.,intelligence,intelligence,Different Sense,0.04746520519256592,4,3.333333333,5,5,0,405334016,EleutherAI/pythia-410m,step8,seed6,6,8
They had natural intelligence.,They had military intelligence.,intelligence,intelligence,Different Sense,0.048728108406066895,5,3.333333333,5,5,0,405334016,EleutherAI/pythia-410m,step8,seed6,6,8
They had natural intelligence.,They had military intelligence.,intelligence,intelligence,Different Sense,0.053125619888305664,6,3.333333333,5,5,0,405334016,EleutherAI/pythia-410m,step8,seed6,6,8
They had natural intelligence.,They had military intelligence.,intelligence,intelligence,Different Sense,0.050620436668395996,7,3.333333333,5,5,0,405334016,EleutherAI/pythia-410m,step8,seed6,6,8
They had natural intelligence.,They had military intelligence.,intelligence,intelligence,Different Sense,0.052150726318359375,8,3.333333333,5,5,0,405334016,EleutherAI/pythia-410m,step8,seed6,6,8
They had natural intelligence.,They had military intelligence.,intelligence,intelligence,Different Sense,0.050869107246398926,9,3.333333333,5,5,0,405334016,EleutherAI/pythia-410m,step8,seed6,6,8
They had natural intelligence.,They had military intelligence.,intelligence,intelligence,Different Sense,0.05189323425292969,10,3.333333333,5,5,0,405334016,EleutherAI/pythia-410m,step8,seed6,6,8
They had natural intelligence.,They had military intelligence.,intelligence,intelligence,Different Sense,0.04993414878845215,11,3.333333333,5,5,0,405334016,EleutherAI/pythia-410m,step8,seed6,6,8
They had natural intelligence.,They had military intelligence.,intelligence,intelligence,Different Sense,0.0501706600189209,12,3.333333333,5,5,0,405334016,EleutherAI/pythia-410m,step8,seed6,6,8
They had natural intelligence.,They had military intelligence.,intelligence,intelligence,Different Sense,0.0495990514755249,13,3.333333333,5,5,0,405334016,EleutherAI/pythia-410m,step8,seed6,6,8
They had natural intelligence.,They had military intelligence.,intelligence,intelligence,Different Sense,0.04855221509933472,14,3.333333333,5,5,0,405334016,EleutherAI/pythia-410m,step8,seed6,6,8
They had natural intelligence.,They had military intelligence.,intelligence,intelligence,Different Sense,0.04706716537475586,15,3.333333333,5,5,0,405334016,EleutherAI/pythia-410m,step8,seed6,6,8
They had natural intelligence.,They had military intelligence.,intelligence,intelligence,Different Sense,0.04672360420227051,16,3.333333333,5,5,0,405334016,EleutherAI/pythia-410m,step8,seed6,6,8
They had natural intelligence.,They had military intelligence.,intelligence,intelligence,Different Sense,0.04729926586151123,17,3.333333333,5,5,0,405334016,EleutherAI/pythia-410m,step8,seed6,6,8
They had natural intelligence.,They had military intelligence.,intelligence,intelligence,Different Sense,0.04561358690261841,18,3.333333333,5,5,0,405334016,EleutherAI/pythia-410m,step8,seed6,6,8
They had natural intelligence.,They had military intelligence.,intelligence,intelligence,Different Sense,0.04525488615036011,19,3.333333333,5,5,0,405334016,EleutherAI/pythia-410m,step8,seed6,6,8
They had natural intelligence.,They had military intelligence.,intelligence,intelligence,Different Sense,0.04495573043823242,20,3.333333333,5,5,0,405334016,EleutherAI/pythia-410m,step8,seed6,6,8
They had natural intelligence.,They had military intelligence.,intelligence,intelligence,Different Sense,0.04322272539138794,21,3.333333333,5,5,0,405334016,EleutherAI/pythia-410m,step8,seed6,6,8
They had natural intelligence.,They had military intelligence.,intelligence,intelligence,Different Sense,0.04308110475540161,22,3.333333333,5,5,0,405334016,EleutherAI/pythia-410m,step8,seed6,6,8
They had natural intelligence.,They had military intelligence.,intelligence,intelligence,Different Sense,0.042337119579315186,23,3.333333333,5,5,0,405334016,EleutherAI/pythia-410m,step8,seed6,6,8
They had natural intelligence.,They had military intelligence.,intelligence,intelligence,Different Sense,0.04157215356826782,24,3.333333333,5,5,0,405334016,EleutherAI/pythia-410m,step8,seed6,6,8
They had innate intelligence.,They had classified intelligence.,intelligence,intelligence,Different Sense,0.0,0,2.333333333,5,5,0,405334016,EleutherAI/pythia-410m,step8,seed6,6,8
They had innate intelligence.,They had classified intelligence.,intelligence,intelligence,Different Sense,0.032373785972595215,1,2.333333333,5,5,0,405334016,EleutherAI/pythia-410m,step8,seed6,6,8
They had innate intelligence.,They had classified intelligence.,intelligence,intelligence,Different Sense,0.04636126756668091,2,2.333333333,5,5,0,405334016,EleutherAI/pythia-410m,step8,seed6,6,8
They had innate intelligence.,They had classified intelligence.,intelligence,intelligence,Different Sense,0.05498844385147095,3,2.333333333,5,5,0,405334016,EleutherAI/pythia-410m,step8,seed6,6,8
They had innate intelligence.,They had classified intelligence.,intelligence,intelligence,Different Sense,0.0584409236907959,4,2.333333333,5,5,0,405334016,EleutherAI/pythia-410m,step8,seed6,6,8
They had innate intelligence.,They had classified intelligence.,intelligence,intelligence,Different Sense,0.05968642234802246,5,2.333333333,5,5,0,405334016,EleutherAI/pythia-410m,step8,seed6,6,8
They had innate intelligence.,They had classified intelligence.,intelligence,intelligence,Different Sense,0.06359821557998657,6,2.333333333,5,5,0,405334016,EleutherAI/pythia-410m,step8,seed6,6,8
They had innate intelligence.,They had classified intelligence.,intelligence,intelligence,Different Sense,0.06185358762741089,7,2.333333333,5,5,0,405334016,EleutherAI/pythia-410m,step8,seed6,6,8
They had innate intelligence.,They had classified intelligence.,intelligence,intelligence,Different Sense,0.06404560804367065,8,2.333333333,5,5,0,405334016,EleutherAI/pythia-410m,step8,seed6,6,8
They had innate intelligence.,They had classified intelligence.,intelligence,intelligence,Different Sense,0.06447196006774902,9,2.333333333,5,5,0,405334016,EleutherAI/pythia-410m,step8,seed6,6,8
They had innate intelligence.,They had classified intelligence.,intelligence,intelligence,Different Sense,0.0644872784614563,10,2.333333333,5,5,0,405334016,EleutherAI/pythia-410m,step8,seed6,6,8
They had innate intelligence.,They had classified intelligence.,intelligence,intelligence,Different Sense,0.06337833404541016,11,2.333333333,5,5,0,405334016,EleutherAI/pythia-410m,step8,seed6,6,8
They had innate intelligence.,They had classified intelligence.,intelligence,intelligence,Different Sense,0.06396746635437012,12,2.333333333,5,5,0,405334016,EleutherAI/pythia-410m,step8,seed6,6,8
They had innate intelligence.,They had classified intelligence.,intelligence,intelligence,Different Sense,0.0633707046508789,13,2.333333333,5,5,0,405334016,EleutherAI/pythia-410m,step8,seed6,6,8
They had innate intelligence.,They had classified intelligence.,intelligence,intelligence,Different Sense,0.0629625916481018,14,2.333333333,5,5,0,405334016,EleutherAI/pythia-410m,step8,seed6,6,8
They had innate intelligence.,They had classified intelligence.,intelligence,intelligence,Different Sense,0.06317293643951416,15,2.333333333,5,5,0,405334016,EleutherAI/pythia-410m,step8,seed6,6,8
They had innate intelligence.,They had classified intelligence.,intelligence,intelligence,Different Sense,0.06168067455291748,16,2.333333333,5,5,0,405334016,EleutherAI/pythia-410m,step8,seed6,6,8
They had innate intelligence.,They had classified intelligence.,intelligence,intelligence,Different Sense,0.06245899200439453,17,2.333333333,5,5,0,405334016,EleutherAI/pythia-410m,step8,seed6,6,8
They had innate intelligence.,They had classified intelligence.,intelligence,intelligence,Different Sense,0.05996859073638916,18,2.333333333,5,5,0,405334016,EleutherAI/pythia-410m,step8,seed6,6,8
They had innate intelligence.,They had classified intelligence.,intelligence,intelligence,Different Sense,0.05968940258026123,19,2.333333333,5,5,0,405334016,EleutherAI/pythia-410m,step8,seed6,6,8
They had innate intelligence.,They had classified intelligence.,intelligence,intelligence,Different Sense,0.06002604961395264,20,2.333333333,5,5,0,405334016,EleutherAI/pythia-410m,step8,seed6,6,8
They had innate intelligence.,They had classified intelligence.,intelligence,intelligence,Different Sense,0.05954134464263916,21,2.333333333,5,5,0,405334016,EleutherAI/pythia-410m,step8,seed6,6,8
They had innate intelligence.,They had classified intelligence.,intelligence,intelligence,Different Sense,0.05823016166687012,22,2.333333333,5,5,0,405334016,EleutherAI/pythia-410m,step8,seed6,6,8
They had innate intelligence.,They had classified intelligence.,intelligence,intelligence,Different Sense,0.056338489055633545,23,2.333333333,5,5,0,405334016,EleutherAI/pythia-410m,step8,seed6,6,8
They had innate intelligence.,They had classified intelligence.,intelligence,intelligence,Different Sense,0.05470263957977295,24,2.333333333,5,5,0,405334016,EleutherAI/pythia-410m,step8,seed6,6,8
They had innate intelligence.,They had military intelligence.,intelligence,intelligence,Different Sense,0.0,0,3.3125,5,5,0,405334016,EleutherAI/pythia-410m,step8,seed6,6,8
They had innate intelligence.,They had military intelligence.,intelligence,intelligence,Different Sense,0.03338944911956787,1,3.3125,5,5,0,405334016,EleutherAI/pythia-410m,step8,seed6,6,8
They had innate intelligence.,They had military intelligence.,intelligence,intelligence,Different Sense,0.04267531633377075,2,3.3125,5,5,0,405334016,EleutherAI/pythia-410m,step8,seed6,6,8
They had innate intelligence.,They had military intelligence.,intelligence,intelligence,Different Sense,0.04632711410522461,3,3.3125,5,5,0,405334016,EleutherAI/pythia-410m,step8,seed6,6,8
They had innate intelligence.,They had military intelligence.,intelligence,intelligence,Different Sense,0.05246257781982422,4,3.3125,5,5,0,405334016,EleutherAI/pythia-410m,step8,seed6,6,8
They had innate intelligence.,They had military intelligence.,intelligence,intelligence,Different Sense,0.05148792266845703,5,3.3125,5,5,0,405334016,EleutherAI/pythia-410m,step8,seed6,6,8
They had innate intelligence.,They had military intelligence.,intelligence,intelligence,Different Sense,0.052025794982910156,6,3.3125,5,5,0,405334016,EleutherAI/pythia-410m,step8,seed6,6,8
They had innate intelligence.,They had military intelligence.,intelligence,intelligence,Different Sense,0.048717200756073,7,3.3125,5,5,0,405334016,EleutherAI/pythia-410m,step8,seed6,6,8
They had innate intelligence.,They had military intelligence.,intelligence,intelligence,Different Sense,0.05165266990661621,8,3.3125,5,5,0,405334016,EleutherAI/pythia-410m,step8,seed6,6,8
They had innate intelligence.,They had military intelligence.,intelligence,intelligence,Different Sense,0.05260622501373291,9,3.3125,5,5,0,405334016,EleutherAI/pythia-410m,step8,seed6,6,8
They had innate intelligence.,They had military intelligence.,intelligence,intelligence,Different Sense,0.055668413639068604,10,3.3125,5,5,0,405334016,EleutherAI/pythia-410m,step8,seed6,6,8
They had innate intelligence.,They had military intelligence.,intelligence,intelligence,Different Sense,0.05590540170669556,11,3.3125,5,5,0,405334016,EleutherAI/pythia-410m,step8,seed6,6,8
They had innate intelligence.,They had military intelligence.,intelligence,intelligence,Different Sense,0.05624353885650635,12,3.3125,5,5,0,405334016,EleutherAI/pythia-410m,step8,seed6,6,8
They had innate intelligence.,They had military intelligence.,intelligence,intelligence,Different Sense,0.05522608757019043,13,3.3125,5,5,0,405334016,EleutherAI/pythia-410m,step8,seed6,6,8
They had innate intelligence.,They had military intelligence.,intelligence,intelligence,Different Sense,0.05376458168029785,14,3.3125,5,5,0,405334016,EleutherAI/pythia-410m,step8,seed6,6,8
They had innate intelligence.,They had military intelligence.,intelligence,intelligence,Different Sense,0.05504578351974487,15,3.3125,5,5,0,405334016,EleutherAI/pythia-410m,step8,seed6,6,8
They had innate intelligence.,They had military intelligence.,intelligence,intelligence,Different Sense,0.054544687271118164,16,3.3125,5,5,0,405334016,EleutherAI/pythia-410m,step8,seed6,6,8
They had innate intelligence.,They had military intelligence.,intelligence,intelligence,Different Sense,0.05461603403091431,17,3.3125,5,5,0,405334016,EleutherAI/pythia-410m,step8,seed6,6,8
They had innate intelligence.,They had military intelligence.,intelligence,intelligence,Different Sense,0.05365860462188721,18,3.3125,5,5,0,405334016,EleutherAI/pythia-410m,step8,seed6,6,8
They had innate intelligence.,They had military intelligence.,intelligence,intelligence,Different Sense,0.05283290147781372,19,3.3125,5,5,0,405334016,EleutherAI/pythia-410m,step8,seed6,6,8
They had innate intelligence.,They had military intelligence.,intelligence,intelligence,Different Sense,0.05272507667541504,20,3.3125,5,5,0,405334016,EleutherAI/pythia-410m,step8,seed6,6,8
They had innate intelligence.,They had military intelligence.,intelligence,intelligence,Different Sense,0.05144375562667847,21,3.3125,5,5,0,405334016,EleutherAI/pythia-410m,step8,seed6,6,8
They had innate intelligence.,They had military intelligence.,intelligence,intelligence,Different Sense,0.050340354442596436,22,3.3125,5,5,0,405334016,EleutherAI/pythia-410m,step8,seed6,6,8
They had innate intelligence.,They had military intelligence.,intelligence,intelligence,Different Sense,0.048844754695892334,23,3.3125,5,5,0,405334016,EleutherAI/pythia-410m,step8,seed6,6,8
They had innate intelligence.,They had military intelligence.,intelligence,intelligence,Different Sense,0.04726523160934448,24,3.3125,5,5,0,405334016,EleutherAI/pythia-410m,step8,seed6,6,8
They had natural intelligence.,They had innate intelligence.,intelligence,intelligence,Same Sense,0.0,0,3.545454545,5,5,0,405334016,EleutherAI/pythia-410m,step8,seed6,6,8
They had natural intelligence.,They had innate intelligence.,intelligence,intelligence,Same Sense,0.026828467845916748,1,3.545454545,5,5,0,405334016,EleutherAI/pythia-410m,step8,seed6,6,8
They had natural intelligence.,They had innate intelligence.,intelligence,intelligence,Same Sense,0.03625643253326416,2,3.545454545,5,5,0,405334016,EleutherAI/pythia-410m,step8,seed6,6,8
They had natural intelligence.,They had innate intelligence.,intelligence,intelligence,Same Sense,0.04089653491973877,3,3.545454545,5,5,0,405334016,EleutherAI/pythia-410m,step8,seed6,6,8
They had natural intelligence.,They had innate intelligence.,intelligence,intelligence,Same Sense,0.0462833046913147,4,3.545454545,5,5,0,405334016,EleutherAI/pythia-410m,step8,seed6,6,8
They had natural intelligence.,They had innate intelligence.,intelligence,intelligence,Same Sense,0.047807157039642334,5,3.545454545,5,5,0,405334016,EleutherAI/pythia-410m,step8,seed6,6,8
They had natural intelligence.,They had innate intelligence.,intelligence,intelligence,Same Sense,0.049491167068481445,6,3.545454545,5,5,0,405334016,EleutherAI/pythia-410m,step8,seed6,6,8
They had natural intelligence.,They had innate intelligence.,intelligence,intelligence,Same Sense,0.04797154664993286,7,3.545454545,5,5,0,405334016,EleutherAI/pythia-410m,step8,seed6,6,8
They had natural intelligence.,They had innate intelligence.,intelligence,intelligence,Same Sense,0.04913204908370972,8,3.545454545,5,5,0,405334016,EleutherAI/pythia-410m,step8,seed6,6,8
They had natural intelligence.,They had innate intelligence.,intelligence,intelligence,Same Sense,0.04838019609451294,9,3.545454545,5,5,0,405334016,EleutherAI/pythia-410m,step8,seed6,6,8
They had natural intelligence.,They had innate intelligence.,intelligence,intelligence,Same Sense,0.04955577850341797,10,3.545454545,5,5,0,405334016,EleutherAI/pythia-410m,step8,seed6,6,8
They had natural intelligence.,They had innate intelligence.,intelligence,intelligence,Same Sense,0.04911506175994873,11,3.545454545,5,5,0,405334016,EleutherAI/pythia-410m,step8,seed6,6,8
They had natural intelligence.,They had innate intelligence.,intelligence,intelligence,Same Sense,0.050790369510650635,12,3.545454545,5,5,0,405334016,EleutherAI/pythia-410m,step8,seed6,6,8
They had natural intelligence.,They had innate intelligence.,intelligence,intelligence,Same Sense,0.05007439851760864,13,3.545454545,5,5,0,405334016,EleutherAI/pythia-410m,step8,seed6,6,8
They had natural intelligence.,They had innate intelligence.,intelligence,intelligence,Same Sense,0.050166547298431396,14,3.545454545,5,5,0,405334016,EleutherAI/pythia-410m,step8,seed6,6,8
They had natural intelligence.,They had innate intelligence.,intelligence,intelligence,Same Sense,0.0492476224899292,15,3.545454545,5,5,0,405334016,EleutherAI/pythia-410m,step8,seed6,6,8
They had natural intelligence.,They had innate intelligence.,intelligence,intelligence,Same Sense,0.050049424171447754,16,3.545454545,5,5,0,405334016,EleutherAI/pythia-410m,step8,seed6,6,8
They had natural intelligence.,They had innate intelligence.,intelligence,intelligence,Same Sense,0.050930678844451904,17,3.545454545,5,5,0,405334016,EleutherAI/pythia-410m,step8,seed6,6,8
They had natural intelligence.,They had innate intelligence.,intelligence,intelligence,Same Sense,0.049263179302215576,18,3.545454545,5,5,0,405334016,EleutherAI/pythia-410m,step8,seed6,6,8
They had natural intelligence.,They had innate intelligence.,intelligence,intelligence,Same Sense,0.04722493886947632,19,3.545454545,5,5,0,405334016,EleutherAI/pythia-410m,step8,seed6,6,8
They had natural intelligence.,They had innate intelligence.,intelligence,intelligence,Same Sense,0.04658252000808716,20,3.545454545,5,5,0,405334016,EleutherAI/pythia-410m,step8,seed6,6,8
They had natural intelligence.,They had innate intelligence.,intelligence,intelligence,Same Sense,0.04644501209259033,21,3.545454545,5,5,0,405334016,EleutherAI/pythia-410m,step8,seed6,6,8
They had natural intelligence.,They had innate intelligence.,intelligence,intelligence,Same Sense,0.04570662975311279,22,3.545454545,5,5,0,405334016,EleutherAI/pythia-410m,step8,seed6,6,8
They had natural intelligence.,They had innate intelligence.,intelligence,intelligence,Same Sense,0.044703125953674316,23,3.545454545,5,5,0,405334016,EleutherAI/pythia-410m,step8,seed6,6,8
They had natural intelligence.,They had innate intelligence.,intelligence,intelligence,Same Sense,0.04369008541107178,24,3.545454545,5,5,0,405334016,EleutherAI/pythia-410m,step8,seed6,6,8
They had classified intelligence.,They had military intelligence.,intelligence,intelligence,Same Sense,0.0,0,3.588235294,5,5,0,405334016,EleutherAI/pythia-410m,step8,seed6,6,8
They had classified intelligence.,They had military intelligence.,intelligence,intelligence,Same Sense,0.03599846363067627,1,3.588235294,5,5,0,405334016,EleutherAI/pythia-410m,step8,seed6,6,8
They had classified intelligence.,They had military intelligence.,intelligence,intelligence,Same Sense,0.05058598518371582,2,3.588235294,5,5,0,405334016,EleutherAI/pythia-410m,step8,seed6,6,8
They had classified intelligence.,They had military intelligence.,intelligence,intelligence,Same Sense,0.05836498737335205,3,3.588235294,5,5,0,405334016,EleutherAI/pythia-410m,step8,seed6,6,8
They had classified intelligence.,They had military intelligence.,intelligence,intelligence,Same Sense,0.06160372495651245,4,3.588235294,5,5,0,405334016,EleutherAI/pythia-410m,step8,seed6,6,8
They had classified intelligence.,They had military intelligence.,intelligence,intelligence,Same Sense,0.06378018856048584,5,3.588235294,5,5,0,405334016,EleutherAI/pythia-410m,step8,seed6,6,8
They had classified intelligence.,They had military intelligence.,intelligence,intelligence,Same Sense,0.06584411859512329,6,3.588235294,5,5,0,405334016,EleutherAI/pythia-410m,step8,seed6,6,8
They had classified intelligence.,They had military intelligence.,intelligence,intelligence,Same Sense,0.06407690048217773,7,3.588235294,5,5,0,405334016,EleutherAI/pythia-410m,step8,seed6,6,8
They had classified intelligence.,They had military intelligence.,intelligence,intelligence,Same Sense,0.06696689128875732,8,3.588235294,5,5,0,405334016,EleutherAI/pythia-410m,step8,seed6,6,8
They had classified intelligence.,They had military intelligence.,intelligence,intelligence,Same Sense,0.06775110960006714,9,3.588235294,5,5,0,405334016,EleutherAI/pythia-410m,step8,seed6,6,8
They had classified intelligence.,They had military intelligence.,intelligence,intelligence,Same Sense,0.06873857975006104,10,3.588235294,5,5,0,405334016,EleutherAI/pythia-410m,step8,seed6,6,8
They had classified intelligence.,They had military intelligence.,intelligence,intelligence,Same Sense,0.06722766160964966,11,3.588235294,5,5,0,405334016,EleutherAI/pythia-410m,step8,seed6,6,8
They had classified intelligence.,They had military intelligence.,intelligence,intelligence,Same Sense,0.06723880767822266,12,3.588235294,5,5,0,405334016,EleutherAI/pythia-410m,step8,seed6,6,8
They had classified intelligence.,They had military intelligence.,intelligence,intelligence,Same Sense,0.06425237655639648,13,3.588235294,5,5,0,405334016,EleutherAI/pythia-410m,step8,seed6,6,8
They had classified intelligence.,They had military intelligence.,intelligence,intelligence,Same Sense,0.06369972229003906,14,3.588235294,5,5,0,405334016,EleutherAI/pythia-410m,step8,seed6,6,8
They had classified intelligence.,They had military intelligence.,intelligence,intelligence,Same Sense,0.06382334232330322,15,3.588235294,5,5,0,405334016,EleutherAI/pythia-410m,step8,seed6,6,8
They had classified intelligence.,They had military intelligence.,intelligence,intelligence,Same Sense,0.061733245849609375,16,3.588235294,5,5,0,405334016,EleutherAI/pythia-410m,step8,seed6,6,8
They had classified intelligence.,They had military intelligence.,intelligence,intelligence,Same Sense,0.06195998191833496,17,3.588235294,5,5,0,405334016,EleutherAI/pythia-410m,step8,seed6,6,8
They had classified intelligence.,They had military intelligence.,intelligence,intelligence,Same Sense,0.05916595458984375,18,3.588235294,5,5,0,405334016,EleutherAI/pythia-410m,step8,seed6,6,8
They had classified intelligence.,They had military intelligence.,intelligence,intelligence,Same Sense,0.059091150760650635,19,3.588235294,5,5,0,405334016,EleutherAI/pythia-410m,step8,seed6,6,8
They had classified intelligence.,They had military intelligence.,intelligence,intelligence,Same Sense,0.05832517147064209,20,3.588235294,5,5,0,405334016,EleutherAI/pythia-410m,step8,seed6,6,8
They had classified intelligence.,They had military intelligence.,intelligence,intelligence,Same Sense,0.05719161033630371,21,3.588235294,5,5,0,405334016,EleutherAI/pythia-410m,step8,seed6,6,8
They had classified intelligence.,They had military intelligence.,intelligence,intelligence,Same Sense,0.05529516935348511,22,3.588235294,5,5,0,405334016,EleutherAI/pythia-410m,step8,seed6,6,8
They had classified intelligence.,They had military intelligence.,intelligence,intelligence,Same Sense,0.054415762424468994,23,3.588235294,5,5,0,405334016,EleutherAI/pythia-410m,step8,seed6,6,8
They had classified intelligence.,They had military intelligence.,intelligence,intelligence,Same Sense,0.0519832968711853,24,3.588235294,5,5,0,405334016,EleutherAI/pythia-410m,step8,seed6,6,8
It was a sensitive issue.,It was a weekly issue.,issue,issue,Different Sense,0.0,0,0.8,6,6,0,405334016,EleutherAI/pythia-410m,step8,seed6,6,8
It was a sensitive issue.,It was a weekly issue.,issue,issue,Different Sense,0.024849295616149902,1,0.8,6,6,0,405334016,EleutherAI/pythia-410m,step8,seed6,6,8
It was a sensitive issue.,It was a weekly issue.,issue,issue,Different Sense,0.03143107891082764,2,0.8,6,6,0,405334016,EleutherAI/pythia-410m,step8,seed6,6,8
It was a sensitive issue.,It was a weekly issue.,issue,issue,Different Sense,0.03538745641708374,3,0.8,6,6,0,405334016,EleutherAI/pythia-410m,step8,seed6,6,8
It was a sensitive issue.,It was a weekly issue.,issue,issue,Different Sense,0.0348130464553833,4,0.8,6,6,0,405334016,EleutherAI/pythia-410m,step8,seed6,6,8
It was a sensitive issue.,It was a weekly issue.,issue,issue,Different Sense,0.03680640459060669,5,0.8,6,6,0,405334016,EleutherAI/pythia-410m,step8,seed6,6,8
It was a sensitive issue.,It was a weekly issue.,issue,issue,Different Sense,0.03689152002334595,6,0.8,6,6,0,405334016,EleutherAI/pythia-410m,step8,seed6,6,8
It was a sensitive issue.,It was a weekly issue.,issue,issue,Different Sense,0.03706413507461548,7,0.8,6,6,0,405334016,EleutherAI/pythia-410m,step8,seed6,6,8
It was a sensitive issue.,It was a weekly issue.,issue,issue,Different Sense,0.03473585844039917,8,0.8,6,6,0,405334016,EleutherAI/pythia-410m,step8,seed6,6,8
It was a sensitive issue.,It was a weekly issue.,issue,issue,Different Sense,0.035317182540893555,9,0.8,6,6,0,405334016,EleutherAI/pythia-410m,step8,seed6,6,8
It was a sensitive issue.,It was a weekly issue.,issue,issue,Different Sense,0.03618800640106201,10,0.8,6,6,0,405334016,EleutherAI/pythia-410m,step8,seed6,6,8
It was a sensitive issue.,It was a weekly issue.,issue,issue,Different Sense,0.03569275140762329,11,0.8,6,6,0,405334016,EleutherAI/pythia-410m,step8,seed6,6,8
It was a sensitive issue.,It was a weekly issue.,issue,issue,Different Sense,0.03594726324081421,12,0.8,6,6,0,405334016,EleutherAI/pythia-410m,step8,seed6,6,8
It was a sensitive issue.,It was a weekly issue.,issue,issue,Different Sense,0.036221981048583984,13,0.8,6,6,0,405334016,EleutherAI/pythia-410m,step8,seed6,6,8
It was a sensitive issue.,It was a weekly issue.,issue,issue,Different Sense,0.035800278186798096,14,0.8,6,6,0,405334016,EleutherAI/pythia-410m,step8,seed6,6,8
It was a sensitive issue.,It was a weekly issue.,issue,issue,Different Sense,0.03485363721847534,15,0.8,6,6,0,405334016,EleutherAI/pythia-410m,step8,seed6,6,8
It was a sensitive issue.,It was a weekly issue.,issue,issue,Different Sense,0.034516096115112305,16,0.8,6,6,0,405334016,EleutherAI/pythia-410m,step8,seed6,6,8
It was a sensitive issue.,It was a weekly issue.,issue,issue,Different Sense,0.03309541940689087,17,0.8,6,6,0,405334016,EleutherAI/pythia-410m,step8,seed6,6,8
It was a sensitive issue.,It was a weekly issue.,issue,issue,Different Sense,0.03141152858734131,18,0.8,6,6,0,405334016,EleutherAI/pythia-410m,step8,seed6,6,8
It was a sensitive issue.,It was a weekly issue.,issue,issue,Different Sense,0.03033733367919922,19,0.8,6,6,0,405334016,EleutherAI/pythia-410m,step8,seed6,6,8
It was a sensitive issue.,It was a weekly issue.,issue,issue,Different Sense,0.030360877513885498,20,0.8,6,6,0,405334016,EleutherAI/pythia-410m,step8,seed6,6,8
It was a sensitive issue.,It was a weekly issue.,issue,issue,Different Sense,0.030487418174743652,21,0.8,6,6,0,405334016,EleutherAI/pythia-410m,step8,seed6,6,8
It was a sensitive issue.,It was a weekly issue.,issue,issue,Different Sense,0.029916048049926758,22,0.8,6,6,0,405334016,EleutherAI/pythia-410m,step8,seed6,6,8
It was a sensitive issue.,It was a weekly issue.,issue,issue,Different Sense,0.029577136039733887,23,0.8,6,6,0,405334016,EleutherAI/pythia-410m,step8,seed6,6,8
It was a sensitive issue.,It was a weekly issue.,issue,issue,Different Sense,0.029218971729278564,24,0.8,6,6,0,405334016,EleutherAI/pythia-410m,step8,seed6,6,8
It was a sensitive issue.,It was a special issue.,issue,issue,Different Sense,0.0,0,3.444444444,6,6,0,405334016,EleutherAI/pythia-410m,step8,seed6,6,8
It was a sensitive issue.,It was a special issue.,issue,issue,Different Sense,0.022971749305725098,1,3.444444444,6,6,0,405334016,EleutherAI/pythia-410m,step8,seed6,6,8
It was a sensitive issue.,It was a special issue.,issue,issue,Different Sense,0.02890336513519287,2,3.444444444,6,6,0,405334016,EleutherAI/pythia-410m,step8,seed6,6,8
It was a sensitive issue.,It was a special issue.,issue,issue,Different Sense,0.031941354274749756,3,3.444444444,6,6,0,405334016,EleutherAI/pythia-410m,step8,seed6,6,8
It was a sensitive issue.,It was a special issue.,issue,issue,Different Sense,0.032193541526794434,4,3.444444444,6,6,0,405334016,EleutherAI/pythia-410m,step8,seed6,6,8
It was a sensitive issue.,It was a special issue.,issue,issue,Different Sense,0.03580772876739502,5,3.444444444,6,6,0,405334016,EleutherAI/pythia-410m,step8,seed6,6,8
It was a sensitive issue.,It was a special issue.,issue,issue,Different Sense,0.03584855794906616,6,3.444444444,6,6,0,405334016,EleutherAI/pythia-410m,step8,seed6,6,8
It was a sensitive issue.,It was a special issue.,issue,issue,Different Sense,0.03654444217681885,7,3.444444444,6,6,0,405334016,EleutherAI/pythia-410m,step8,seed6,6,8
It was a sensitive issue.,It was a special issue.,issue,issue,Different Sense,0.03444772958755493,8,3.444444444,6,6,0,405334016,EleutherAI/pythia-410m,step8,seed6,6,8
It was a sensitive issue.,It was a special issue.,issue,issue,Different Sense,0.03424966335296631,9,3.444444444,6,6,0,405334016,EleutherAI/pythia-410m,step8,seed6,6,8
It was a sensitive issue.,It was a special issue.,issue,issue,Different Sense,0.03396785259246826,10,3.444444444,6,6,0,405334016,EleutherAI/pythia-410m,step8,seed6,6,8
It was a sensitive issue.,It was a special issue.,issue,issue,Different Sense,0.03416258096694946,11,3.444444444,6,6,0,405334016,EleutherAI/pythia-410m,step8,seed6,6,8
It was a sensitive issue.,It was a special issue.,issue,issue,Different Sense,0.0341339111328125,12,3.444444444,6,6,0,405334016,EleutherAI/pythia-410m,step8,seed6,6,8
It was a sensitive issue.,It was a special issue.,issue,issue,Different Sense,0.03489243984222412,13,3.444444444,6,6,0,405334016,EleutherAI/pythia-410m,step8,seed6,6,8
It was a sensitive issue.,It was a special issue.,issue,issue,Different Sense,0.03461873531341553,14,3.444444444,6,6,0,405334016,EleutherAI/pythia-410m,step8,seed6,6,8
It was a sensitive issue.,It was a special issue.,issue,issue,Different Sense,0.0339127779006958,15,3.444444444,6,6,0,405334016,EleutherAI/pythia-410m,step8,seed6,6,8
It was a sensitive issue.,It was a special issue.,issue,issue,Different Sense,0.03367912769317627,16,3.444444444,6,6,0,405334016,EleutherAI/pythia-410m,step8,seed6,6,8
It was a sensitive issue.,It was a special issue.,issue,issue,Different Sense,0.03268200159072876,17,3.444444444,6,6,0,405334016,EleutherAI/pythia-410m,step8,seed6,6,8
It was a sensitive issue.,It was a special issue.,issue,issue,Different Sense,0.03110140562057495,18,3.444444444,6,6,0,405334016,EleutherAI/pythia-410m,step8,seed6,6,8
It was a sensitive issue.,It was a special issue.,issue,issue,Different Sense,0.029998481273651123,19,3.444444444,6,6,0,405334016,EleutherAI/pythia-410m,step8,seed6,6,8
It was a sensitive issue.,It was a special issue.,issue,issue,Different Sense,0.029521524906158447,20,3.444444444,6,6,0,405334016,EleutherAI/pythia-410m,step8,seed6,6,8
It was a sensitive issue.,It was a special issue.,issue,issue,Different Sense,0.029942572116851807,21,3.444444444,6,6,0,405334016,EleutherAI/pythia-410m,step8,seed6,6,8
It was a sensitive issue.,It was a special issue.,issue,issue,Different Sense,0.029342353343963623,22,3.444444444,6,6,0,405334016,EleutherAI/pythia-410m,step8,seed6,6,8
It was a sensitive issue.,It was a special issue.,issue,issue,Different Sense,0.029597997665405273,23,3.444444444,6,6,0,405334016,EleutherAI/pythia-410m,step8,seed6,6,8
It was a sensitive issue.,It was a special issue.,issue,issue,Different Sense,0.02967292070388794,24,3.444444444,6,6,0,405334016,EleutherAI/pythia-410m,step8,seed6,6,8
It was a political issue.,It was a weekly issue.,issue,issue,Different Sense,0.0,0,1.75,6,6,0,405334016,EleutherAI/pythia-410m,step8,seed6,6,8
It was a political issue.,It was a weekly issue.,issue,issue,Different Sense,0.024348676204681396,1,1.75,6,6,0,405334016,EleutherAI/pythia-410m,step8,seed6,6,8
It was a political issue.,It was a weekly issue.,issue,issue,Different Sense,0.03450322151184082,2,1.75,6,6,0,405334016,EleutherAI/pythia-410m,step8,seed6,6,8
It was a political issue.,It was a weekly issue.,issue,issue,Different Sense,0.035122692584991455,3,1.75,6,6,0,405334016,EleutherAI/pythia-410m,step8,seed6,6,8
It was a political issue.,It was a weekly issue.,issue,issue,Different Sense,0.03390228748321533,4,1.75,6,6,0,405334016,EleutherAI/pythia-410m,step8,seed6,6,8
It was a political issue.,It was a weekly issue.,issue,issue,Different Sense,0.03622567653656006,5,1.75,6,6,0,405334016,EleutherAI/pythia-410m,step8,seed6,6,8
It was a political issue.,It was a weekly issue.,issue,issue,Different Sense,0.03628063201904297,6,1.75,6,6,0,405334016,EleutherAI/pythia-410m,step8,seed6,6,8
It was a political issue.,It was a weekly issue.,issue,issue,Different Sense,0.03568625450134277,7,1.75,6,6,0,405334016,EleutherAI/pythia-410m,step8,seed6,6,8
It was a political issue.,It was a weekly issue.,issue,issue,Different Sense,0.03411060571670532,8,1.75,6,6,0,405334016,EleutherAI/pythia-410m,step8,seed6,6,8
It was a political issue.,It was a weekly issue.,issue,issue,Different Sense,0.03438776731491089,9,1.75,6,6,0,405334016,EleutherAI/pythia-410m,step8,seed6,6,8
It was a political issue.,It was a weekly issue.,issue,issue,Different Sense,0.03455859422683716,10,1.75,6,6,0,405334016,EleutherAI/pythia-410m,step8,seed6,6,8
It was a political issue.,It was a weekly issue.,issue,issue,Different Sense,0.03475004434585571,11,1.75,6,6,0,405334016,EleutherAI/pythia-410m,step8,seed6,6,8
It was a political issue.,It was a weekly issue.,issue,issue,Different Sense,0.035161733627319336,12,1.75,6,6,0,405334016,EleutherAI/pythia-410m,step8,seed6,6,8
It was a political issue.,It was a weekly issue.,issue,issue,Different Sense,0.03569900989532471,13,1.75,6,6,0,405334016,EleutherAI/pythia-410m,step8,seed6,6,8
It was a political issue.,It was a weekly issue.,issue,issue,Different Sense,0.03655731678009033,14,1.75,6,6,0,405334016,EleutherAI/pythia-410m,step8,seed6,6,8
It was a political issue.,It was a weekly issue.,issue,issue,Different Sense,0.03594624996185303,15,1.75,6,6,0,405334016,EleutherAI/pythia-410m,step8,seed6,6,8
It was a political issue.,It was a weekly issue.,issue,issue,Different Sense,0.03504902124404907,16,1.75,6,6,0,405334016,EleutherAI/pythia-410m,step8,seed6,6,8
It was a political issue.,It was a weekly issue.,issue,issue,Different Sense,0.034251511096954346,17,1.75,6,6,0,405334016,EleutherAI/pythia-410m,step8,seed6,6,8
It was a political issue.,It was a weekly issue.,issue,issue,Different Sense,0.03256279230117798,18,1.75,6,6,0,405334016,EleutherAI/pythia-410m,step8,seed6,6,8
It was a political issue.,It was a weekly issue.,issue,issue,Different Sense,0.031448960304260254,19,1.75,6,6,0,405334016,EleutherAI/pythia-410m,step8,seed6,6,8
It was a political issue.,It was a weekly issue.,issue,issue,Different Sense,0.031051218509674072,20,1.75,6,6,0,405334016,EleutherAI/pythia-410m,step8,seed6,6,8
It was a political issue.,It was a weekly issue.,issue,issue,Different Sense,0.030718684196472168,21,1.75,6,6,0,405334016,EleutherAI/pythia-410m,step8,seed6,6,8
It was a political issue.,It was a weekly issue.,issue,issue,Different Sense,0.030663371086120605,22,1.75,6,6,0,405334016,EleutherAI/pythia-410m,step8,seed6,6,8
It was a political issue.,It was a weekly issue.,issue,issue,Different Sense,0.029864847660064697,23,1.75,6,6,0,405334016,EleutherAI/pythia-410m,step8,seed6,6,8
It was a political issue.,It was a weekly issue.,issue,issue,Different Sense,0.029212474822998047,24,1.75,6,6,0,405334016,EleutherAI/pythia-410m,step8,seed6,6,8
It was a political issue.,It was a special issue.,issue,issue,Different Sense,0.0,0,2.235294118,6,6,0,405334016,EleutherAI/pythia-410m,step8,seed6,6,8
It was a political issue.,It was a special issue.,issue,issue,Different Sense,0.02388894557952881,1,2.235294118,6,6,0,405334016,EleutherAI/pythia-410m,step8,seed6,6,8
It was a political issue.,It was a special issue.,issue,issue,Different Sense,0.03325015306472778,2,2.235294118,6,6,0,405334016,EleutherAI/pythia-410m,step8,seed6,6,8
It was a political issue.,It was a special issue.,issue,issue,Different Sense,0.03368192911148071,3,2.235294118,6,6,0,405334016,EleutherAI/pythia-410m,step8,seed6,6,8
It was a political issue.,It was a special issue.,issue,issue,Different Sense,0.034063100814819336,4,2.235294118,6,6,0,405334016,EleutherAI/pythia-410m,step8,seed6,6,8
It was a political issue.,It was a special issue.,issue,issue,Different Sense,0.03741598129272461,5,2.235294118,6,6,0,405334016,EleutherAI/pythia-410m,step8,seed6,6,8
It was a political issue.,It was a special issue.,issue,issue,Different Sense,0.03742659091949463,6,2.235294118,6,6,0,405334016,EleutherAI/pythia-410m,step8,seed6,6,8
It was a political issue.,It was a special issue.,issue,issue,Different Sense,0.03840452432632446,7,2.235294118,6,6,0,405334016,EleutherAI/pythia-410m,step8,seed6,6,8
It was a political issue.,It was a special issue.,issue,issue,Different Sense,0.0366894006729126,8,2.235294118,6,6,0,405334016,EleutherAI/pythia-410m,step8,seed6,6,8
It was a political issue.,It was a special issue.,issue,issue,Different Sense,0.03604799509048462,9,2.235294118,6,6,0,405334016,EleutherAI/pythia-410m,step8,seed6,6,8
It was a political issue.,It was a special issue.,issue,issue,Different Sense,0.03502786159515381,10,2.235294118,6,6,0,405334016,EleutherAI/pythia-410m,step8,seed6,6,8
It was a political issue.,It was a special issue.,issue,issue,Different Sense,0.03511834144592285,11,2.235294118,6,6,0,405334016,EleutherAI/pythia-410m,step8,seed6,6,8
It was a political issue.,It was a special issue.,issue,issue,Different Sense,0.035518109798431396,12,2.235294118,6,6,0,405334016,EleutherAI/pythia-410m,step8,seed6,6,8
It was a political issue.,It was a special issue.,issue,issue,Different Sense,0.036249399185180664,13,2.235294118,6,6,0,405334016,EleutherAI/pythia-410m,step8,seed6,6,8
It was a political issue.,It was a special issue.,issue,issue,Different Sense,0.036633968353271484,14,2.235294118,6,6,0,405334016,EleutherAI/pythia-410m,step8,seed6,6,8
It was a political issue.,It was a special issue.,issue,issue,Different Sense,0.03540372848510742,15,2.235294118,6,6,0,405334016,EleutherAI/pythia-410m,step8,seed6,6,8
It was a political issue.,It was a special issue.,issue,issue,Different Sense,0.03494727611541748,16,2.235294118,6,6,0,405334016,EleutherAI/pythia-410m,step8,seed6,6,8
It was a political issue.,It was a special issue.,issue,issue,Different Sense,0.03389382362365723,17,2.235294118,6,6,0,405334016,EleutherAI/pythia-410m,step8,seed6,6,8
It was a political issue.,It was a special issue.,issue,issue,Different Sense,0.03318673372268677,18,2.235294118,6,6,0,405334016,EleutherAI/pythia-410m,step8,seed6,6,8
It was a political issue.,It was a special issue.,issue,issue,Different Sense,0.03242671489715576,19,2.235294118,6,6,0,405334016,EleutherAI/pythia-410m,step8,seed6,6,8
It was a political issue.,It was a special issue.,issue,issue,Different Sense,0.03141075372695923,20,2.235294118,6,6,0,405334016,EleutherAI/pythia-410m,step8,seed6,6,8
It was a political issue.,It was a special issue.,issue,issue,Different Sense,0.031450867652893066,21,2.235294118,6,6,0,405334016,EleutherAI/pythia-410m,step8,seed6,6,8
It was a political issue.,It was a special issue.,issue,issue,Different Sense,0.030955910682678223,22,2.235294118,6,6,0,405334016,EleutherAI/pythia-410m,step8,seed6,6,8
It was a political issue.,It was a special issue.,issue,issue,Different Sense,0.030551791191101074,23,2.235294118,6,6,0,405334016,EleutherAI/pythia-410m,step8,seed6,6,8
It was a political issue.,It was a special issue.,issue,issue,Different Sense,0.029911816120147705,24,2.235294118,6,6,0,405334016,EleutherAI/pythia-410m,step8,seed6,6,8
It was a sensitive issue.,It was a political issue.,issue,issue,Same Sense,0.0,0,3.8,6,6,0,405334016,EleutherAI/pythia-410m,step8,seed6,6,8
It was a sensitive issue.,It was a political issue.,issue,issue,Same Sense,0.024471759796142578,1,3.8,6,6,0,405334016,EleutherAI/pythia-410m,step8,seed6,6,8
It was a sensitive issue.,It was a political issue.,issue,issue,Same Sense,0.03393596410751343,2,3.8,6,6,0,405334016,EleutherAI/pythia-410m,step8,seed6,6,8
It was a sensitive issue.,It was a political issue.,issue,issue,Same Sense,0.0353846549987793,3,3.8,6,6,0,405334016,EleutherAI/pythia-410m,step8,seed6,6,8
It was a sensitive issue.,It was a political issue.,issue,issue,Same Sense,0.03771018981933594,4,3.8,6,6,0,405334016,EleutherAI/pythia-410m,step8,seed6,6,8
It was a sensitive issue.,It was a political issue.,issue,issue,Same Sense,0.040120601654052734,5,3.8,6,6,0,405334016,EleutherAI/pythia-410m,step8,seed6,6,8
It was a sensitive issue.,It was a political issue.,issue,issue,Same Sense,0.0394672155380249,6,3.8,6,6,0,405334016,EleutherAI/pythia-410m,step8,seed6,6,8
It was a sensitive issue.,It was a political issue.,issue,issue,Same Sense,0.03987091779708862,7,3.8,6,6,0,405334016,EleutherAI/pythia-410m,step8,seed6,6,8
It was a sensitive issue.,It was a political issue.,issue,issue,Same Sense,0.037222087383270264,8,3.8,6,6,0,405334016,EleutherAI/pythia-410m,step8,seed6,6,8
It was a sensitive issue.,It was a political issue.,issue,issue,Same Sense,0.036931514739990234,9,3.8,6,6,0,405334016,EleutherAI/pythia-410m,step8,seed6,6,8
It was a sensitive issue.,It was a political issue.,issue,issue,Same Sense,0.036408424377441406,10,3.8,6,6,0,405334016,EleutherAI/pythia-410m,step8,seed6,6,8
It was a sensitive issue.,It was a political issue.,issue,issue,Same Sense,0.03680419921875,11,3.8,6,6,0,405334016,EleutherAI/pythia-410m,step8,seed6,6,8
It was a sensitive issue.,It was a political issue.,issue,issue,Same Sense,0.037946105003356934,12,3.8,6,6,0,405334016,EleutherAI/pythia-410m,step8,seed6,6,8
It was a sensitive issue.,It was a political issue.,issue,issue,Same Sense,0.038431763648986816,13,3.8,6,6,0,405334016,EleutherAI/pythia-410m,step8,seed6,6,8
It was a sensitive issue.,It was a political issue.,issue,issue,Same Sense,0.03864920139312744,14,3.8,6,6,0,405334016,EleutherAI/pythia-410m,step8,seed6,6,8
It was a sensitive issue.,It was a political issue.,issue,issue,Same Sense,0.0380324125289917,15,3.8,6,6,0,405334016,EleutherAI/pythia-410m,step8,seed6,6,8
It was a sensitive issue.,It was a political issue.,issue,issue,Same Sense,0.036972999572753906,16,3.8,6,6,0,405334016,EleutherAI/pythia-410m,step8,seed6,6,8
It was a sensitive issue.,It was a political issue.,issue,issue,Same Sense,0.03645920753479004,17,3.8,6,6,0,405334016,EleutherAI/pythia-410m,step8,seed6,6,8
It was a sensitive issue.,It was a political issue.,issue,issue,Same Sense,0.034888267517089844,18,3.8,6,6,0,405334016,EleutherAI/pythia-410m,step8,seed6,6,8
It was a sensitive issue.,It was a political issue.,issue,issue,Same Sense,0.034485042095184326,19,3.8,6,6,0,405334016,EleutherAI/pythia-410m,step8,seed6,6,8
It was a sensitive issue.,It was a political issue.,issue,issue,Same Sense,0.03444492816925049,20,3.8,6,6,0,405334016,EleutherAI/pythia-410m,step8,seed6,6,8
It was a sensitive issue.,It was a political issue.,issue,issue,Same Sense,0.03477233648300171,21,3.8,6,6,0,405334016,EleutherAI/pythia-410m,step8,seed6,6,8
It was a sensitive issue.,It was a political issue.,issue,issue,Same Sense,0.03482663631439209,22,3.8,6,6,0,405334016,EleutherAI/pythia-410m,step8,seed6,6,8
It was a sensitive issue.,It was a political issue.,issue,issue,Same Sense,0.03428751230239868,23,3.8,6,6,0,405334016,EleutherAI/pythia-410m,step8,seed6,6,8
It was a sensitive issue.,It was a political issue.,issue,issue,Same Sense,0.03366881608963013,24,3.8,6,6,0,405334016,EleutherAI/pythia-410m,step8,seed6,6,8
It was a weekly issue.,It was a special issue.,issue,issue,Same Sense,0.0,0,2.642857143,6,6,0,405334016,EleutherAI/pythia-410m,step8,seed6,6,8
It was a weekly issue.,It was a special issue.,issue,issue,Same Sense,0.02414780855178833,1,2.642857143,6,6,0,405334016,EleutherAI/pythia-410m,step8,seed6,6,8
It was a weekly issue.,It was a special issue.,issue,issue,Same Sense,0.03039395809173584,2,2.642857143,6,6,0,405334016,EleutherAI/pythia-410m,step8,seed6,6,8
It was a weekly issue.,It was a special issue.,issue,issue,Same Sense,0.03304249048233032,3,2.642857143,6,6,0,405334016,EleutherAI/pythia-410m,step8,seed6,6,8
It was a weekly issue.,It was a special issue.,issue,issue,Same Sense,0.031880199909210205,4,2.642857143,6,6,0,405334016,EleutherAI/pythia-410m,step8,seed6,6,8
It was a weekly issue.,It was a special issue.,issue,issue,Same Sense,0.033780574798583984,5,2.642857143,6,6,0,405334016,EleutherAI/pythia-410m,step8,seed6,6,8
It was a weekly issue.,It was a special issue.,issue,issue,Same Sense,0.03319883346557617,6,2.642857143,6,6,0,405334016,EleutherAI/pythia-410m,step8,seed6,6,8
It was a weekly issue.,It was a special issue.,issue,issue,Same Sense,0.03186076879501343,7,2.642857143,6,6,0,405334016,EleutherAI/pythia-410m,step8,seed6,6,8
It was a weekly issue.,It was a special issue.,issue,issue,Same Sense,0.030713796615600586,8,2.642857143,6,6,0,405334016,EleutherAI/pythia-410m,step8,seed6,6,8
It was a weekly issue.,It was a special issue.,issue,issue,Same Sense,0.031339943408966064,9,2.642857143,6,6,0,405334016,EleutherAI/pythia-410m,step8,seed6,6,8
It was a weekly issue.,It was a special issue.,issue,issue,Same Sense,0.031730592250823975,10,2.642857143,6,6,0,405334016,EleutherAI/pythia-410m,step8,seed6,6,8
It was a weekly issue.,It was a special issue.,issue,issue,Same Sense,0.03134959936141968,11,2.642857143,6,6,0,405334016,EleutherAI/pythia-410m,step8,seed6,6,8
It was a weekly issue.,It was a special issue.,issue,issue,Same Sense,0.03049689531326294,12,2.642857143,6,6,0,405334016,EleutherAI/pythia-410m,step8,seed6,6,8
It was a weekly issue.,It was a special issue.,issue,issue,Same Sense,0.0312919020652771,13,2.642857143,6,6,0,405334016,EleutherAI/pythia-410m,step8,seed6,6,8
It was a weekly issue.,It was a special issue.,issue,issue,Same Sense,0.031032264232635498,14,2.642857143,6,6,0,405334016,EleutherAI/pythia-410m,step8,seed6,6,8
It was a weekly issue.,It was a special issue.,issue,issue,Same Sense,0.030042409896850586,15,2.642857143,6,6,0,405334016,EleutherAI/pythia-410m,step8,seed6,6,8
It was a weekly issue.,It was a special issue.,issue,issue,Same Sense,0.029384255409240723,16,2.642857143,6,6,0,405334016,EleutherAI/pythia-410m,step8,seed6,6,8
It was a weekly issue.,It was a special issue.,issue,issue,Same Sense,0.02877587080001831,17,2.642857143,6,6,0,405334016,EleutherAI/pythia-410m,step8,seed6,6,8
It was a weekly issue.,It was a special issue.,issue,issue,Same Sense,0.028007447719573975,18,2.642857143,6,6,0,405334016,EleutherAI/pythia-410m,step8,seed6,6,8
It was a weekly issue.,It was a special issue.,issue,issue,Same Sense,0.02657371759414673,19,2.642857143,6,6,0,405334016,EleutherAI/pythia-410m,step8,seed6,6,8
It was a weekly issue.,It was a special issue.,issue,issue,Same Sense,0.026251256465911865,20,2.642857143,6,6,0,405334016,EleutherAI/pythia-410m,step8,seed6,6,8
It was a weekly issue.,It was a special issue.,issue,issue,Same Sense,0.02652454376220703,21,2.642857143,6,6,0,405334016,EleutherAI/pythia-410m,step8,seed6,6,8
It was a weekly issue.,It was a special issue.,issue,issue,Same Sense,0.025889039039611816,22,2.642857143,6,6,0,405334016,EleutherAI/pythia-410m,step8,seed6,6,8
It was a weekly issue.,It was a special issue.,issue,issue,Same Sense,0.02562040090560913,23,2.642857143,6,6,0,405334016,EleutherAI/pythia-410m,step8,seed6,6,8
It was a weekly issue.,It was a special issue.,issue,issue,Same Sense,0.025420784950256348,24,2.642857143,6,6,0,405334016,EleutherAI/pythia-410m,step8,seed6,6,8
It was a blackberry jam.,It was a traffic jam.,jam,jam,Different Sense,0.0,0,0.071428571,7,6,1,405334016,EleutherAI/pythia-410m,step8,seed6,6,8
It was a blackberry jam.,It was a traffic jam.,jam,jam,Different Sense,0.027409076690673828,1,0.071428571,7,6,1,405334016,EleutherAI/pythia-410m,step8,seed6,6,8
It was a blackberry jam.,It was a traffic jam.,jam,jam,Different Sense,0.03917217254638672,2,0.071428571,7,6,1,405334016,EleutherAI/pythia-410m,step8,seed6,6,8
It was a blackberry jam.,It was a traffic jam.,jam,jam,Different Sense,0.045967042446136475,3,0.071428571,7,6,1,405334016,EleutherAI/pythia-410m,step8,seed6,6,8
It was a blackberry jam.,It was a traffic jam.,jam,jam,Different Sense,0.05047732591629028,4,0.071428571,7,6,1,405334016,EleutherAI/pythia-410m,step8,seed6,6,8
It was a blackberry jam.,It was a traffic jam.,jam,jam,Different Sense,0.05052673816680908,5,0.071428571,7,6,1,405334016,EleutherAI/pythia-410m,step8,seed6,6,8
It was a blackberry jam.,It was a traffic jam.,jam,jam,Different Sense,0.05117982625961304,6,0.071428571,7,6,1,405334016,EleutherAI/pythia-410m,step8,seed6,6,8
It was a blackberry jam.,It was a traffic jam.,jam,jam,Different Sense,0.05317491292953491,7,0.071428571,7,6,1,405334016,EleutherAI/pythia-410m,step8,seed6,6,8
It was a blackberry jam.,It was a traffic jam.,jam,jam,Different Sense,0.052251219749450684,8,0.071428571,7,6,1,405334016,EleutherAI/pythia-410m,step8,seed6,6,8
It was a blackberry jam.,It was a traffic jam.,jam,jam,Different Sense,0.05375903844833374,9,0.071428571,7,6,1,405334016,EleutherAI/pythia-410m,step8,seed6,6,8
It was a blackberry jam.,It was a traffic jam.,jam,jam,Different Sense,0.0531916618347168,10,0.071428571,7,6,1,405334016,EleutherAI/pythia-410m,step8,seed6,6,8
It was a blackberry jam.,It was a traffic jam.,jam,jam,Different Sense,0.05244678258895874,11,0.071428571,7,6,1,405334016,EleutherAI/pythia-410m,step8,seed6,6,8
It was a blackberry jam.,It was a traffic jam.,jam,jam,Different Sense,0.05245769023895264,12,0.071428571,7,6,1,405334016,EleutherAI/pythia-410m,step8,seed6,6,8
It was a blackberry jam.,It was a traffic jam.,jam,jam,Different Sense,0.0511704683303833,13,0.071428571,7,6,1,405334016,EleutherAI/pythia-410m,step8,seed6,6,8
It was a blackberry jam.,It was a traffic jam.,jam,jam,Different Sense,0.04930192232131958,14,0.071428571,7,6,1,405334016,EleutherAI/pythia-410m,step8,seed6,6,8
It was a blackberry jam.,It was a traffic jam.,jam,jam,Different Sense,0.04790526628494263,15,0.071428571,7,6,1,405334016,EleutherAI/pythia-410m,step8,seed6,6,8
It was a blackberry jam.,It was a traffic jam.,jam,jam,Different Sense,0.04651165008544922,16,0.071428571,7,6,1,405334016,EleutherAI/pythia-410m,step8,seed6,6,8
It was a blackberry jam.,It was a traffic jam.,jam,jam,Different Sense,0.045271217823028564,17,0.071428571,7,6,1,405334016,EleutherAI/pythia-410m,step8,seed6,6,8
It was a blackberry jam.,It was a traffic jam.,jam,jam,Different Sense,0.0458187460899353,18,0.071428571,7,6,1,405334016,EleutherAI/pythia-410m,step8,seed6,6,8
It was a blackberry jam.,It was a traffic jam.,jam,jam,Different Sense,0.04544520378112793,19,0.071428571,7,6,1,405334016,EleutherAI/pythia-410m,step8,seed6,6,8
It was a blackberry jam.,It was a traffic jam.,jam,jam,Different Sense,0.044332921504974365,20,0.071428571,7,6,1,405334016,EleutherAI/pythia-410m,step8,seed6,6,8
It was a blackberry jam.,It was a traffic jam.,jam,jam,Different Sense,0.04312145709991455,21,0.071428571,7,6,1,405334016,EleutherAI/pythia-410m,step8,seed6,6,8
It was a blackberry jam.,It was a traffic jam.,jam,jam,Different Sense,0.041126549243927,22,0.071428571,7,6,1,405334016,EleutherAI/pythia-410m,step8,seed6,6,8
It was a blackberry jam.,It was a traffic jam.,jam,jam,Different Sense,0.03896051645278931,23,0.071428571,7,6,1,405334016,EleutherAI/pythia-410m,step8,seed6,6,8
It was a blackberry jam.,It was a traffic jam.,jam,jam,Different Sense,0.03943157196044922,24,0.071428571,7,6,1,405334016,EleutherAI/pythia-410m,step8,seed6,6,8
It was a blackberry jam.,It was a paper jam.,jam,jam,Different Sense,0.0,0,0.538461538,7,6,1,405334016,EleutherAI/pythia-410m,step8,seed6,6,8
It was a blackberry jam.,It was a paper jam.,jam,jam,Different Sense,0.030667603015899658,1,0.538461538,7,6,1,405334016,EleutherAI/pythia-410m,step8,seed6,6,8
It was a blackberry jam.,It was a paper jam.,jam,jam,Different Sense,0.04368096590042114,2,0.538461538,7,6,1,405334016,EleutherAI/pythia-410m,step8,seed6,6,8
It was a blackberry jam.,It was a paper jam.,jam,jam,Different Sense,0.04833179712295532,3,0.538461538,7,6,1,405334016,EleutherAI/pythia-410m,step8,seed6,6,8
It was a blackberry jam.,It was a paper jam.,jam,jam,Different Sense,0.05660277605056763,4,0.538461538,7,6,1,405334016,EleutherAI/pythia-410m,step8,seed6,6,8
It was a blackberry jam.,It was a paper jam.,jam,jam,Different Sense,0.05791115760803223,5,0.538461538,7,6,1,405334016,EleutherAI/pythia-410m,step8,seed6,6,8
It was a blackberry jam.,It was a paper jam.,jam,jam,Different Sense,0.05856436491012573,6,0.538461538,7,6,1,405334016,EleutherAI/pythia-410m,step8,seed6,6,8
It was a blackberry jam.,It was a paper jam.,jam,jam,Different Sense,0.06009882688522339,7,0.538461538,7,6,1,405334016,EleutherAI/pythia-410m,step8,seed6,6,8
It was a blackberry jam.,It was a paper jam.,jam,jam,Different Sense,0.058605849742889404,8,0.538461538,7,6,1,405334016,EleutherAI/pythia-410m,step8,seed6,6,8
It was a blackberry jam.,It was a paper jam.,jam,jam,Different Sense,0.058782339096069336,9,0.538461538,7,6,1,405334016,EleutherAI/pythia-410m,step8,seed6,6,8
It was a blackberry jam.,It was a paper jam.,jam,jam,Different Sense,0.059099018573760986,10,0.538461538,7,6,1,405334016,EleutherAI/pythia-410m,step8,seed6,6,8
It was a blackberry jam.,It was a paper jam.,jam,jam,Different Sense,0.05701148509979248,11,0.538461538,7,6,1,405334016,EleutherAI/pythia-410m,step8,seed6,6,8
It was a blackberry jam.,It was a paper jam.,jam,jam,Different Sense,0.057492613792419434,12,0.538461538,7,6,1,405334016,EleutherAI/pythia-410m,step8,seed6,6,8
It was a blackberry jam.,It was a paper jam.,jam,jam,Different Sense,0.05685704946517944,13,0.538461538,7,6,1,405334016,EleutherAI/pythia-410m,step8,seed6,6,8
It was a blackberry jam.,It was a paper jam.,jam,jam,Different Sense,0.05584686994552612,14,0.538461538,7,6,1,405334016,EleutherAI/pythia-410m,step8,seed6,6,8
It was a blackberry jam.,It was a paper jam.,jam,jam,Different Sense,0.053503572940826416,15,0.538461538,7,6,1,405334016,EleutherAI/pythia-410m,step8,seed6,6,8
It was a blackberry jam.,It was a paper jam.,jam,jam,Different Sense,0.05178070068359375,16,0.538461538,7,6,1,405334016,EleutherAI/pythia-410m,step8,seed6,6,8
It was a blackberry jam.,It was a paper jam.,jam,jam,Different Sense,0.05125439167022705,17,0.538461538,7,6,1,405334016,EleutherAI/pythia-410m,step8,seed6,6,8
It was a blackberry jam.,It was a paper jam.,jam,jam,Different Sense,0.05011117458343506,18,0.538461538,7,6,1,405334016,EleutherAI/pythia-410m,step8,seed6,6,8
It was a blackberry jam.,It was a paper jam.,jam,jam,Different Sense,0.049179017543792725,19,0.538461538,7,6,1,405334016,EleutherAI/pythia-410m,step8,seed6,6,8
It was a blackberry jam.,It was a paper jam.,jam,jam,Different Sense,0.04856514930725098,20,0.538461538,7,6,1,405334016,EleutherAI/pythia-410m,step8,seed6,6,8
It was a blackberry jam.,It was a paper jam.,jam,jam,Different Sense,0.047617197036743164,21,0.538461538,7,6,1,405334016,EleutherAI/pythia-410m,step8,seed6,6,8
It was a blackberry jam.,It was a paper jam.,jam,jam,Different Sense,0.04688352346420288,22,0.538461538,7,6,1,405334016,EleutherAI/pythia-410m,step8,seed6,6,8
It was a blackberry jam.,It was a paper jam.,jam,jam,Different Sense,0.044769883155822754,23,0.538461538,7,6,1,405334016,EleutherAI/pythia-410m,step8,seed6,6,8
It was a blackberry jam.,It was a paper jam.,jam,jam,Different Sense,0.04492318630218506,24,0.538461538,7,6,1,405334016,EleutherAI/pythia-410m,step8,seed6,6,8
It was a peach jam.,It was a traffic jam.,jam,jam,Different Sense,0.0,0,0.0,7,6,1,405334016,EleutherAI/pythia-410m,step8,seed6,6,8
It was a peach jam.,It was a traffic jam.,jam,jam,Different Sense,0.03109121322631836,1,0.0,7,6,1,405334016,EleutherAI/pythia-410m,step8,seed6,6,8
It was a peach jam.,It was a traffic jam.,jam,jam,Different Sense,0.04418587684631348,2,0.0,7,6,1,405334016,EleutherAI/pythia-410m,step8,seed6,6,8
It was a peach jam.,It was a traffic jam.,jam,jam,Different Sense,0.049017131328582764,3,0.0,7,6,1,405334016,EleutherAI/pythia-410m,step8,seed6,6,8
It was a peach jam.,It was a traffic jam.,jam,jam,Different Sense,0.05184352397918701,4,0.0,7,6,1,405334016,EleutherAI/pythia-410m,step8,seed6,6,8
It was a peach jam.,It was a traffic jam.,jam,jam,Different Sense,0.0542108416557312,5,0.0,7,6,1,405334016,EleutherAI/pythia-410m,step8,seed6,6,8
It was a peach jam.,It was a traffic jam.,jam,jam,Different Sense,0.056162357330322266,6,0.0,7,6,1,405334016,EleutherAI/pythia-410m,step8,seed6,6,8
It was a peach jam.,It was a traffic jam.,jam,jam,Different Sense,0.05753833055496216,7,0.0,7,6,1,405334016,EleutherAI/pythia-410m,step8,seed6,6,8
It was a peach jam.,It was a traffic jam.,jam,jam,Different Sense,0.056784093379974365,8,0.0,7,6,1,405334016,EleutherAI/pythia-410m,step8,seed6,6,8
It was a peach jam.,It was a traffic jam.,jam,jam,Different Sense,0.057744622230529785,9,0.0,7,6,1,405334016,EleutherAI/pythia-410m,step8,seed6,6,8
It was a peach jam.,It was a traffic jam.,jam,jam,Different Sense,0.0580822229385376,10,0.0,7,6,1,405334016,EleutherAI/pythia-410m,step8,seed6,6,8
It was a peach jam.,It was a traffic jam.,jam,jam,Different Sense,0.05902063846588135,11,0.0,7,6,1,405334016,EleutherAI/pythia-410m,step8,seed6,6,8
It was a peach jam.,It was a traffic jam.,jam,jam,Different Sense,0.05877739191055298,12,0.0,7,6,1,405334016,EleutherAI/pythia-410m,step8,seed6,6,8
It was a peach jam.,It was a traffic jam.,jam,jam,Different Sense,0.05618923902511597,13,0.0,7,6,1,405334016,EleutherAI/pythia-410m,step8,seed6,6,8
It was a peach jam.,It was a traffic jam.,jam,jam,Different Sense,0.05418431758880615,14,0.0,7,6,1,405334016,EleutherAI/pythia-410m,step8,seed6,6,8
It was a peach jam.,It was a traffic jam.,jam,jam,Different Sense,0.05305981636047363,15,0.0,7,6,1,405334016,EleutherAI/pythia-410m,step8,seed6,6,8
It was a peach jam.,It was a traffic jam.,jam,jam,Different Sense,0.05160403251647949,16,0.0,7,6,1,405334016,EleutherAI/pythia-410m,step8,seed6,6,8
It was a peach jam.,It was a traffic jam.,jam,jam,Different Sense,0.05149197578430176,17,0.0,7,6,1,405334016,EleutherAI/pythia-410m,step8,seed6,6,8
It was a peach jam.,It was a traffic jam.,jam,jam,Different Sense,0.05126160383224487,18,0.0,7,6,1,405334016,EleutherAI/pythia-410m,step8,seed6,6,8
It was a peach jam.,It was a traffic jam.,jam,jam,Different Sense,0.050463974475860596,19,0.0,7,6,1,405334016,EleutherAI/pythia-410m,step8,seed6,6,8
It was a peach jam.,It was a traffic jam.,jam,jam,Different Sense,0.049284934997558594,20,0.0,7,6,1,405334016,EleutherAI/pythia-410m,step8,seed6,6,8
It was a peach jam.,It was a traffic jam.,jam,jam,Different Sense,0.04866105318069458,21,0.0,7,6,1,405334016,EleutherAI/pythia-410m,step8,seed6,6,8
It was a peach jam.,It was a traffic jam.,jam,jam,Different Sense,0.04515951871871948,22,0.0,7,6,1,405334016,EleutherAI/pythia-410m,step8,seed6,6,8
It was a peach jam.,It was a traffic jam.,jam,jam,Different Sense,0.043542325496673584,23,0.0,7,6,1,405334016,EleutherAI/pythia-410m,step8,seed6,6,8
It was a peach jam.,It was a traffic jam.,jam,jam,Different Sense,0.04387444257736206,24,0.0,7,6,1,405334016,EleutherAI/pythia-410m,step8,seed6,6,8
It was a peach jam.,It was a paper jam.,jam,jam,Different Sense,0.0,0,0.066666667,7,6,1,405334016,EleutherAI/pythia-410m,step8,seed6,6,8
It was a peach jam.,It was a paper jam.,jam,jam,Different Sense,0.035212814807891846,1,0.066666667,7,6,1,405334016,EleutherAI/pythia-410m,step8,seed6,6,8
It was a peach jam.,It was a paper jam.,jam,jam,Different Sense,0.04822087287902832,2,0.066666667,7,6,1,405334016,EleutherAI/pythia-410m,step8,seed6,6,8
It was a peach jam.,It was a paper jam.,jam,jam,Different Sense,0.055094242095947266,3,0.066666667,7,6,1,405334016,EleutherAI/pythia-410m,step8,seed6,6,8
It was a peach jam.,It was a paper jam.,jam,jam,Different Sense,0.05737423896789551,4,0.066666667,7,6,1,405334016,EleutherAI/pythia-410m,step8,seed6,6,8
It was a peach jam.,It was a paper jam.,jam,jam,Different Sense,0.0620800256729126,5,0.066666667,7,6,1,405334016,EleutherAI/pythia-410m,step8,seed6,6,8
It was a peach jam.,It was a paper jam.,jam,jam,Different Sense,0.06432986259460449,6,0.066666667,7,6,1,405334016,EleutherAI/pythia-410m,step8,seed6,6,8
It was a peach jam.,It was a paper jam.,jam,jam,Different Sense,0.06293356418609619,7,0.066666667,7,6,1,405334016,EleutherAI/pythia-410m,step8,seed6,6,8
It was a peach jam.,It was a paper jam.,jam,jam,Different Sense,0.062365710735321045,8,0.066666667,7,6,1,405334016,EleutherAI/pythia-410m,step8,seed6,6,8
It was a peach jam.,It was a paper jam.,jam,jam,Different Sense,0.06296449899673462,9,0.066666667,7,6,1,405334016,EleutherAI/pythia-410m,step8,seed6,6,8
It was a peach jam.,It was a paper jam.,jam,jam,Different Sense,0.06215059757232666,10,0.066666667,7,6,1,405334016,EleutherAI/pythia-410m,step8,seed6,6,8
It was a peach jam.,It was a paper jam.,jam,jam,Different Sense,0.061765313148498535,11,0.066666667,7,6,1,405334016,EleutherAI/pythia-410m,step8,seed6,6,8
It was a peach jam.,It was a paper jam.,jam,jam,Different Sense,0.06216961145401001,12,0.066666667,7,6,1,405334016,EleutherAI/pythia-410m,step8,seed6,6,8
It was a peach jam.,It was a paper jam.,jam,jam,Different Sense,0.06084859371185303,13,0.066666667,7,6,1,405334016,EleutherAI/pythia-410m,step8,seed6,6,8
It was a peach jam.,It was a paper jam.,jam,jam,Different Sense,0.05839306116104126,14,0.066666667,7,6,1,405334016,EleutherAI/pythia-410m,step8,seed6,6,8
It was a peach jam.,It was a paper jam.,jam,jam,Different Sense,0.05769151449203491,15,0.066666667,7,6,1,405334016,EleutherAI/pythia-410m,step8,seed6,6,8
It was a peach jam.,It was a paper jam.,jam,jam,Different Sense,0.05517333745956421,16,0.066666667,7,6,1,405334016,EleutherAI/pythia-410m,step8,seed6,6,8
It was a peach jam.,It was a paper jam.,jam,jam,Different Sense,0.05478447675704956,17,0.066666667,7,6,1,405334016,EleutherAI/pythia-410m,step8,seed6,6,8
It was a peach jam.,It was a paper jam.,jam,jam,Different Sense,0.05462580919265747,18,0.066666667,7,6,1,405334016,EleutherAI/pythia-410m,step8,seed6,6,8
It was a peach jam.,It was a paper jam.,jam,jam,Different Sense,0.05321317911148071,19,0.066666667,7,6,1,405334016,EleutherAI/pythia-410m,step8,seed6,6,8
It was a peach jam.,It was a paper jam.,jam,jam,Different Sense,0.052280306816101074,20,0.066666667,7,6,1,405334016,EleutherAI/pythia-410m,step8,seed6,6,8
It was a peach jam.,It was a paper jam.,jam,jam,Different Sense,0.05288809537887573,21,0.066666667,7,6,1,405334016,EleutherAI/pythia-410m,step8,seed6,6,8
It was a peach jam.,It was a paper jam.,jam,jam,Different Sense,0.050580739974975586,22,0.066666667,7,6,1,405334016,EleutherAI/pythia-410m,step8,seed6,6,8
It was a peach jam.,It was a paper jam.,jam,jam,Different Sense,0.04822593927383423,23,0.066666667,7,6,1,405334016,EleutherAI/pythia-410m,step8,seed6,6,8
It was a peach jam.,It was a paper jam.,jam,jam,Different Sense,0.048466503620147705,24,0.066666667,7,6,1,405334016,EleutherAI/pythia-410m,step8,seed6,6,8
It was a blackberry jam.,It was a peach jam.,jam,jam,Same Sense,0.0,0,4.0,7,7,0,405334016,EleutherAI/pythia-410m,step8,seed6,6,8
It was a blackberry jam.,It was a peach jam.,jam,jam,Same Sense,0.038274407386779785,1,4.0,7,7,0,405334016,EleutherAI/pythia-410m,step8,seed6,6,8
It was a blackberry jam.,It was a peach jam.,jam,jam,Same Sense,0.051901280879974365,2,4.0,7,7,0,405334016,EleutherAI/pythia-410m,step8,seed6,6,8
It was a blackberry jam.,It was a peach jam.,jam,jam,Same Sense,0.056787729263305664,3,4.0,7,7,0,405334016,EleutherAI/pythia-410m,step8,seed6,6,8
It was a blackberry jam.,It was a peach jam.,jam,jam,Same Sense,0.06402188539505005,4,4.0,7,7,0,405334016,EleutherAI/pythia-410m,step8,seed6,6,8
It was a blackberry jam.,It was a peach jam.,jam,jam,Same Sense,0.06608277559280396,5,4.0,7,7,0,405334016,EleutherAI/pythia-410m,step8,seed6,6,8
It was a blackberry jam.,It was a peach jam.,jam,jam,Same Sense,0.06850051879882812,6,4.0,7,7,0,405334016,EleutherAI/pythia-410m,step8,seed6,6,8
It was a blackberry jam.,It was a peach jam.,jam,jam,Same Sense,0.06997299194335938,7,4.0,7,7,0,405334016,EleutherAI/pythia-410m,step8,seed6,6,8
It was a blackberry jam.,It was a peach jam.,jam,jam,Same Sense,0.0705365538597107,8,4.0,7,7,0,405334016,EleutherAI/pythia-410m,step8,seed6,6,8
It was a blackberry jam.,It was a peach jam.,jam,jam,Same Sense,0.06991487741470337,9,4.0,7,7,0,405334016,EleutherAI/pythia-410m,step8,seed6,6,8
It was a blackberry jam.,It was a peach jam.,jam,jam,Same Sense,0.06949108839035034,10,4.0,7,7,0,405334016,EleutherAI/pythia-410m,step8,seed6,6,8
It was a blackberry jam.,It was a peach jam.,jam,jam,Same Sense,0.07048565149307251,11,4.0,7,7,0,405334016,EleutherAI/pythia-410m,step8,seed6,6,8
It was a blackberry jam.,It was a peach jam.,jam,jam,Same Sense,0.07090741395950317,12,4.0,7,7,0,405334016,EleutherAI/pythia-410m,step8,seed6,6,8
It was a blackberry jam.,It was a peach jam.,jam,jam,Same Sense,0.07081246376037598,13,4.0,7,7,0,405334016,EleutherAI/pythia-410m,step8,seed6,6,8
It was a blackberry jam.,It was a peach jam.,jam,jam,Same Sense,0.06848812103271484,14,4.0,7,7,0,405334016,EleutherAI/pythia-410m,step8,seed6,6,8
It was a blackberry jam.,It was a peach jam.,jam,jam,Same Sense,0.06594890356063843,15,4.0,7,7,0,405334016,EleutherAI/pythia-410m,step8,seed6,6,8
It was a blackberry jam.,It was a peach jam.,jam,jam,Same Sense,0.06430226564407349,16,4.0,7,7,0,405334016,EleutherAI/pythia-410m,step8,seed6,6,8
It was a blackberry jam.,It was a peach jam.,jam,jam,Same Sense,0.06302797794342041,17,4.0,7,7,0,405334016,EleutherAI/pythia-410m,step8,seed6,6,8
It was a blackberry jam.,It was a peach jam.,jam,jam,Same Sense,0.061912357807159424,18,4.0,7,7,0,405334016,EleutherAI/pythia-410m,step8,seed6,6,8
It was a blackberry jam.,It was a peach jam.,jam,jam,Same Sense,0.06034433841705322,19,4.0,7,7,0,405334016,EleutherAI/pythia-410m,step8,seed6,6,8
It was a blackberry jam.,It was a peach jam.,jam,jam,Same Sense,0.05809521675109863,20,4.0,7,7,0,405334016,EleutherAI/pythia-410m,step8,seed6,6,8
It was a blackberry jam.,It was a peach jam.,jam,jam,Same Sense,0.057443976402282715,21,4.0,7,7,0,405334016,EleutherAI/pythia-410m,step8,seed6,6,8
It was a blackberry jam.,It was a peach jam.,jam,jam,Same Sense,0.054692625999450684,22,4.0,7,7,0,405334016,EleutherAI/pythia-410m,step8,seed6,6,8
It was a blackberry jam.,It was a peach jam.,jam,jam,Same Sense,0.051736533641815186,23,4.0,7,7,0,405334016,EleutherAI/pythia-410m,step8,seed6,6,8
It was a blackberry jam.,It was a peach jam.,jam,jam,Same Sense,0.05220752954483032,24,4.0,7,7,0,405334016,EleutherAI/pythia-410m,step8,seed6,6,8
It was a traffic jam.,It was a paper jam.,jam,jam,Same Sense,0.0,0,2.1,6,6,0,405334016,EleutherAI/pythia-410m,step8,seed6,6,8
It was a traffic jam.,It was a paper jam.,jam,jam,Same Sense,0.01808243989944458,1,2.1,6,6,0,405334016,EleutherAI/pythia-410m,step8,seed6,6,8
It was a traffic jam.,It was a paper jam.,jam,jam,Same Sense,0.026934385299682617,2,2.1,6,6,0,405334016,EleutherAI/pythia-410m,step8,seed6,6,8
It was a traffic jam.,It was a paper jam.,jam,jam,Same Sense,0.031517207622528076,3,2.1,6,6,0,405334016,EleutherAI/pythia-410m,step8,seed6,6,8
It was a traffic jam.,It was a paper jam.,jam,jam,Same Sense,0.0337715744972229,4,2.1,6,6,0,405334016,EleutherAI/pythia-410m,step8,seed6,6,8
It was a traffic jam.,It was a paper jam.,jam,jam,Same Sense,0.034534573554992676,5,2.1,6,6,0,405334016,EleutherAI/pythia-410m,step8,seed6,6,8
It was a traffic jam.,It was a paper jam.,jam,jam,Same Sense,0.035464465618133545,6,2.1,6,6,0,405334016,EleutherAI/pythia-410m,step8,seed6,6,8
It was a traffic jam.,It was a paper jam.,jam,jam,Same Sense,0.03581506013870239,7,2.1,6,6,0,405334016,EleutherAI/pythia-410m,step8,seed6,6,8
It was a traffic jam.,It was a paper jam.,jam,jam,Same Sense,0.035257935523986816,8,2.1,6,6,0,405334016,EleutherAI/pythia-410m,step8,seed6,6,8
It was a traffic jam.,It was a paper jam.,jam,jam,Same Sense,0.035511314868927,9,2.1,6,6,0,405334016,EleutherAI/pythia-410m,step8,seed6,6,8
It was a traffic jam.,It was a paper jam.,jam,jam,Same Sense,0.037023067474365234,10,2.1,6,6,0,405334016,EleutherAI/pythia-410m,step8,seed6,6,8
It was a traffic jam.,It was a paper jam.,jam,jam,Same Sense,0.0354844331741333,11,2.1,6,6,0,405334016,EleutherAI/pythia-410m,step8,seed6,6,8
It was a traffic jam.,It was a paper jam.,jam,jam,Same Sense,0.036429762840270996,12,2.1,6,6,0,405334016,EleutherAI/pythia-410m,step8,seed6,6,8
It was a traffic jam.,It was a paper jam.,jam,jam,Same Sense,0.03617900609970093,13,2.1,6,6,0,405334016,EleutherAI/pythia-410m,step8,seed6,6,8
It was a traffic jam.,It was a paper jam.,jam,jam,Same Sense,0.03570467233657837,14,2.1,6,6,0,405334016,EleutherAI/pythia-410m,step8,seed6,6,8
It was a traffic jam.,It was a paper jam.,jam,jam,Same Sense,0.035427629947662354,15,2.1,6,6,0,405334016,EleutherAI/pythia-410m,step8,seed6,6,8
It was a traffic jam.,It was a paper jam.,jam,jam,Same Sense,0.033905029296875,16,2.1,6,6,0,405334016,EleutherAI/pythia-410m,step8,seed6,6,8
It was a traffic jam.,It was a paper jam.,jam,jam,Same Sense,0.034116387367248535,17,2.1,6,6,0,405334016,EleutherAI/pythia-410m,step8,seed6,6,8
It was a traffic jam.,It was a paper jam.,jam,jam,Same Sense,0.03340858221054077,18,2.1,6,6,0,405334016,EleutherAI/pythia-410m,step8,seed6,6,8
It was a traffic jam.,It was a paper jam.,jam,jam,Same Sense,0.03237807750701904,19,2.1,6,6,0,405334016,EleutherAI/pythia-410m,step8,seed6,6,8
It was a traffic jam.,It was a paper jam.,jam,jam,Same Sense,0.03239428997039795,20,2.1,6,6,0,405334016,EleutherAI/pythia-410m,step8,seed6,6,8
It was a traffic jam.,It was a paper jam.,jam,jam,Same Sense,0.0317419171333313,21,2.1,6,6,0,405334016,EleutherAI/pythia-410m,step8,seed6,6,8
It was a traffic jam.,It was a paper jam.,jam,jam,Same Sense,0.030843079090118408,22,2.1,6,6,0,405334016,EleutherAI/pythia-410m,step8,seed6,6,8
It was a traffic jam.,It was a paper jam.,jam,jam,Same Sense,0.029808461666107178,23,2.1,6,6,0,405334016,EleutherAI/pythia-410m,step8,seed6,6,8
It was a traffic jam.,It was a paper jam.,jam,jam,Same Sense,0.02921658754348755,24,2.1,6,6,0,405334016,EleutherAI/pythia-410m,step8,seed6,6,8
It was a duplicate key.,It was a delete key.,key,key,Different Sense,0.0,0,1.076923077,6,6,0,405334016,EleutherAI/pythia-410m,step8,seed6,6,8
It was a duplicate key.,It was a delete key.,key,key,Different Sense,0.025364339351654053,1,1.076923077,6,6,0,405334016,EleutherAI/pythia-410m,step8,seed6,6,8
It was a duplicate key.,It was a delete key.,key,key,Different Sense,0.03173720836639404,2,1.076923077,6,6,0,405334016,EleutherAI/pythia-410m,step8,seed6,6,8
It was a duplicate key.,It was a delete key.,key,key,Different Sense,0.03210073709487915,3,1.076923077,6,6,0,405334016,EleutherAI/pythia-410m,step8,seed6,6,8
It was a duplicate key.,It was a delete key.,key,key,Different Sense,0.03245013952255249,4,1.076923077,6,6,0,405334016,EleutherAI/pythia-410m,step8,seed6,6,8
It was a duplicate key.,It was a delete key.,key,key,Different Sense,0.03252142667770386,5,1.076923077,6,6,0,405334016,EleutherAI/pythia-410m,step8,seed6,6,8
It was a duplicate key.,It was a delete key.,key,key,Different Sense,0.031047821044921875,6,1.076923077,6,6,0,405334016,EleutherAI/pythia-410m,step8,seed6,6,8
It was a duplicate key.,It was a delete key.,key,key,Different Sense,0.0314253568649292,7,1.076923077,6,6,0,405334016,EleutherAI/pythia-410m,step8,seed6,6,8
It was a duplicate key.,It was a delete key.,key,key,Different Sense,0.03175175189971924,8,1.076923077,6,6,0,405334016,EleutherAI/pythia-410m,step8,seed6,6,8
It was a duplicate key.,It was a delete key.,key,key,Different Sense,0.03122192621231079,9,1.076923077,6,6,0,405334016,EleutherAI/pythia-410m,step8,seed6,6,8
It was a duplicate key.,It was a delete key.,key,key,Different Sense,0.03133726119995117,10,1.076923077,6,6,0,405334016,EleutherAI/pythia-410m,step8,seed6,6,8
It was a duplicate key.,It was a delete key.,key,key,Different Sense,0.030606389045715332,11,1.076923077,6,6,0,405334016,EleutherAI/pythia-410m,step8,seed6,6,8
It was a duplicate key.,It was a delete key.,key,key,Different Sense,0.0310361385345459,12,1.076923077,6,6,0,405334016,EleutherAI/pythia-410m,step8,seed6,6,8
It was a duplicate key.,It was a delete key.,key,key,Different Sense,0.03203892707824707,13,1.076923077,6,6,0,405334016,EleutherAI/pythia-410m,step8,seed6,6,8
It was a duplicate key.,It was a delete key.,key,key,Different Sense,0.031192898750305176,14,1.076923077,6,6,0,405334016,EleutherAI/pythia-410m,step8,seed6,6,8
It was a duplicate key.,It was a delete key.,key,key,Different Sense,0.03086864948272705,15,1.076923077,6,6,0,405334016,EleutherAI/pythia-410m,step8,seed6,6,8
It was a duplicate key.,It was a delete key.,key,key,Different Sense,0.031248152256011963,16,1.076923077,6,6,0,405334016,EleutherAI/pythia-410m,step8,seed6,6,8
It was a duplicate key.,It was a delete key.,key,key,Different Sense,0.03127264976501465,17,1.076923077,6,6,0,405334016,EleutherAI/pythia-410m,step8,seed6,6,8
It was a duplicate key.,It was a delete key.,key,key,Different Sense,0.03117150068283081,18,1.076923077,6,6,0,405334016,EleutherAI/pythia-410m,step8,seed6,6,8
It was a duplicate key.,It was a delete key.,key,key,Different Sense,0.029883861541748047,19,1.076923077,6,6,0,405334016,EleutherAI/pythia-410m,step8,seed6,6,8
It was a duplicate key.,It was a delete key.,key,key,Different Sense,0.02868044376373291,20,1.076923077,6,6,0,405334016,EleutherAI/pythia-410m,step8,seed6,6,8
It was a duplicate key.,It was a delete key.,key,key,Different Sense,0.028928756713867188,21,1.076923077,6,6,0,405334016,EleutherAI/pythia-410m,step8,seed6,6,8
It was a duplicate key.,It was a delete key.,key,key,Different Sense,0.02835094928741455,22,1.076923077,6,6,0,405334016,EleutherAI/pythia-410m,step8,seed6,6,8
It was a duplicate key.,It was a delete key.,key,key,Different Sense,0.027420103549957275,23,1.076923077,6,6,0,405334016,EleutherAI/pythia-410m,step8,seed6,6,8
It was a duplicate key.,It was a delete key.,key,key,Different Sense,0.027415692806243896,24,1.076923077,6,6,0,405334016,EleutherAI/pythia-410m,step8,seed6,6,8
It was a duplicate key.,It was a backspace key.,key,key,Different Sense,0.0,0,0.454545455,6,7,1,405334016,EleutherAI/pythia-410m,step8,seed6,6,8
It was a duplicate key.,It was a backspace key.,key,key,Different Sense,0.03213512897491455,1,0.454545455,6,7,1,405334016,EleutherAI/pythia-410m,step8,seed6,6,8
It was a duplicate key.,It was a backspace key.,key,key,Different Sense,0.0434567928314209,2,0.454545455,6,7,1,405334016,EleutherAI/pythia-410m,step8,seed6,6,8
It was a duplicate key.,It was a backspace key.,key,key,Different Sense,0.0497283935546875,3,0.454545455,6,7,1,405334016,EleutherAI/pythia-410m,step8,seed6,6,8
It was a duplicate key.,It was a backspace key.,key,key,Different Sense,0.04966235160827637,4,0.454545455,6,7,1,405334016,EleutherAI/pythia-410m,step8,seed6,6,8
It was a duplicate key.,It was a backspace key.,key,key,Different Sense,0.050651371479034424,5,0.454545455,6,7,1,405334016,EleutherAI/pythia-410m,step8,seed6,6,8
It was a duplicate key.,It was a backspace key.,key,key,Different Sense,0.048605263233184814,6,0.454545455,6,7,1,405334016,EleutherAI/pythia-410m,step8,seed6,6,8
It was a duplicate key.,It was a backspace key.,key,key,Different Sense,0.0471377968788147,7,0.454545455,6,7,1,405334016,EleutherAI/pythia-410m,step8,seed6,6,8
It was a duplicate key.,It was a backspace key.,key,key,Different Sense,0.04718005657196045,8,0.454545455,6,7,1,405334016,EleutherAI/pythia-410m,step8,seed6,6,8
It was a duplicate key.,It was a backspace key.,key,key,Different Sense,0.046272993087768555,9,0.454545455,6,7,1,405334016,EleutherAI/pythia-410m,step8,seed6,6,8
It was a duplicate key.,It was a backspace key.,key,key,Different Sense,0.04801046848297119,10,0.454545455,6,7,1,405334016,EleutherAI/pythia-410m,step8,seed6,6,8
It was a duplicate key.,It was a backspace key.,key,key,Different Sense,0.04771137237548828,11,0.454545455,6,7,1,405334016,EleutherAI/pythia-410m,step8,seed6,6,8
It was a duplicate key.,It was a backspace key.,key,key,Different Sense,0.04849189519882202,12,0.454545455,6,7,1,405334016,EleutherAI/pythia-410m,step8,seed6,6,8
It was a duplicate key.,It was a backspace key.,key,key,Different Sense,0.049299538135528564,13,0.454545455,6,7,1,405334016,EleutherAI/pythia-410m,step8,seed6,6,8
It was a duplicate key.,It was a backspace key.,key,key,Different Sense,0.0479775071144104,14,0.454545455,6,7,1,405334016,EleutherAI/pythia-410m,step8,seed6,6,8
It was a duplicate key.,It was a backspace key.,key,key,Different Sense,0.047524213790893555,15,0.454545455,6,7,1,405334016,EleutherAI/pythia-410m,step8,seed6,6,8
It was a duplicate key.,It was a backspace key.,key,key,Different Sense,0.04761660099029541,16,0.454545455,6,7,1,405334016,EleutherAI/pythia-410m,step8,seed6,6,8
It was a duplicate key.,It was a backspace key.,key,key,Different Sense,0.048576951026916504,17,0.454545455,6,7,1,405334016,EleutherAI/pythia-410m,step8,seed6,6,8
It was a duplicate key.,It was a backspace key.,key,key,Different Sense,0.04799884557723999,18,0.454545455,6,7,1,405334016,EleutherAI/pythia-410m,step8,seed6,6,8
It was a duplicate key.,It was a backspace key.,key,key,Different Sense,0.04676461219787598,19,0.454545455,6,7,1,405334016,EleutherAI/pythia-410m,step8,seed6,6,8
It was a duplicate key.,It was a backspace key.,key,key,Different Sense,0.04560589790344238,20,0.454545455,6,7,1,405334016,EleutherAI/pythia-410m,step8,seed6,6,8
It was a duplicate key.,It was a backspace key.,key,key,Different Sense,0.04529774188995361,21,0.454545455,6,7,1,405334016,EleutherAI/pythia-410m,step8,seed6,6,8
It was a duplicate key.,It was a backspace key.,key,key,Different Sense,0.04351562261581421,22,0.454545455,6,7,1,405334016,EleutherAI/pythia-410m,step8,seed6,6,8
It was a duplicate key.,It was a backspace key.,key,key,Different Sense,0.04155278205871582,23,0.454545455,6,7,1,405334016,EleutherAI/pythia-410m,step8,seed6,6,8
It was a duplicate key.,It was a backspace key.,key,key,Different Sense,0.04162710905075073,24,0.454545455,6,7,1,405334016,EleutherAI/pythia-410m,step8,seed6,6,8
It was a master key.,It was a delete key.,key,key,Different Sense,0.0,0,0.75,6,6,0,405334016,EleutherAI/pythia-410m,step8,seed6,6,8
It was a master key.,It was a delete key.,key,key,Different Sense,0.023586690425872803,1,0.75,6,6,0,405334016,EleutherAI/pythia-410m,step8,seed6,6,8
It was a master key.,It was a delete key.,key,key,Different Sense,0.03511279821395874,2,0.75,6,6,0,405334016,EleutherAI/pythia-410m,step8,seed6,6,8
It was a master key.,It was a delete key.,key,key,Different Sense,0.037891387939453125,3,0.75,6,6,0,405334016,EleutherAI/pythia-410m,step8,seed6,6,8
It was a master key.,It was a delete key.,key,key,Different Sense,0.0394248366355896,4,0.75,6,6,0,405334016,EleutherAI/pythia-410m,step8,seed6,6,8
It was a master key.,It was a delete key.,key,key,Different Sense,0.04054689407348633,5,0.75,6,6,0,405334016,EleutherAI/pythia-410m,step8,seed6,6,8
It was a master key.,It was a delete key.,key,key,Different Sense,0.04033929109573364,6,0.75,6,6,0,405334016,EleutherAI/pythia-410m,step8,seed6,6,8
It was a master key.,It was a delete key.,key,key,Different Sense,0.03903621435165405,7,0.75,6,6,0,405334016,EleutherAI/pythia-410m,step8,seed6,6,8
It was a master key.,It was a delete key.,key,key,Different Sense,0.03927129507064819,8,0.75,6,6,0,405334016,EleutherAI/pythia-410m,step8,seed6,6,8
It was a master key.,It was a delete key.,key,key,Different Sense,0.03892326354980469,9,0.75,6,6,0,405334016,EleutherAI/pythia-410m,step8,seed6,6,8
It was a master key.,It was a delete key.,key,key,Different Sense,0.03888583183288574,10,0.75,6,6,0,405334016,EleutherAI/pythia-410m,step8,seed6,6,8
It was a master key.,It was a delete key.,key,key,Different Sense,0.037467122077941895,11,0.75,6,6,0,405334016,EleutherAI/pythia-410m,step8,seed6,6,8
It was a master key.,It was a delete key.,key,key,Different Sense,0.03767204284667969,12,0.75,6,6,0,405334016,EleutherAI/pythia-410m,step8,seed6,6,8
It was a master key.,It was a delete key.,key,key,Different Sense,0.03806227445602417,13,0.75,6,6,0,405334016,EleutherAI/pythia-410m,step8,seed6,6,8
It was a master key.,It was a delete key.,key,key,Different Sense,0.03724879026412964,14,0.75,6,6,0,405334016,EleutherAI/pythia-410m,step8,seed6,6,8
It was a master key.,It was a delete key.,key,key,Different Sense,0.03617370128631592,15,0.75,6,6,0,405334016,EleutherAI/pythia-410m,step8,seed6,6,8
It was a master key.,It was a delete key.,key,key,Different Sense,0.03578615188598633,16,0.75,6,6,0,405334016,EleutherAI/pythia-410m,step8,seed6,6,8
It was a master key.,It was a delete key.,key,key,Different Sense,0.0361592173576355,17,0.75,6,6,0,405334016,EleutherAI/pythia-410m,step8,seed6,6,8
It was a master key.,It was a delete key.,key,key,Different Sense,0.03528076410293579,18,0.75,6,6,0,405334016,EleutherAI/pythia-410m,step8,seed6,6,8
It was a master key.,It was a delete key.,key,key,Different Sense,0.03323209285736084,19,0.75,6,6,0,405334016,EleutherAI/pythia-410m,step8,seed6,6,8
It was a master key.,It was a delete key.,key,key,Different Sense,0.03334861993789673,20,0.75,6,6,0,405334016,EleutherAI/pythia-410m,step8,seed6,6,8
It was a master key.,It was a delete key.,key,key,Different Sense,0.033271074295043945,21,0.75,6,6,0,405334016,EleutherAI/pythia-410m,step8,seed6,6,8
It was a master key.,It was a delete key.,key,key,Different Sense,0.0320773720741272,22,0.75,6,6,0,405334016,EleutherAI/pythia-410m,step8,seed6,6,8
It was a master key.,It was a delete key.,key,key,Different Sense,0.03092360496520996,23,0.75,6,6,0,405334016,EleutherAI/pythia-410m,step8,seed6,6,8
It was a master key.,It was a delete key.,key,key,Different Sense,0.03134089708328247,24,0.75,6,6,0,405334016,EleutherAI/pythia-410m,step8,seed6,6,8
It was a master key.,It was a backspace key.,key,key,Different Sense,0.0,0,0.916666667,6,7,1,405334016,EleutherAI/pythia-410m,step8,seed6,6,8
It was a master key.,It was a backspace key.,key,key,Different Sense,0.02819901704788208,1,0.916666667,6,7,1,405334016,EleutherAI/pythia-410m,step8,seed6,6,8
It was a master key.,It was a backspace key.,key,key,Different Sense,0.037540435791015625,2,0.916666667,6,7,1,405334016,EleutherAI/pythia-410m,step8,seed6,6,8
It was a master key.,It was a backspace key.,key,key,Different Sense,0.04298436641693115,3,0.916666667,6,7,1,405334016,EleutherAI/pythia-410m,step8,seed6,6,8
It was a master key.,It was a backspace key.,key,key,Different Sense,0.04529857635498047,4,0.916666667,6,7,1,405334016,EleutherAI/pythia-410m,step8,seed6,6,8
It was a master key.,It was a backspace key.,key,key,Different Sense,0.04908472299575806,5,0.916666667,6,7,1,405334016,EleutherAI/pythia-410m,step8,seed6,6,8
It was a master key.,It was a backspace key.,key,key,Different Sense,0.047898828983306885,6,0.916666667,6,7,1,405334016,EleutherAI/pythia-410m,step8,seed6,6,8
It was a master key.,It was a backspace key.,key,key,Different Sense,0.046478271484375,7,0.916666667,6,7,1,405334016,EleutherAI/pythia-410m,step8,seed6,6,8
It was a master key.,It was a backspace key.,key,key,Different Sense,0.04819536209106445,8,0.916666667,6,7,1,405334016,EleutherAI/pythia-410m,step8,seed6,6,8
It was a master key.,It was a backspace key.,key,key,Different Sense,0.046934664249420166,9,0.916666667,6,7,1,405334016,EleutherAI/pythia-410m,step8,seed6,6,8
It was a master key.,It was a backspace key.,key,key,Different Sense,0.049466848373413086,10,0.916666667,6,7,1,405334016,EleutherAI/pythia-410m,step8,seed6,6,8
It was a master key.,It was a backspace key.,key,key,Different Sense,0.0492018461227417,11,0.916666667,6,7,1,405334016,EleutherAI/pythia-410m,step8,seed6,6,8
It was a master key.,It was a backspace key.,key,key,Different Sense,0.0495225191116333,12,0.916666667,6,7,1,405334016,EleutherAI/pythia-410m,step8,seed6,6,8
It was a master key.,It was a backspace key.,key,key,Different Sense,0.050197601318359375,13,0.916666667,6,7,1,405334016,EleutherAI/pythia-410m,step8,seed6,6,8
It was a master key.,It was a backspace key.,key,key,Different Sense,0.049174726009368896,14,0.916666667,6,7,1,405334016,EleutherAI/pythia-410m,step8,seed6,6,8
It was a master key.,It was a backspace key.,key,key,Different Sense,0.04926705360412598,15,0.916666667,6,7,1,405334016,EleutherAI/pythia-410m,step8,seed6,6,8
It was a master key.,It was a backspace key.,key,key,Different Sense,0.048696160316467285,16,0.916666667,6,7,1,405334016,EleutherAI/pythia-410m,step8,seed6,6,8
It was a master key.,It was a backspace key.,key,key,Different Sense,0.050035178661346436,17,0.916666667,6,7,1,405334016,EleutherAI/pythia-410m,step8,seed6,6,8
It was a master key.,It was a backspace key.,key,key,Different Sense,0.04897117614746094,18,0.916666667,6,7,1,405334016,EleutherAI/pythia-410m,step8,seed6,6,8
It was a master key.,It was a backspace key.,key,key,Different Sense,0.04661059379577637,19,0.916666667,6,7,1,405334016,EleutherAI/pythia-410m,step8,seed6,6,8
It was a master key.,It was a backspace key.,key,key,Different Sense,0.04596543312072754,20,0.916666667,6,7,1,405334016,EleutherAI/pythia-410m,step8,seed6,6,8
It was a master key.,It was a backspace key.,key,key,Different Sense,0.04526442289352417,21,0.916666667,6,7,1,405334016,EleutherAI/pythia-410m,step8,seed6,6,8
It was a master key.,It was a backspace key.,key,key,Different Sense,0.04383420944213867,22,0.916666667,6,7,1,405334016,EleutherAI/pythia-410m,step8,seed6,6,8
It was a master key.,It was a backspace key.,key,key,Different Sense,0.041352927684783936,23,0.916666667,6,7,1,405334016,EleutherAI/pythia-410m,step8,seed6,6,8
It was a master key.,It was a backspace key.,key,key,Different Sense,0.04139953851699829,24,0.916666667,6,7,1,405334016,EleutherAI/pythia-410m,step8,seed6,6,8
It was a duplicate key.,It was a master key.,key,key,Same Sense,0.0,0,3.909090909,6,6,0,405334016,EleutherAI/pythia-410m,step8,seed6,6,8
It was a duplicate key.,It was a master key.,key,key,Same Sense,0.02579134702682495,1,3.909090909,6,6,0,405334016,EleutherAI/pythia-410m,step8,seed6,6,8
It was a duplicate key.,It was a master key.,key,key,Same Sense,0.03588283061981201,2,3.909090909,6,6,0,405334016,EleutherAI/pythia-410m,step8,seed6,6,8
It was a duplicate key.,It was a master key.,key,key,Same Sense,0.03846240043640137,3,3.909090909,6,6,0,405334016,EleutherAI/pythia-410m,step8,seed6,6,8
It was a duplicate key.,It was a master key.,key,key,Same Sense,0.037185728549957275,4,3.909090909,6,6,0,405334016,EleutherAI/pythia-410m,step8,seed6,6,8
It was a duplicate key.,It was a master key.,key,key,Same Sense,0.037631213665008545,5,3.909090909,6,6,0,405334016,EleutherAI/pythia-410m,step8,seed6,6,8
It was a duplicate key.,It was a master key.,key,key,Same Sense,0.03699171543121338,6,3.909090909,6,6,0,405334016,EleutherAI/pythia-410m,step8,seed6,6,8
It was a duplicate key.,It was a master key.,key,key,Same Sense,0.036044955253601074,7,3.909090909,6,6,0,405334016,EleutherAI/pythia-410m,step8,seed6,6,8
It was a duplicate key.,It was a master key.,key,key,Same Sense,0.035914480686187744,8,3.909090909,6,6,0,405334016,EleutherAI/pythia-410m,step8,seed6,6,8
It was a duplicate key.,It was a master key.,key,key,Same Sense,0.03515714406967163,9,3.909090909,6,6,0,405334016,EleutherAI/pythia-410m,step8,seed6,6,8
It was a duplicate key.,It was a master key.,key,key,Same Sense,0.03522235155105591,10,3.909090909,6,6,0,405334016,EleutherAI/pythia-410m,step8,seed6,6,8
It was a duplicate key.,It was a master key.,key,key,Same Sense,0.033982694149017334,11,3.909090909,6,6,0,405334016,EleutherAI/pythia-410m,step8,seed6,6,8
It was a duplicate key.,It was a master key.,key,key,Same Sense,0.034777820110321045,12,3.909090909,6,6,0,405334016,EleutherAI/pythia-410m,step8,seed6,6,8
It was a duplicate key.,It was a master key.,key,key,Same Sense,0.03513365983963013,13,3.909090909,6,6,0,405334016,EleutherAI/pythia-410m,step8,seed6,6,8
It was a duplicate key.,It was a master key.,key,key,Same Sense,0.03427857160568237,14,3.909090909,6,6,0,405334016,EleutherAI/pythia-410m,step8,seed6,6,8
It was a duplicate key.,It was a master key.,key,key,Same Sense,0.033076465129852295,15,3.909090909,6,6,0,405334016,EleutherAI/pythia-410m,step8,seed6,6,8
It was a duplicate key.,It was a master key.,key,key,Same Sense,0.032613158226013184,16,3.909090909,6,6,0,405334016,EleutherAI/pythia-410m,step8,seed6,6,8
It was a duplicate key.,It was a master key.,key,key,Same Sense,0.032376646995544434,17,3.909090909,6,6,0,405334016,EleutherAI/pythia-410m,step8,seed6,6,8
It was a duplicate key.,It was a master key.,key,key,Same Sense,0.03181111812591553,18,3.909090909,6,6,0,405334016,EleutherAI/pythia-410m,step8,seed6,6,8
It was a duplicate key.,It was a master key.,key,key,Same Sense,0.02995765209197998,19,3.909090909,6,6,0,405334016,EleutherAI/pythia-410m,step8,seed6,6,8
It was a duplicate key.,It was a master key.,key,key,Same Sense,0.029699385166168213,20,3.909090909,6,6,0,405334016,EleutherAI/pythia-410m,step8,seed6,6,8
It was a duplicate key.,It was a master key.,key,key,Same Sense,0.03035348653793335,21,3.909090909,6,6,0,405334016,EleutherAI/pythia-410m,step8,seed6,6,8
It was a duplicate key.,It was a master key.,key,key,Same Sense,0.02989506721496582,22,3.909090909,6,6,0,405334016,EleutherAI/pythia-410m,step8,seed6,6,8
It was a duplicate key.,It was a master key.,key,key,Same Sense,0.029164016246795654,23,3.909090909,6,6,0,405334016,EleutherAI/pythia-410m,step8,seed6,6,8
It was a duplicate key.,It was a master key.,key,key,Same Sense,0.029658615589141846,24,3.909090909,6,6,0,405334016,EleutherAI/pythia-410m,step8,seed6,6,8
It was a delete key.,It was a backspace key.,key,key,Same Sense,0.0,0,3.666666667,6,7,1,405334016,EleutherAI/pythia-410m,step8,seed6,6,8
It was a delete key.,It was a backspace key.,key,key,Same Sense,0.029199957847595215,1,3.666666667,6,7,1,405334016,EleutherAI/pythia-410m,step8,seed6,6,8
It was a delete key.,It was a backspace key.,key,key,Same Sense,0.039643943309783936,2,3.666666667,6,7,1,405334016,EleutherAI/pythia-410m,step8,seed6,6,8
It was a delete key.,It was a backspace key.,key,key,Same Sense,0.043683648109436035,3,3.666666667,6,7,1,405334016,EleutherAI/pythia-410m,step8,seed6,6,8
It was a delete key.,It was a backspace key.,key,key,Same Sense,0.045849502086639404,4,3.666666667,6,7,1,405334016,EleutherAI/pythia-410m,step8,seed6,6,8
It was a delete key.,It was a backspace key.,key,key,Same Sense,0.04945862293243408,5,3.666666667,6,7,1,405334016,EleutherAI/pythia-410m,step8,seed6,6,8
It was a delete key.,It was a backspace key.,key,key,Same Sense,0.04884833097457886,6,3.666666667,6,7,1,405334016,EleutherAI/pythia-410m,step8,seed6,6,8
It was a delete key.,It was a backspace key.,key,key,Same Sense,0.04554826021194458,7,3.666666667,6,7,1,405334016,EleutherAI/pythia-410m,step8,seed6,6,8
It was a delete key.,It was a backspace key.,key,key,Same Sense,0.04647064208984375,8,3.666666667,6,7,1,405334016,EleutherAI/pythia-410m,step8,seed6,6,8
It was a delete key.,It was a backspace key.,key,key,Same Sense,0.04521608352661133,9,3.666666667,6,7,1,405334016,EleutherAI/pythia-410m,step8,seed6,6,8
It was a delete key.,It was a backspace key.,key,key,Same Sense,0.0459100604057312,10,3.666666667,6,7,1,405334016,EleutherAI/pythia-410m,step8,seed6,6,8
It was a delete key.,It was a backspace key.,key,key,Same Sense,0.04494231939315796,11,3.666666667,6,7,1,405334016,EleutherAI/pythia-410m,step8,seed6,6,8
It was a delete key.,It was a backspace key.,key,key,Same Sense,0.04473143815994263,12,3.666666667,6,7,1,405334016,EleutherAI/pythia-410m,step8,seed6,6,8
It was a delete key.,It was a backspace key.,key,key,Same Sense,0.04499006271362305,13,3.666666667,6,7,1,405334016,EleutherAI/pythia-410m,step8,seed6,6,8
It was a delete key.,It was a backspace key.,key,key,Same Sense,0.04411029815673828,14,3.666666667,6,7,1,405334016,EleutherAI/pythia-410m,step8,seed6,6,8
It was a delete key.,It was a backspace key.,key,key,Same Sense,0.04368525743484497,15,3.666666667,6,7,1,405334016,EleutherAI/pythia-410m,step8,seed6,6,8
It was a delete key.,It was a backspace key.,key,key,Same Sense,0.0448298454284668,16,3.666666667,6,7,1,405334016,EleutherAI/pythia-410m,step8,seed6,6,8
It was a delete key.,It was a backspace key.,key,key,Same Sense,0.045201122760772705,17,3.666666667,6,7,1,405334016,EleutherAI/pythia-410m,step8,seed6,6,8
It was a delete key.,It was a backspace key.,key,key,Same Sense,0.044722795486450195,18,3.666666667,6,7,1,405334016,EleutherAI/pythia-410m,step8,seed6,6,8
It was a delete key.,It was a backspace key.,key,key,Same Sense,0.04402780532836914,19,3.666666667,6,7,1,405334016,EleutherAI/pythia-410m,step8,seed6,6,8
It was a delete key.,It was a backspace key.,key,key,Same Sense,0.042979657649993896,20,3.666666667,6,7,1,405334016,EleutherAI/pythia-410m,step8,seed6,6,8
It was a delete key.,It was a backspace key.,key,key,Same Sense,0.04271918535232544,21,3.666666667,6,7,1,405334016,EleutherAI/pythia-410m,step8,seed6,6,8
It was a delete key.,It was a backspace key.,key,key,Same Sense,0.040896594524383545,22,3.666666667,6,7,1,405334016,EleutherAI/pythia-410m,step8,seed6,6,8
It was a delete key.,It was a backspace key.,key,key,Same Sense,0.03869098424911499,23,3.666666667,6,7,1,405334016,EleutherAI/pythia-410m,step8,seed6,6,8
It was a delete key.,It was a backspace key.,key,key,Same Sense,0.038453519344329834,24,3.666666667,6,7,1,405334016,EleutherAI/pythia-410m,step8,seed6,6,8
They liked the marinated lamb.,They liked the cute lamb.,lamb,lamb,Different Sense,0.0,0,3.3,7,6,1,405334016,EleutherAI/pythia-410m,step8,seed6,6,8
They liked the marinated lamb.,They liked the cute lamb.,lamb,lamb,Different Sense,0.025736570358276367,1,3.3,7,6,1,405334016,EleutherAI/pythia-410m,step8,seed6,6,8
They liked the marinated lamb.,They liked the cute lamb.,lamb,lamb,Different Sense,0.03920644521713257,2,3.3,7,6,1,405334016,EleutherAI/pythia-410m,step8,seed6,6,8
They liked the marinated lamb.,They liked the cute lamb.,lamb,lamb,Different Sense,0.0453413724899292,3,3.3,7,6,1,405334016,EleutherAI/pythia-410m,step8,seed6,6,8
They liked the marinated lamb.,They liked the cute lamb.,lamb,lamb,Different Sense,0.048187434673309326,4,3.3,7,6,1,405334016,EleutherAI/pythia-410m,step8,seed6,6,8
They liked the marinated lamb.,They liked the cute lamb.,lamb,lamb,Different Sense,0.04825645685195923,5,3.3,7,6,1,405334016,EleutherAI/pythia-410m,step8,seed6,6,8
They liked the marinated lamb.,They liked the cute lamb.,lamb,lamb,Different Sense,0.050491392612457275,6,3.3,7,6,1,405334016,EleutherAI/pythia-410m,step8,seed6,6,8
They liked the marinated lamb.,They liked the cute lamb.,lamb,lamb,Different Sense,0.050615012645721436,7,3.3,7,6,1,405334016,EleutherAI/pythia-410m,step8,seed6,6,8
They liked the marinated lamb.,They liked the cute lamb.,lamb,lamb,Different Sense,0.04926019906997681,8,3.3,7,6,1,405334016,EleutherAI/pythia-410m,step8,seed6,6,8
They liked the marinated lamb.,They liked the cute lamb.,lamb,lamb,Different Sense,0.048273563385009766,9,3.3,7,6,1,405334016,EleutherAI/pythia-410m,step8,seed6,6,8
They liked the marinated lamb.,They liked the cute lamb.,lamb,lamb,Different Sense,0.0482446551322937,10,3.3,7,6,1,405334016,EleutherAI/pythia-410m,step8,seed6,6,8
They liked the marinated lamb.,They liked the cute lamb.,lamb,lamb,Different Sense,0.04838794469833374,11,3.3,7,6,1,405334016,EleutherAI/pythia-410m,step8,seed6,6,8
They liked the marinated lamb.,They liked the cute lamb.,lamb,lamb,Different Sense,0.048159122467041016,12,3.3,7,6,1,405334016,EleutherAI/pythia-410m,step8,seed6,6,8
They liked the marinated lamb.,They liked the cute lamb.,lamb,lamb,Different Sense,0.04530501365661621,13,3.3,7,6,1,405334016,EleutherAI/pythia-410m,step8,seed6,6,8
They liked the marinated lamb.,They liked the cute lamb.,lamb,lamb,Different Sense,0.044535696506500244,14,3.3,7,6,1,405334016,EleutherAI/pythia-410m,step8,seed6,6,8
They liked the marinated lamb.,They liked the cute lamb.,lamb,lamb,Different Sense,0.04448544979095459,15,3.3,7,6,1,405334016,EleutherAI/pythia-410m,step8,seed6,6,8
They liked the marinated lamb.,They liked the cute lamb.,lamb,lamb,Different Sense,0.042692363262176514,16,3.3,7,6,1,405334016,EleutherAI/pythia-410m,step8,seed6,6,8
They liked the marinated lamb.,They liked the cute lamb.,lamb,lamb,Different Sense,0.042656004428863525,17,3.3,7,6,1,405334016,EleutherAI/pythia-410m,step8,seed6,6,8
They liked the marinated lamb.,They liked the cute lamb.,lamb,lamb,Different Sense,0.041170358657836914,18,3.3,7,6,1,405334016,EleutherAI/pythia-410m,step8,seed6,6,8
They liked the marinated lamb.,They liked the cute lamb.,lamb,lamb,Different Sense,0.04130065441131592,19,3.3,7,6,1,405334016,EleutherAI/pythia-410m,step8,seed6,6,8
They liked the marinated lamb.,They liked the cute lamb.,lamb,lamb,Different Sense,0.040641069412231445,20,3.3,7,6,1,405334016,EleutherAI/pythia-410m,step8,seed6,6,8
They liked the marinated lamb.,They liked the cute lamb.,lamb,lamb,Different Sense,0.039695560932159424,21,3.3,7,6,1,405334016,EleutherAI/pythia-410m,step8,seed6,6,8
They liked the marinated lamb.,They liked the cute lamb.,lamb,lamb,Different Sense,0.038684189319610596,22,3.3,7,6,1,405334016,EleutherAI/pythia-410m,step8,seed6,6,8
They liked the marinated lamb.,They liked the cute lamb.,lamb,lamb,Different Sense,0.038876354694366455,23,3.3,7,6,1,405334016,EleutherAI/pythia-410m,step8,seed6,6,8
They liked the marinated lamb.,They liked the cute lamb.,lamb,lamb,Different Sense,0.0379907488822937,24,3.3,7,6,1,405334016,EleutherAI/pythia-410m,step8,seed6,6,8
They liked the marinated lamb.,They liked the friendly lamb.,lamb,lamb,Different Sense,0.0,0,3.0,7,6,1,405334016,EleutherAI/pythia-410m,step8,seed6,6,8
They liked the marinated lamb.,They liked the friendly lamb.,lamb,lamb,Different Sense,0.03305959701538086,1,3.0,7,6,1,405334016,EleutherAI/pythia-410m,step8,seed6,6,8
They liked the marinated lamb.,They liked the friendly lamb.,lamb,lamb,Different Sense,0.04260134696960449,2,3.0,7,6,1,405334016,EleutherAI/pythia-410m,step8,seed6,6,8
They liked the marinated lamb.,They liked the friendly lamb.,lamb,lamb,Different Sense,0.048706889152526855,3,3.0,7,6,1,405334016,EleutherAI/pythia-410m,step8,seed6,6,8
They liked the marinated lamb.,They liked the friendly lamb.,lamb,lamb,Different Sense,0.04938453435897827,4,3.0,7,6,1,405334016,EleutherAI/pythia-410m,step8,seed6,6,8
They liked the marinated lamb.,They liked the friendly lamb.,lamb,lamb,Different Sense,0.05108219385147095,5,3.0,7,6,1,405334016,EleutherAI/pythia-410m,step8,seed6,6,8
They liked the marinated lamb.,They liked the friendly lamb.,lamb,lamb,Different Sense,0.049379587173461914,6,3.0,7,6,1,405334016,EleutherAI/pythia-410m,step8,seed6,6,8
They liked the marinated lamb.,They liked the friendly lamb.,lamb,lamb,Different Sense,0.04921424388885498,7,3.0,7,6,1,405334016,EleutherAI/pythia-410m,step8,seed6,6,8
They liked the marinated lamb.,They liked the friendly lamb.,lamb,lamb,Different Sense,0.04919123649597168,8,3.0,7,6,1,405334016,EleutherAI/pythia-410m,step8,seed6,6,8
They liked the marinated lamb.,They liked the friendly lamb.,lamb,lamb,Different Sense,0.048287928104400635,9,3.0,7,6,1,405334016,EleutherAI/pythia-410m,step8,seed6,6,8
They liked the marinated lamb.,They liked the friendly lamb.,lamb,lamb,Different Sense,0.047899723052978516,10,3.0,7,6,1,405334016,EleutherAI/pythia-410m,step8,seed6,6,8
They liked the marinated lamb.,They liked the friendly lamb.,lamb,lamb,Different Sense,0.04828733205795288,11,3.0,7,6,1,405334016,EleutherAI/pythia-410m,step8,seed6,6,8
They liked the marinated lamb.,They liked the friendly lamb.,lamb,lamb,Different Sense,0.04828000068664551,12,3.0,7,6,1,405334016,EleutherAI/pythia-410m,step8,seed6,6,8
They liked the marinated lamb.,They liked the friendly lamb.,lamb,lamb,Different Sense,0.04553711414337158,13,3.0,7,6,1,405334016,EleutherAI/pythia-410m,step8,seed6,6,8
They liked the marinated lamb.,They liked the friendly lamb.,lamb,lamb,Different Sense,0.043583452701568604,14,3.0,7,6,1,405334016,EleutherAI/pythia-410m,step8,seed6,6,8
They liked the marinated lamb.,They liked the friendly lamb.,lamb,lamb,Different Sense,0.04315751791000366,15,3.0,7,6,1,405334016,EleutherAI/pythia-410m,step8,seed6,6,8
They liked the marinated lamb.,They liked the friendly lamb.,lamb,lamb,Different Sense,0.0425257682800293,16,3.0,7,6,1,405334016,EleutherAI/pythia-410m,step8,seed6,6,8
They liked the marinated lamb.,They liked the friendly lamb.,lamb,lamb,Different Sense,0.04287070035934448,17,3.0,7,6,1,405334016,EleutherAI/pythia-410m,step8,seed6,6,8
They liked the marinated lamb.,They liked the friendly lamb.,lamb,lamb,Different Sense,0.042366743087768555,18,3.0,7,6,1,405334016,EleutherAI/pythia-410m,step8,seed6,6,8
They liked the marinated lamb.,They liked the friendly lamb.,lamb,lamb,Different Sense,0.042029380798339844,19,3.0,7,6,1,405334016,EleutherAI/pythia-410m,step8,seed6,6,8
They liked the marinated lamb.,They liked the friendly lamb.,lamb,lamb,Different Sense,0.04171788692474365,20,3.0,7,6,1,405334016,EleutherAI/pythia-410m,step8,seed6,6,8
They liked the marinated lamb.,They liked the friendly lamb.,lamb,lamb,Different Sense,0.04070711135864258,21,3.0,7,6,1,405334016,EleutherAI/pythia-410m,step8,seed6,6,8
They liked the marinated lamb.,They liked the friendly lamb.,lamb,lamb,Different Sense,0.03878718614578247,22,3.0,7,6,1,405334016,EleutherAI/pythia-410m,step8,seed6,6,8
They liked the marinated lamb.,They liked the friendly lamb.,lamb,lamb,Different Sense,0.03843039274215698,23,3.0,7,6,1,405334016,EleutherAI/pythia-410m,step8,seed6,6,8
They liked the marinated lamb.,They liked the friendly lamb.,lamb,lamb,Different Sense,0.036661624908447266,24,3.0,7,6,1,405334016,EleutherAI/pythia-410m,step8,seed6,6,8
They liked the grilled lamb.,They liked the cute lamb.,lamb,lamb,Different Sense,0.0,0,3.466666667,6,6,0,405334016,EleutherAI/pythia-410m,step8,seed6,6,8
They liked the grilled lamb.,They liked the cute lamb.,lamb,lamb,Different Sense,0.02671140432357788,1,3.466666667,6,6,0,405334016,EleutherAI/pythia-410m,step8,seed6,6,8
They liked the grilled lamb.,They liked the cute lamb.,lamb,lamb,Different Sense,0.035387635231018066,2,3.466666667,6,6,0,405334016,EleutherAI/pythia-410m,step8,seed6,6,8
They liked the grilled lamb.,They liked the cute lamb.,lamb,lamb,Different Sense,0.04117661714553833,3,3.466666667,6,6,0,405334016,EleutherAI/pythia-410m,step8,seed6,6,8
They liked the grilled lamb.,They liked the cute lamb.,lamb,lamb,Different Sense,0.04236161708831787,4,3.466666667,6,6,0,405334016,EleutherAI/pythia-410m,step8,seed6,6,8
They liked the grilled lamb.,They liked the cute lamb.,lamb,lamb,Different Sense,0.04281860589981079,5,3.466666667,6,6,0,405334016,EleutherAI/pythia-410m,step8,seed6,6,8
They liked the grilled lamb.,They liked the cute lamb.,lamb,lamb,Different Sense,0.041015028953552246,6,3.466666667,6,6,0,405334016,EleutherAI/pythia-410m,step8,seed6,6,8
They liked the grilled lamb.,They liked the cute lamb.,lamb,lamb,Different Sense,0.04121297597885132,7,3.466666667,6,6,0,405334016,EleutherAI/pythia-410m,step8,seed6,6,8
They liked the grilled lamb.,They liked the cute lamb.,lamb,lamb,Different Sense,0.04082632064819336,8,3.466666667,6,6,0,405334016,EleutherAI/pythia-410m,step8,seed6,6,8
They liked the grilled lamb.,They liked the cute lamb.,lamb,lamb,Different Sense,0.04069244861602783,9,3.466666667,6,6,0,405334016,EleutherAI/pythia-410m,step8,seed6,6,8
They liked the grilled lamb.,They liked the cute lamb.,lamb,lamb,Different Sense,0.03902626037597656,10,3.466666667,6,6,0,405334016,EleutherAI/pythia-410m,step8,seed6,6,8
They liked the grilled lamb.,They liked the cute lamb.,lamb,lamb,Different Sense,0.038919925689697266,11,3.466666667,6,6,0,405334016,EleutherAI/pythia-410m,step8,seed6,6,8
They liked the grilled lamb.,They liked the cute lamb.,lamb,lamb,Different Sense,0.038581669330596924,12,3.466666667,6,6,0,405334016,EleutherAI/pythia-410m,step8,seed6,6,8
They liked the grilled lamb.,They liked the cute lamb.,lamb,lamb,Different Sense,0.03638911247253418,13,3.466666667,6,6,0,405334016,EleutherAI/pythia-410m,step8,seed6,6,8
They liked the grilled lamb.,They liked the cute lamb.,lamb,lamb,Different Sense,0.03438258171081543,14,3.466666667,6,6,0,405334016,EleutherAI/pythia-410m,step8,seed6,6,8
They liked the grilled lamb.,They liked the cute lamb.,lamb,lamb,Different Sense,0.033046603202819824,15,3.466666667,6,6,0,405334016,EleutherAI/pythia-410m,step8,seed6,6,8
They liked the grilled lamb.,They liked the cute lamb.,lamb,lamb,Different Sense,0.032797276973724365,16,3.466666667,6,6,0,405334016,EleutherAI/pythia-410m,step8,seed6,6,8
They liked the grilled lamb.,They liked the cute lamb.,lamb,lamb,Different Sense,0.0333365797996521,17,3.466666667,6,6,0,405334016,EleutherAI/pythia-410m,step8,seed6,6,8
They liked the grilled lamb.,They liked the cute lamb.,lamb,lamb,Different Sense,0.03272378444671631,18,3.466666667,6,6,0,405334016,EleutherAI/pythia-410m,step8,seed6,6,8
They liked the grilled lamb.,They liked the cute lamb.,lamb,lamb,Different Sense,0.03235560655593872,19,3.466666667,6,6,0,405334016,EleutherAI/pythia-410m,step8,seed6,6,8
They liked the grilled lamb.,They liked the cute lamb.,lamb,lamb,Different Sense,0.03290212154388428,20,3.466666667,6,6,0,405334016,EleutherAI/pythia-410m,step8,seed6,6,8
They liked the grilled lamb.,They liked the cute lamb.,lamb,lamb,Different Sense,0.032086849212646484,21,3.466666667,6,6,0,405334016,EleutherAI/pythia-410m,step8,seed6,6,8
They liked the grilled lamb.,They liked the cute lamb.,lamb,lamb,Different Sense,0.03128141164779663,22,3.466666667,6,6,0,405334016,EleutherAI/pythia-410m,step8,seed6,6,8
They liked the grilled lamb.,They liked the cute lamb.,lamb,lamb,Different Sense,0.031649231910705566,23,3.466666667,6,6,0,405334016,EleutherAI/pythia-410m,step8,seed6,6,8
They liked the grilled lamb.,They liked the cute lamb.,lamb,lamb,Different Sense,0.02992790937423706,24,3.466666667,6,6,0,405334016,EleutherAI/pythia-410m,step8,seed6,6,8
They liked the grilled lamb.,They liked the friendly lamb.,lamb,lamb,Different Sense,0.0,0,3.294117647,6,6,0,405334016,EleutherAI/pythia-410m,step8,seed6,6,8
They liked the grilled lamb.,They liked the friendly lamb.,lamb,lamb,Different Sense,0.03109532594680786,1,3.294117647,6,6,0,405334016,EleutherAI/pythia-410m,step8,seed6,6,8
They liked the grilled lamb.,They liked the friendly lamb.,lamb,lamb,Different Sense,0.041853487491607666,2,3.294117647,6,6,0,405334016,EleutherAI/pythia-410m,step8,seed6,6,8
They liked the grilled lamb.,They liked the friendly lamb.,lamb,lamb,Different Sense,0.045605361461639404,3,3.294117647,6,6,0,405334016,EleutherAI/pythia-410m,step8,seed6,6,8
They liked the grilled lamb.,They liked the friendly lamb.,lamb,lamb,Different Sense,0.04883509874343872,4,3.294117647,6,6,0,405334016,EleutherAI/pythia-410m,step8,seed6,6,8
They liked the grilled lamb.,They liked the friendly lamb.,lamb,lamb,Different Sense,0.048704445362091064,5,3.294117647,6,6,0,405334016,EleutherAI/pythia-410m,step8,seed6,6,8
They liked the grilled lamb.,They liked the friendly lamb.,lamb,lamb,Different Sense,0.047575294971466064,6,3.294117647,6,6,0,405334016,EleutherAI/pythia-410m,step8,seed6,6,8
They liked the grilled lamb.,They liked the friendly lamb.,lamb,lamb,Different Sense,0.0462031364440918,7,3.294117647,6,6,0,405334016,EleutherAI/pythia-410m,step8,seed6,6,8
They liked the grilled lamb.,They liked the friendly lamb.,lamb,lamb,Different Sense,0.045557260513305664,8,3.294117647,6,6,0,405334016,EleutherAI/pythia-410m,step8,seed6,6,8
They liked the grilled lamb.,They liked the friendly lamb.,lamb,lamb,Different Sense,0.04335165023803711,9,3.294117647,6,6,0,405334016,EleutherAI/pythia-410m,step8,seed6,6,8
They liked the grilled lamb.,They liked the friendly lamb.,lamb,lamb,Different Sense,0.04241311550140381,10,3.294117647,6,6,0,405334016,EleutherAI/pythia-410m,step8,seed6,6,8
They liked the grilled lamb.,They liked the friendly lamb.,lamb,lamb,Different Sense,0.04086899757385254,11,3.294117647,6,6,0,405334016,EleutherAI/pythia-410m,step8,seed6,6,8
They liked the grilled lamb.,They liked the friendly lamb.,lamb,lamb,Different Sense,0.04108154773712158,12,3.294117647,6,6,0,405334016,EleutherAI/pythia-410m,step8,seed6,6,8
They liked the grilled lamb.,They liked the friendly lamb.,lamb,lamb,Different Sense,0.03969365358352661,13,3.294117647,6,6,0,405334016,EleutherAI/pythia-410m,step8,seed6,6,8
They liked the grilled lamb.,They liked the friendly lamb.,lamb,lamb,Different Sense,0.03835016489028931,14,3.294117647,6,6,0,405334016,EleutherAI/pythia-410m,step8,seed6,6,8
They liked the grilled lamb.,They liked the friendly lamb.,lamb,lamb,Different Sense,0.03652691841125488,15,3.294117647,6,6,0,405334016,EleutherAI/pythia-410m,step8,seed6,6,8
They liked the grilled lamb.,They liked the friendly lamb.,lamb,lamb,Different Sense,0.035038650035858154,16,3.294117647,6,6,0,405334016,EleutherAI/pythia-410m,step8,seed6,6,8
They liked the grilled lamb.,They liked the friendly lamb.,lamb,lamb,Different Sense,0.03525698184967041,17,3.294117647,6,6,0,405334016,EleutherAI/pythia-410m,step8,seed6,6,8
They liked the grilled lamb.,They liked the friendly lamb.,lamb,lamb,Different Sense,0.03403884172439575,18,3.294117647,6,6,0,405334016,EleutherAI/pythia-410m,step8,seed6,6,8
They liked the grilled lamb.,They liked the friendly lamb.,lamb,lamb,Different Sense,0.03349184989929199,19,3.294117647,6,6,0,405334016,EleutherAI/pythia-410m,step8,seed6,6,8
They liked the grilled lamb.,They liked the friendly lamb.,lamb,lamb,Different Sense,0.033130109310150146,20,3.294117647,6,6,0,405334016,EleutherAI/pythia-410m,step8,seed6,6,8
They liked the grilled lamb.,They liked the friendly lamb.,lamb,lamb,Different Sense,0.032911479473114014,21,3.294117647,6,6,0,405334016,EleutherAI/pythia-410m,step8,seed6,6,8
They liked the grilled lamb.,They liked the friendly lamb.,lamb,lamb,Different Sense,0.03220289945602417,22,3.294117647,6,6,0,405334016,EleutherAI/pythia-410m,step8,seed6,6,8
They liked the grilled lamb.,They liked the friendly lamb.,lamb,lamb,Different Sense,0.032125115394592285,23,3.294117647,6,6,0,405334016,EleutherAI/pythia-410m,step8,seed6,6,8
They liked the grilled lamb.,They liked the friendly lamb.,lamb,lamb,Different Sense,0.030800223350524902,24,3.294117647,6,6,0,405334016,EleutherAI/pythia-410m,step8,seed6,6,8
They liked the marinated lamb.,They liked the grilled lamb.,lamb,lamb,Same Sense,0.0,0,4.0,7,6,1,405334016,EleutherAI/pythia-410m,step8,seed6,6,8
They liked the marinated lamb.,They liked the grilled lamb.,lamb,lamb,Same Sense,0.031131863594055176,1,4.0,7,6,1,405334016,EleutherAI/pythia-410m,step8,seed6,6,8
They liked the marinated lamb.,They liked the grilled lamb.,lamb,lamb,Same Sense,0.0423966646194458,2,4.0,7,6,1,405334016,EleutherAI/pythia-410m,step8,seed6,6,8
They liked the marinated lamb.,They liked the grilled lamb.,lamb,lamb,Same Sense,0.0512503981590271,3,4.0,7,6,1,405334016,EleutherAI/pythia-410m,step8,seed6,6,8
They liked the marinated lamb.,They liked the grilled lamb.,lamb,lamb,Same Sense,0.05341637134552002,4,4.0,7,6,1,405334016,EleutherAI/pythia-410m,step8,seed6,6,8
They liked the marinated lamb.,They liked the grilled lamb.,lamb,lamb,Same Sense,0.053740620613098145,5,4.0,7,6,1,405334016,EleutherAI/pythia-410m,step8,seed6,6,8
They liked the marinated lamb.,They liked the grilled lamb.,lamb,lamb,Same Sense,0.05418097972869873,6,4.0,7,6,1,405334016,EleutherAI/pythia-410m,step8,seed6,6,8
They liked the marinated lamb.,They liked the grilled lamb.,lamb,lamb,Same Sense,0.05342835187911987,7,4.0,7,6,1,405334016,EleutherAI/pythia-410m,step8,seed6,6,8
They liked the marinated lamb.,They liked the grilled lamb.,lamb,lamb,Same Sense,0.05300116539001465,8,4.0,7,6,1,405334016,EleutherAI/pythia-410m,step8,seed6,6,8
They liked the marinated lamb.,They liked the grilled lamb.,lamb,lamb,Same Sense,0.051387906074523926,9,4.0,7,6,1,405334016,EleutherAI/pythia-410m,step8,seed6,6,8
They liked the marinated lamb.,They liked the grilled lamb.,lamb,lamb,Same Sense,0.05128294229507446,10,4.0,7,6,1,405334016,EleutherAI/pythia-410m,step8,seed6,6,8
They liked the marinated lamb.,They liked the grilled lamb.,lamb,lamb,Same Sense,0.051739513874053955,11,4.0,7,6,1,405334016,EleutherAI/pythia-410m,step8,seed6,6,8
They liked the marinated lamb.,They liked the grilled lamb.,lamb,lamb,Same Sense,0.05090206861495972,12,4.0,7,6,1,405334016,EleutherAI/pythia-410m,step8,seed6,6,8
They liked the marinated lamb.,They liked the grilled lamb.,lamb,lamb,Same Sense,0.048089683055877686,13,4.0,7,6,1,405334016,EleutherAI/pythia-410m,step8,seed6,6,8
They liked the marinated lamb.,They liked the grilled lamb.,lamb,lamb,Same Sense,0.04693323373794556,14,4.0,7,6,1,405334016,EleutherAI/pythia-410m,step8,seed6,6,8
They liked the marinated lamb.,They liked the grilled lamb.,lamb,lamb,Same Sense,0.04545950889587402,15,4.0,7,6,1,405334016,EleutherAI/pythia-410m,step8,seed6,6,8
They liked the marinated lamb.,They liked the grilled lamb.,lamb,lamb,Same Sense,0.04453045129776001,16,4.0,7,6,1,405334016,EleutherAI/pythia-410m,step8,seed6,6,8
They liked the marinated lamb.,They liked the grilled lamb.,lamb,lamb,Same Sense,0.04521310329437256,17,4.0,7,6,1,405334016,EleutherAI/pythia-410m,step8,seed6,6,8
They liked the marinated lamb.,They liked the grilled lamb.,lamb,lamb,Same Sense,0.044303178787231445,18,4.0,7,6,1,405334016,EleutherAI/pythia-410m,step8,seed6,6,8
They liked the marinated lamb.,They liked the grilled lamb.,lamb,lamb,Same Sense,0.04506486654281616,19,4.0,7,6,1,405334016,EleutherAI/pythia-410m,step8,seed6,6,8
They liked the marinated lamb.,They liked the grilled lamb.,lamb,lamb,Same Sense,0.04433763027191162,20,4.0,7,6,1,405334016,EleutherAI/pythia-410m,step8,seed6,6,8
They liked the marinated lamb.,They liked the grilled lamb.,lamb,lamb,Same Sense,0.04424750804901123,21,4.0,7,6,1,405334016,EleutherAI/pythia-410m,step8,seed6,6,8
They liked the marinated lamb.,They liked the grilled lamb.,lamb,lamb,Same Sense,0.04298436641693115,22,4.0,7,6,1,405334016,EleutherAI/pythia-410m,step8,seed6,6,8
They liked the marinated lamb.,They liked the grilled lamb.,lamb,lamb,Same Sense,0.04292196035385132,23,4.0,7,6,1,405334016,EleutherAI/pythia-410m,step8,seed6,6,8
They liked the marinated lamb.,They liked the grilled lamb.,lamb,lamb,Same Sense,0.04177689552307129,24,4.0,7,6,1,405334016,EleutherAI/pythia-410m,step8,seed6,6,8
They liked the cute lamb.,They liked the friendly lamb.,lamb,lamb,Same Sense,0.0,0,3.636363636,6,6,0,405334016,EleutherAI/pythia-410m,step8,seed6,6,8
They liked the cute lamb.,They liked the friendly lamb.,lamb,lamb,Same Sense,0.0266152024269104,1,3.636363636,6,6,0,405334016,EleutherAI/pythia-410m,step8,seed6,6,8
They liked the cute lamb.,They liked the friendly lamb.,lamb,lamb,Same Sense,0.0367622971534729,2,3.636363636,6,6,0,405334016,EleutherAI/pythia-410m,step8,seed6,6,8
They liked the cute lamb.,They liked the friendly lamb.,lamb,lamb,Same Sense,0.04149198532104492,3,3.636363636,6,6,0,405334016,EleutherAI/pythia-410m,step8,seed6,6,8
They liked the cute lamb.,They liked the friendly lamb.,lamb,lamb,Same Sense,0.043167293071746826,4,3.636363636,6,6,0,405334016,EleutherAI/pythia-410m,step8,seed6,6,8
They liked the cute lamb.,They liked the friendly lamb.,lamb,lamb,Same Sense,0.04482769966125488,5,3.636363636,6,6,0,405334016,EleutherAI/pythia-410m,step8,seed6,6,8
They liked the cute lamb.,They liked the friendly lamb.,lamb,lamb,Same Sense,0.04499417543411255,6,3.636363636,6,6,0,405334016,EleutherAI/pythia-410m,step8,seed6,6,8
They liked the cute lamb.,They liked the friendly lamb.,lamb,lamb,Same Sense,0.04392290115356445,7,3.636363636,6,6,0,405334016,EleutherAI/pythia-410m,step8,seed6,6,8
They liked the cute lamb.,They liked the friendly lamb.,lamb,lamb,Same Sense,0.042581021785736084,8,3.636363636,6,6,0,405334016,EleutherAI/pythia-410m,step8,seed6,6,8
They liked the cute lamb.,They liked the friendly lamb.,lamb,lamb,Same Sense,0.04212468862533569,9,3.636363636,6,6,0,405334016,EleutherAI/pythia-410m,step8,seed6,6,8
They liked the cute lamb.,They liked the friendly lamb.,lamb,lamb,Same Sense,0.04108250141143799,10,3.636363636,6,6,0,405334016,EleutherAI/pythia-410m,step8,seed6,6,8
They liked the cute lamb.,They liked the friendly lamb.,lamb,lamb,Same Sense,0.038679659366607666,11,3.636363636,6,6,0,405334016,EleutherAI/pythia-410m,step8,seed6,6,8
They liked the cute lamb.,They liked the friendly lamb.,lamb,lamb,Same Sense,0.0383647084236145,12,3.636363636,6,6,0,405334016,EleutherAI/pythia-410m,step8,seed6,6,8
They liked the cute lamb.,They liked the friendly lamb.,lamb,lamb,Same Sense,0.03624391555786133,13,3.636363636,6,6,0,405334016,EleutherAI/pythia-410m,step8,seed6,6,8
They liked the cute lamb.,They liked the friendly lamb.,lamb,lamb,Same Sense,0.03563714027404785,14,3.636363636,6,6,0,405334016,EleutherAI/pythia-410m,step8,seed6,6,8
They liked the cute lamb.,They liked the friendly lamb.,lamb,lamb,Same Sense,0.034108757972717285,15,3.636363636,6,6,0,405334016,EleutherAI/pythia-410m,step8,seed6,6,8
They liked the cute lamb.,They liked the friendly lamb.,lamb,lamb,Same Sense,0.032521724700927734,16,3.636363636,6,6,0,405334016,EleutherAI/pythia-410m,step8,seed6,6,8
They liked the cute lamb.,They liked the friendly lamb.,lamb,lamb,Same Sense,0.03239107131958008,17,3.636363636,6,6,0,405334016,EleutherAI/pythia-410m,step8,seed6,6,8
They liked the cute lamb.,They liked the friendly lamb.,lamb,lamb,Same Sense,0.03187376260757446,18,3.636363636,6,6,0,405334016,EleutherAI/pythia-410m,step8,seed6,6,8
They liked the cute lamb.,They liked the friendly lamb.,lamb,lamb,Same Sense,0.03130584955215454,19,3.636363636,6,6,0,405334016,EleutherAI/pythia-410m,step8,seed6,6,8
They liked the cute lamb.,They liked the friendly lamb.,lamb,lamb,Same Sense,0.031266629695892334,20,3.636363636,6,6,0,405334016,EleutherAI/pythia-410m,step8,seed6,6,8
They liked the cute lamb.,They liked the friendly lamb.,lamb,lamb,Same Sense,0.02973461151123047,21,3.636363636,6,6,0,405334016,EleutherAI/pythia-410m,step8,seed6,6,8
They liked the cute lamb.,They liked the friendly lamb.,lamb,lamb,Same Sense,0.029008448123931885,22,3.636363636,6,6,0,405334016,EleutherAI/pythia-410m,step8,seed6,6,8
They liked the cute lamb.,They liked the friendly lamb.,lamb,lamb,Same Sense,0.029209792613983154,23,3.636363636,6,6,0,405334016,EleutherAI/pythia-410m,step8,seed6,6,8
They liked the cute lamb.,They liked the friendly lamb.,lamb,lamb,Same Sense,0.0282667875289917,24,3.636363636,6,6,0,405334016,EleutherAI/pythia-410m,step8,seed6,6,8
She had curly locks.,She had window locks.,lock,locks,Different Sense,0.0,0,0.0,5,5,0,405334016,EleutherAI/pythia-410m,step8,seed6,6,8
She had curly locks.,She had window locks.,lock,locks,Different Sense,0.0328102707862854,1,0.0,5,5,0,405334016,EleutherAI/pythia-410m,step8,seed6,6,8
She had curly locks.,She had window locks.,lock,locks,Different Sense,0.050117552280426025,2,0.0,5,5,0,405334016,EleutherAI/pythia-410m,step8,seed6,6,8
She had curly locks.,She had window locks.,lock,locks,Different Sense,0.056098222732543945,3,0.0,5,5,0,405334016,EleutherAI/pythia-410m,step8,seed6,6,8
She had curly locks.,She had window locks.,lock,locks,Different Sense,0.05844378471374512,4,0.0,5,5,0,405334016,EleutherAI/pythia-410m,step8,seed6,6,8
She had curly locks.,She had window locks.,lock,locks,Different Sense,0.06068003177642822,5,0.0,5,5,0,405334016,EleutherAI/pythia-410m,step8,seed6,6,8
She had curly locks.,She had window locks.,lock,locks,Different Sense,0.06133699417114258,6,0.0,5,5,0,405334016,EleutherAI/pythia-410m,step8,seed6,6,8
She had curly locks.,She had window locks.,lock,locks,Different Sense,0.06454503536224365,7,0.0,5,5,0,405334016,EleutherAI/pythia-410m,step8,seed6,6,8
She had curly locks.,She had window locks.,lock,locks,Different Sense,0.0662539005279541,8,0.0,5,5,0,405334016,EleutherAI/pythia-410m,step8,seed6,6,8
She had curly locks.,She had window locks.,lock,locks,Different Sense,0.0618976354598999,9,0.0,5,5,0,405334016,EleutherAI/pythia-410m,step8,seed6,6,8
She had curly locks.,She had window locks.,lock,locks,Different Sense,0.06448894739151001,10,0.0,5,5,0,405334016,EleutherAI/pythia-410m,step8,seed6,6,8
She had curly locks.,She had window locks.,lock,locks,Different Sense,0.06285816431045532,11,0.0,5,5,0,405334016,EleutherAI/pythia-410m,step8,seed6,6,8
She had curly locks.,She had window locks.,lock,locks,Different Sense,0.060792744159698486,12,0.0,5,5,0,405334016,EleutherAI/pythia-410m,step8,seed6,6,8
She had curly locks.,She had window locks.,lock,locks,Different Sense,0.059179067611694336,13,0.0,5,5,0,405334016,EleutherAI/pythia-410m,step8,seed6,6,8
She had curly locks.,She had window locks.,lock,locks,Different Sense,0.05841118097305298,14,0.0,5,5,0,405334016,EleutherAI/pythia-410m,step8,seed6,6,8
She had curly locks.,She had window locks.,lock,locks,Different Sense,0.05743885040283203,15,0.0,5,5,0,405334016,EleutherAI/pythia-410m,step8,seed6,6,8
She had curly locks.,She had window locks.,lock,locks,Different Sense,0.0568203330039978,16,0.0,5,5,0,405334016,EleutherAI/pythia-410m,step8,seed6,6,8
She had curly locks.,She had window locks.,lock,locks,Different Sense,0.05878537893295288,17,0.0,5,5,0,405334016,EleutherAI/pythia-410m,step8,seed6,6,8
She had curly locks.,She had window locks.,lock,locks,Different Sense,0.056714773178100586,18,0.0,5,5,0,405334016,EleutherAI/pythia-410m,step8,seed6,6,8
She had curly locks.,She had window locks.,lock,locks,Different Sense,0.05478668212890625,19,0.0,5,5,0,405334016,EleutherAI/pythia-410m,step8,seed6,6,8
She had curly locks.,She had window locks.,lock,locks,Different Sense,0.05468463897705078,20,0.0,5,5,0,405334016,EleutherAI/pythia-410m,step8,seed6,6,8
She had curly locks.,She had window locks.,lock,locks,Different Sense,0.05503857135772705,21,0.0,5,5,0,405334016,EleutherAI/pythia-410m,step8,seed6,6,8
She had curly locks.,She had window locks.,lock,locks,Different Sense,0.05249816179275513,22,0.0,5,5,0,405334016,EleutherAI/pythia-410m,step8,seed6,6,8
She had curly locks.,She had window locks.,lock,locks,Different Sense,0.05213552713394165,23,0.0,5,5,0,405334016,EleutherAI/pythia-410m,step8,seed6,6,8
She had curly locks.,She had window locks.,lock,locks,Different Sense,0.0511317253112793,24,0.0,5,5,0,405334016,EleutherAI/pythia-410m,step8,seed6,6,8
She had curly locks.,She had door locks.,lock,locks,Different Sense,0.0,0,0.0,5,5,0,405334016,EleutherAI/pythia-410m,step8,seed6,6,8
She had curly locks.,She had door locks.,lock,locks,Different Sense,0.03126746416091919,1,0.0,5,5,0,405334016,EleutherAI/pythia-410m,step8,seed6,6,8
She had curly locks.,She had door locks.,lock,locks,Different Sense,0.04687553644180298,2,0.0,5,5,0,405334016,EleutherAI/pythia-410m,step8,seed6,6,8
She had curly locks.,She had door locks.,lock,locks,Different Sense,0.05217242240905762,3,0.0,5,5,0,405334016,EleutherAI/pythia-410m,step8,seed6,6,8
She had curly locks.,She had door locks.,lock,locks,Different Sense,0.05831634998321533,4,0.0,5,5,0,405334016,EleutherAI/pythia-410m,step8,seed6,6,8
She had curly locks.,She had door locks.,lock,locks,Different Sense,0.05974090099334717,5,0.0,5,5,0,405334016,EleutherAI/pythia-410m,step8,seed6,6,8
She had curly locks.,She had door locks.,lock,locks,Different Sense,0.05752289295196533,6,0.0,5,5,0,405334016,EleutherAI/pythia-410m,step8,seed6,6,8
She had curly locks.,She had door locks.,lock,locks,Different Sense,0.058503568172454834,7,0.0,5,5,0,405334016,EleutherAI/pythia-410m,step8,seed6,6,8
She had curly locks.,She had door locks.,lock,locks,Different Sense,0.060074687004089355,8,0.0,5,5,0,405334016,EleutherAI/pythia-410m,step8,seed6,6,8
She had curly locks.,She had door locks.,lock,locks,Different Sense,0.056872665882110596,9,0.0,5,5,0,405334016,EleutherAI/pythia-410m,step8,seed6,6,8
She had curly locks.,She had door locks.,lock,locks,Different Sense,0.056361615657806396,10,0.0,5,5,0,405334016,EleutherAI/pythia-410m,step8,seed6,6,8
She had curly locks.,She had door locks.,lock,locks,Different Sense,0.055274367332458496,11,0.0,5,5,0,405334016,EleutherAI/pythia-410m,step8,seed6,6,8
She had curly locks.,She had door locks.,lock,locks,Different Sense,0.05398976802825928,12,0.0,5,5,0,405334016,EleutherAI/pythia-410m,step8,seed6,6,8
She had curly locks.,She had door locks.,lock,locks,Different Sense,0.053610801696777344,13,0.0,5,5,0,405334016,EleutherAI/pythia-410m,step8,seed6,6,8
She had curly locks.,She had door locks.,lock,locks,Different Sense,0.05256766080856323,14,0.0,5,5,0,405334016,EleutherAI/pythia-410m,step8,seed6,6,8
She had curly locks.,She had door locks.,lock,locks,Different Sense,0.052242159843444824,15,0.0,5,5,0,405334016,EleutherAI/pythia-410m,step8,seed6,6,8
She had curly locks.,She had door locks.,lock,locks,Different Sense,0.0525246262550354,16,0.0,5,5,0,405334016,EleutherAI/pythia-410m,step8,seed6,6,8
She had curly locks.,She had door locks.,lock,locks,Different Sense,0.05420464277267456,17,0.0,5,5,0,405334016,EleutherAI/pythia-410m,step8,seed6,6,8
She had curly locks.,She had door locks.,lock,locks,Different Sense,0.05153656005859375,18,0.0,5,5,0,405334016,EleutherAI/pythia-410m,step8,seed6,6,8
She had curly locks.,She had door locks.,lock,locks,Different Sense,0.04985278844833374,19,0.0,5,5,0,405334016,EleutherAI/pythia-410m,step8,seed6,6,8
She had curly locks.,She had door locks.,lock,locks,Different Sense,0.048800885677337646,20,0.0,5,5,0,405334016,EleutherAI/pythia-410m,step8,seed6,6,8
She had curly locks.,She had door locks.,lock,locks,Different Sense,0.049092888832092285,21,0.0,5,5,0,405334016,EleutherAI/pythia-410m,step8,seed6,6,8
She had curly locks.,She had door locks.,lock,locks,Different Sense,0.04686397314071655,22,0.0,5,5,0,405334016,EleutherAI/pythia-410m,step8,seed6,6,8
She had curly locks.,She had door locks.,lock,locks,Different Sense,0.046874821186065674,23,0.0,5,5,0,405334016,EleutherAI/pythia-410m,step8,seed6,6,8
She had curly locks.,She had door locks.,lock,locks,Different Sense,0.046026527881622314,24,0.0,5,5,0,405334016,EleutherAI/pythia-410m,step8,seed6,6,8
She had brown locks.,She had window locks.,lock,locks,Different Sense,0.0,0,0.210526316,5,5,0,405334016,EleutherAI/pythia-410m,step8,seed6,6,8
She had brown locks.,She had window locks.,lock,locks,Different Sense,0.02838873863220215,1,0.210526316,5,5,0,405334016,EleutherAI/pythia-410m,step8,seed6,6,8
She had brown locks.,She had window locks.,lock,locks,Different Sense,0.04091298580169678,2,0.210526316,5,5,0,405334016,EleutherAI/pythia-410m,step8,seed6,6,8
She had brown locks.,She had window locks.,lock,locks,Different Sense,0.045889854431152344,3,0.210526316,5,5,0,405334016,EleutherAI/pythia-410m,step8,seed6,6,8
She had brown locks.,She had window locks.,lock,locks,Different Sense,0.049998462200164795,4,0.210526316,5,5,0,405334016,EleutherAI/pythia-410m,step8,seed6,6,8
She had brown locks.,She had window locks.,lock,locks,Different Sense,0.05157196521759033,5,0.210526316,5,5,0,405334016,EleutherAI/pythia-410m,step8,seed6,6,8
She had brown locks.,She had window locks.,lock,locks,Different Sense,0.05284649133682251,6,0.210526316,5,5,0,405334016,EleutherAI/pythia-410m,step8,seed6,6,8
She had brown locks.,She had window locks.,lock,locks,Different Sense,0.055614590644836426,7,0.210526316,5,5,0,405334016,EleutherAI/pythia-410m,step8,seed6,6,8
She had brown locks.,She had window locks.,lock,locks,Different Sense,0.057231783866882324,8,0.210526316,5,5,0,405334016,EleutherAI/pythia-410m,step8,seed6,6,8
She had brown locks.,She had window locks.,lock,locks,Different Sense,0.056195735931396484,9,0.210526316,5,5,0,405334016,EleutherAI/pythia-410m,step8,seed6,6,8
She had brown locks.,She had window locks.,lock,locks,Different Sense,0.058134257793426514,10,0.210526316,5,5,0,405334016,EleutherAI/pythia-410m,step8,seed6,6,8
She had brown locks.,She had window locks.,lock,locks,Different Sense,0.0568772554397583,11,0.210526316,5,5,0,405334016,EleutherAI/pythia-410m,step8,seed6,6,8
She had brown locks.,She had window locks.,lock,locks,Different Sense,0.05678063631057739,12,0.210526316,5,5,0,405334016,EleutherAI/pythia-410m,step8,seed6,6,8
She had brown locks.,She had window locks.,lock,locks,Different Sense,0.05558931827545166,13,0.210526316,5,5,0,405334016,EleutherAI/pythia-410m,step8,seed6,6,8
She had brown locks.,She had window locks.,lock,locks,Different Sense,0.054895758628845215,14,0.210526316,5,5,0,405334016,EleutherAI/pythia-410m,step8,seed6,6,8
She had brown locks.,She had window locks.,lock,locks,Different Sense,0.0550571084022522,15,0.210526316,5,5,0,405334016,EleutherAI/pythia-410m,step8,seed6,6,8
She had brown locks.,She had window locks.,lock,locks,Different Sense,0.05458784103393555,16,0.210526316,5,5,0,405334016,EleutherAI/pythia-410m,step8,seed6,6,8
She had brown locks.,She had window locks.,lock,locks,Different Sense,0.055883586406707764,17,0.210526316,5,5,0,405334016,EleutherAI/pythia-410m,step8,seed6,6,8
She had brown locks.,She had window locks.,lock,locks,Different Sense,0.052794575691223145,18,0.210526316,5,5,0,405334016,EleutherAI/pythia-410m,step8,seed6,6,8
She had brown locks.,She had window locks.,lock,locks,Different Sense,0.05038559436798096,19,0.210526316,5,5,0,405334016,EleutherAI/pythia-410m,step8,seed6,6,8
She had brown locks.,She had window locks.,lock,locks,Different Sense,0.05023074150085449,20,0.210526316,5,5,0,405334016,EleutherAI/pythia-410m,step8,seed6,6,8
She had brown locks.,She had window locks.,lock,locks,Different Sense,0.05095452070236206,21,0.210526316,5,5,0,405334016,EleutherAI/pythia-410m,step8,seed6,6,8
She had brown locks.,She had window locks.,lock,locks,Different Sense,0.048428356647491455,22,0.210526316,5,5,0,405334016,EleutherAI/pythia-410m,step8,seed6,6,8
She had brown locks.,She had window locks.,lock,locks,Different Sense,0.046420514583587646,23,0.210526316,5,5,0,405334016,EleutherAI/pythia-410m,step8,seed6,6,8
She had brown locks.,She had window locks.,lock,locks,Different Sense,0.04561370611190796,24,0.210526316,5,5,0,405334016,EleutherAI/pythia-410m,step8,seed6,6,8
She had brown locks.,She had door locks.,lock,locks,Different Sense,0.0,0,0.333333333,5,5,0,405334016,EleutherAI/pythia-410m,step8,seed6,6,8
She had brown locks.,She had door locks.,lock,locks,Different Sense,0.0316314697265625,1,0.333333333,5,5,0,405334016,EleutherAI/pythia-410m,step8,seed6,6,8
She had brown locks.,She had door locks.,lock,locks,Different Sense,0.04645413160324097,2,0.333333333,5,5,0,405334016,EleutherAI/pythia-410m,step8,seed6,6,8
She had brown locks.,She had door locks.,lock,locks,Different Sense,0.052813947200775146,3,0.333333333,5,5,0,405334016,EleutherAI/pythia-410m,step8,seed6,6,8
She had brown locks.,She had door locks.,lock,locks,Different Sense,0.05812627077102661,4,0.333333333,5,5,0,405334016,EleutherAI/pythia-410m,step8,seed6,6,8
She had brown locks.,She had door locks.,lock,locks,Different Sense,0.05794334411621094,5,0.333333333,5,5,0,405334016,EleutherAI/pythia-410m,step8,seed6,6,8
She had brown locks.,She had door locks.,lock,locks,Different Sense,0.056947290897369385,6,0.333333333,5,5,0,405334016,EleutherAI/pythia-410m,step8,seed6,6,8
She had brown locks.,She had door locks.,lock,locks,Different Sense,0.056999146938323975,7,0.333333333,5,5,0,405334016,EleutherAI/pythia-410m,step8,seed6,6,8
She had brown locks.,She had door locks.,lock,locks,Different Sense,0.05901449918746948,8,0.333333333,5,5,0,405334016,EleutherAI/pythia-410m,step8,seed6,6,8
She had brown locks.,She had door locks.,lock,locks,Different Sense,0.057320475578308105,9,0.333333333,5,5,0,405334016,EleutherAI/pythia-410m,step8,seed6,6,8
She had brown locks.,She had door locks.,lock,locks,Different Sense,0.05945354700088501,10,0.333333333,5,5,0,405334016,EleutherAI/pythia-410m,step8,seed6,6,8
She had brown locks.,She had door locks.,lock,locks,Different Sense,0.05837136507034302,11,0.333333333,5,5,0,405334016,EleutherAI/pythia-410m,step8,seed6,6,8
She had brown locks.,She had door locks.,lock,locks,Different Sense,0.05787074565887451,12,0.333333333,5,5,0,405334016,EleutherAI/pythia-410m,step8,seed6,6,8
She had brown locks.,She had door locks.,lock,locks,Different Sense,0.05604064464569092,13,0.333333333,5,5,0,405334016,EleutherAI/pythia-410m,step8,seed6,6,8
She had brown locks.,She had door locks.,lock,locks,Different Sense,0.05582070350646973,14,0.333333333,5,5,0,405334016,EleutherAI/pythia-410m,step8,seed6,6,8
She had brown locks.,She had door locks.,lock,locks,Different Sense,0.05432683229446411,15,0.333333333,5,5,0,405334016,EleutherAI/pythia-410m,step8,seed6,6,8
She had brown locks.,She had door locks.,lock,locks,Different Sense,0.054312825202941895,16,0.333333333,5,5,0,405334016,EleutherAI/pythia-410m,step8,seed6,6,8
She had brown locks.,She had door locks.,lock,locks,Different Sense,0.055085957050323486,17,0.333333333,5,5,0,405334016,EleutherAI/pythia-410m,step8,seed6,6,8
She had brown locks.,She had door locks.,lock,locks,Different Sense,0.052603840827941895,18,0.333333333,5,5,0,405334016,EleutherAI/pythia-410m,step8,seed6,6,8
She had brown locks.,She had door locks.,lock,locks,Different Sense,0.050324976444244385,19,0.333333333,5,5,0,405334016,EleutherAI/pythia-410m,step8,seed6,6,8
She had brown locks.,She had door locks.,lock,locks,Different Sense,0.05038529634475708,20,0.333333333,5,5,0,405334016,EleutherAI/pythia-410m,step8,seed6,6,8
She had brown locks.,She had door locks.,lock,locks,Different Sense,0.05030268430709839,21,0.333333333,5,5,0,405334016,EleutherAI/pythia-410m,step8,seed6,6,8
She had brown locks.,She had door locks.,lock,locks,Different Sense,0.04759615659713745,22,0.333333333,5,5,0,405334016,EleutherAI/pythia-410m,step8,seed6,6,8
She had brown locks.,She had door locks.,lock,locks,Different Sense,0.04630547761917114,23,0.333333333,5,5,0,405334016,EleutherAI/pythia-410m,step8,seed6,6,8
She had brown locks.,She had door locks.,lock,locks,Different Sense,0.045334577560424805,24,0.333333333,5,5,0,405334016,EleutherAI/pythia-410m,step8,seed6,6,8
She had curly locks.,She had brown locks.,lock,locks,Same Sense,0.0,0,3.785714286,5,5,0,405334016,EleutherAI/pythia-410m,step8,seed6,6,8
She had curly locks.,She had brown locks.,lock,locks,Same Sense,0.032321155071258545,1,3.785714286,5,5,0,405334016,EleutherAI/pythia-410m,step8,seed6,6,8
She had curly locks.,She had brown locks.,lock,locks,Same Sense,0.045165419578552246,2,3.785714286,5,5,0,405334016,EleutherAI/pythia-410m,step8,seed6,6,8
She had curly locks.,She had brown locks.,lock,locks,Same Sense,0.04938226938247681,3,3.785714286,5,5,0,405334016,EleutherAI/pythia-410m,step8,seed6,6,8
She had curly locks.,She had brown locks.,lock,locks,Same Sense,0.0538177490234375,4,3.785714286,5,5,0,405334016,EleutherAI/pythia-410m,step8,seed6,6,8
She had curly locks.,She had brown locks.,lock,locks,Same Sense,0.054023146629333496,5,3.785714286,5,5,0,405334016,EleutherAI/pythia-410m,step8,seed6,6,8
She had curly locks.,She had brown locks.,lock,locks,Same Sense,0.053637146949768066,6,3.785714286,5,5,0,405334016,EleutherAI/pythia-410m,step8,seed6,6,8
She had curly locks.,She had brown locks.,lock,locks,Same Sense,0.055749356746673584,7,3.785714286,5,5,0,405334016,EleutherAI/pythia-410m,step8,seed6,6,8
She had curly locks.,She had brown locks.,lock,locks,Same Sense,0.05708420276641846,8,3.785714286,5,5,0,405334016,EleutherAI/pythia-410m,step8,seed6,6,8
She had curly locks.,She had brown locks.,lock,locks,Same Sense,0.05569833517074585,9,3.785714286,5,5,0,405334016,EleutherAI/pythia-410m,step8,seed6,6,8
She had curly locks.,She had brown locks.,lock,locks,Same Sense,0.05441063642501831,10,3.785714286,5,5,0,405334016,EleutherAI/pythia-410m,step8,seed6,6,8
She had curly locks.,She had brown locks.,lock,locks,Same Sense,0.05409526824951172,11,3.785714286,5,5,0,405334016,EleutherAI/pythia-410m,step8,seed6,6,8
She had curly locks.,She had brown locks.,lock,locks,Same Sense,0.052696287631988525,12,3.785714286,5,5,0,405334016,EleutherAI/pythia-410m,step8,seed6,6,8
She had curly locks.,She had brown locks.,lock,locks,Same Sense,0.0525323748588562,13,3.785714286,5,5,0,405334016,EleutherAI/pythia-410m,step8,seed6,6,8
She had curly locks.,She had brown locks.,lock,locks,Same Sense,0.05165451765060425,14,3.785714286,5,5,0,405334016,EleutherAI/pythia-410m,step8,seed6,6,8
She had curly locks.,She had brown locks.,lock,locks,Same Sense,0.05172008275985718,15,3.785714286,5,5,0,405334016,EleutherAI/pythia-410m,step8,seed6,6,8
She had curly locks.,She had brown locks.,lock,locks,Same Sense,0.05222368240356445,16,3.785714286,5,5,0,405334016,EleutherAI/pythia-410m,step8,seed6,6,8
She had curly locks.,She had brown locks.,lock,locks,Same Sense,0.05312907695770264,17,3.785714286,5,5,0,405334016,EleutherAI/pythia-410m,step8,seed6,6,8
She had curly locks.,She had brown locks.,lock,locks,Same Sense,0.05112147331237793,18,3.785714286,5,5,0,405334016,EleutherAI/pythia-410m,step8,seed6,6,8
She had curly locks.,She had brown locks.,lock,locks,Same Sense,0.05118972063064575,19,3.785714286,5,5,0,405334016,EleutherAI/pythia-410m,step8,seed6,6,8
She had curly locks.,She had brown locks.,lock,locks,Same Sense,0.050678789615631104,20,3.785714286,5,5,0,405334016,EleutherAI/pythia-410m,step8,seed6,6,8
She had curly locks.,She had brown locks.,lock,locks,Same Sense,0.05161082744598389,21,3.785714286,5,5,0,405334016,EleutherAI/pythia-410m,step8,seed6,6,8
She had curly locks.,She had brown locks.,lock,locks,Same Sense,0.04967266321182251,22,3.785714286,5,5,0,405334016,EleutherAI/pythia-410m,step8,seed6,6,8
She had curly locks.,She had brown locks.,lock,locks,Same Sense,0.04772549867630005,23,3.785714286,5,5,0,405334016,EleutherAI/pythia-410m,step8,seed6,6,8
She had curly locks.,She had brown locks.,lock,locks,Same Sense,0.04669630527496338,24,3.785714286,5,5,0,405334016,EleutherAI/pythia-410m,step8,seed6,6,8
She had window locks.,She had door locks.,lock,locks,Same Sense,0.0,0,3.555555556,5,5,0,405334016,EleutherAI/pythia-410m,step8,seed6,6,8
She had window locks.,She had door locks.,lock,locks,Same Sense,0.026612401008605957,1,3.555555556,5,5,0,405334016,EleutherAI/pythia-410m,step8,seed6,6,8
She had window locks.,She had door locks.,lock,locks,Same Sense,0.04144555330276489,2,3.555555556,5,5,0,405334016,EleutherAI/pythia-410m,step8,seed6,6,8
She had window locks.,She had door locks.,lock,locks,Same Sense,0.048407912254333496,3,3.555555556,5,5,0,405334016,EleutherAI/pythia-410m,step8,seed6,6,8
She had window locks.,She had door locks.,lock,locks,Same Sense,0.052712857723236084,4,3.555555556,5,5,0,405334016,EleutherAI/pythia-410m,step8,seed6,6,8
She had window locks.,She had door locks.,lock,locks,Same Sense,0.054127514362335205,5,3.555555556,5,5,0,405334016,EleutherAI/pythia-410m,step8,seed6,6,8
She had window locks.,She had door locks.,lock,locks,Same Sense,0.05290257930755615,6,3.555555556,5,5,0,405334016,EleutherAI/pythia-410m,step8,seed6,6,8
She had window locks.,She had door locks.,lock,locks,Same Sense,0.053091228008270264,7,3.555555556,5,5,0,405334016,EleutherAI/pythia-410m,step8,seed6,6,8
She had window locks.,She had door locks.,lock,locks,Same Sense,0.053207576274871826,8,3.555555556,5,5,0,405334016,EleutherAI/pythia-410m,step8,seed6,6,8
She had window locks.,She had door locks.,lock,locks,Same Sense,0.05070483684539795,9,3.555555556,5,5,0,405334016,EleutherAI/pythia-410m,step8,seed6,6,8
She had window locks.,She had door locks.,lock,locks,Same Sense,0.05298507213592529,10,3.555555556,5,5,0,405334016,EleutherAI/pythia-410m,step8,seed6,6,8
She had window locks.,She had door locks.,lock,locks,Same Sense,0.05297809839248657,11,3.555555556,5,5,0,405334016,EleutherAI/pythia-410m,step8,seed6,6,8
She had window locks.,She had door locks.,lock,locks,Same Sense,0.05186927318572998,12,3.555555556,5,5,0,405334016,EleutherAI/pythia-410m,step8,seed6,6,8
She had window locks.,She had door locks.,lock,locks,Same Sense,0.04995870590209961,13,3.555555556,5,5,0,405334016,EleutherAI/pythia-410m,step8,seed6,6,8
She had window locks.,She had door locks.,lock,locks,Same Sense,0.047664523124694824,14,3.555555556,5,5,0,405334016,EleutherAI/pythia-410m,step8,seed6,6,8
She had window locks.,She had door locks.,lock,locks,Same Sense,0.04767328500747681,15,3.555555556,5,5,0,405334016,EleutherAI/pythia-410m,step8,seed6,6,8
She had window locks.,She had door locks.,lock,locks,Same Sense,0.04716646671295166,16,3.555555556,5,5,0,405334016,EleutherAI/pythia-410m,step8,seed6,6,8
She had window locks.,She had door locks.,lock,locks,Same Sense,0.04950982332229614,17,3.555555556,5,5,0,405334016,EleutherAI/pythia-410m,step8,seed6,6,8
She had window locks.,She had door locks.,lock,locks,Same Sense,0.04794466495513916,18,3.555555556,5,5,0,405334016,EleutherAI/pythia-410m,step8,seed6,6,8
She had window locks.,She had door locks.,lock,locks,Same Sense,0.04656428098678589,19,3.555555556,5,5,0,405334016,EleutherAI/pythia-410m,step8,seed6,6,8
She had window locks.,She had door locks.,lock,locks,Same Sense,0.046374499797821045,20,3.555555556,5,5,0,405334016,EleutherAI/pythia-410m,step8,seed6,6,8
She had window locks.,She had door locks.,lock,locks,Same Sense,0.047070324420928955,21,3.555555556,5,5,0,405334016,EleutherAI/pythia-410m,step8,seed6,6,8
She had window locks.,She had door locks.,lock,locks,Same Sense,0.04431796073913574,22,3.555555556,5,5,0,405334016,EleutherAI/pythia-410m,step8,seed6,6,8
She had window locks.,She had door locks.,lock,locks,Same Sense,0.04405093193054199,23,3.555555556,5,5,0,405334016,EleutherAI/pythia-410m,step8,seed6,6,8
She had window locks.,She had door locks.,lock,locks,Same Sense,0.04380565881729126,24,3.555555556,5,5,0,405334016,EleutherAI/pythia-410m,step8,seed6,6,8
They liked the hot lunch.,They liked the afternoon lunch.,lunch,lunch,Different Sense,0.0,0,3.785714286,6,6,0,405334016,EleutherAI/pythia-410m,step8,seed6,6,8
They liked the hot lunch.,They liked the afternoon lunch.,lunch,lunch,Different Sense,0.022317707538604736,1,3.785714286,6,6,0,405334016,EleutherAI/pythia-410m,step8,seed6,6,8
They liked the hot lunch.,They liked the afternoon lunch.,lunch,lunch,Different Sense,0.028633058071136475,2,3.785714286,6,6,0,405334016,EleutherAI/pythia-410m,step8,seed6,6,8
They liked the hot lunch.,They liked the afternoon lunch.,lunch,lunch,Different Sense,0.03289985656738281,3,3.785714286,6,6,0,405334016,EleutherAI/pythia-410m,step8,seed6,6,8
They liked the hot lunch.,They liked the afternoon lunch.,lunch,lunch,Different Sense,0.03512293100357056,4,3.785714286,6,6,0,405334016,EleutherAI/pythia-410m,step8,seed6,6,8
They liked the hot lunch.,They liked the afternoon lunch.,lunch,lunch,Different Sense,0.03553342819213867,5,3.785714286,6,6,0,405334016,EleutherAI/pythia-410m,step8,seed6,6,8
They liked the hot lunch.,They liked the afternoon lunch.,lunch,lunch,Different Sense,0.039166390895843506,6,3.785714286,6,6,0,405334016,EleutherAI/pythia-410m,step8,seed6,6,8
They liked the hot lunch.,They liked the afternoon lunch.,lunch,lunch,Different Sense,0.03807622194290161,7,3.785714286,6,6,0,405334016,EleutherAI/pythia-410m,step8,seed6,6,8
They liked the hot lunch.,They liked the afternoon lunch.,lunch,lunch,Different Sense,0.03798133134841919,8,3.785714286,6,6,0,405334016,EleutherAI/pythia-410m,step8,seed6,6,8
They liked the hot lunch.,They liked the afternoon lunch.,lunch,lunch,Different Sense,0.03654122352600098,9,3.785714286,6,6,0,405334016,EleutherAI/pythia-410m,step8,seed6,6,8
They liked the hot lunch.,They liked the afternoon lunch.,lunch,lunch,Different Sense,0.03808557987213135,10,3.785714286,6,6,0,405334016,EleutherAI/pythia-410m,step8,seed6,6,8
They liked the hot lunch.,They liked the afternoon lunch.,lunch,lunch,Different Sense,0.03800070285797119,11,3.785714286,6,6,0,405334016,EleutherAI/pythia-410m,step8,seed6,6,8
They liked the hot lunch.,They liked the afternoon lunch.,lunch,lunch,Different Sense,0.03652149438858032,12,3.785714286,6,6,0,405334016,EleutherAI/pythia-410m,step8,seed6,6,8
They liked the hot lunch.,They liked the afternoon lunch.,lunch,lunch,Different Sense,0.03594529628753662,13,3.785714286,6,6,0,405334016,EleutherAI/pythia-410m,step8,seed6,6,8
They liked the hot lunch.,They liked the afternoon lunch.,lunch,lunch,Different Sense,0.037381887435913086,14,3.785714286,6,6,0,405334016,EleutherAI/pythia-410m,step8,seed6,6,8
They liked the hot lunch.,They liked the afternoon lunch.,lunch,lunch,Different Sense,0.036860883235931396,15,3.785714286,6,6,0,405334016,EleutherAI/pythia-410m,step8,seed6,6,8
They liked the hot lunch.,They liked the afternoon lunch.,lunch,lunch,Different Sense,0.03714698553085327,16,3.785714286,6,6,0,405334016,EleutherAI/pythia-410m,step8,seed6,6,8
They liked the hot lunch.,They liked the afternoon lunch.,lunch,lunch,Different Sense,0.036605119705200195,17,3.785714286,6,6,0,405334016,EleutherAI/pythia-410m,step8,seed6,6,8
They liked the hot lunch.,They liked the afternoon lunch.,lunch,lunch,Different Sense,0.03508782386779785,18,3.785714286,6,6,0,405334016,EleutherAI/pythia-410m,step8,seed6,6,8
They liked the hot lunch.,They liked the afternoon lunch.,lunch,lunch,Different Sense,0.03513675928115845,19,3.785714286,6,6,0,405334016,EleutherAI/pythia-410m,step8,seed6,6,8
They liked the hot lunch.,They liked the afternoon lunch.,lunch,lunch,Different Sense,0.03503143787384033,20,3.785714286,6,6,0,405334016,EleutherAI/pythia-410m,step8,seed6,6,8
They liked the hot lunch.,They liked the afternoon lunch.,lunch,lunch,Different Sense,0.03516948223114014,21,3.785714286,6,6,0,405334016,EleutherAI/pythia-410m,step8,seed6,6,8
They liked the hot lunch.,They liked the afternoon lunch.,lunch,lunch,Different Sense,0.03530937433242798,22,3.785714286,6,6,0,405334016,EleutherAI/pythia-410m,step8,seed6,6,8
They liked the hot lunch.,They liked the afternoon lunch.,lunch,lunch,Different Sense,0.035268306732177734,23,3.785714286,6,6,0,405334016,EleutherAI/pythia-410m,step8,seed6,6,8
They liked the hot lunch.,They liked the afternoon lunch.,lunch,lunch,Different Sense,0.03416067361831665,24,3.785714286,6,6,0,405334016,EleutherAI/pythia-410m,step8,seed6,6,8
They liked the hot lunch.,They liked the women's lunch.,lunch,lunch,Different Sense,0.0,0,3.388888889,6,7,1,405334016,EleutherAI/pythia-410m,step8,seed6,6,8
They liked the hot lunch.,They liked the women's lunch.,lunch,lunch,Different Sense,0.03842806816101074,1,3.388888889,6,7,1,405334016,EleutherAI/pythia-410m,step8,seed6,6,8
They liked the hot lunch.,They liked the women's lunch.,lunch,lunch,Different Sense,0.04563498497009277,2,3.388888889,6,7,1,405334016,EleutherAI/pythia-410m,step8,seed6,6,8
They liked the hot lunch.,They liked the women's lunch.,lunch,lunch,Different Sense,0.05055117607116699,3,3.388888889,6,7,1,405334016,EleutherAI/pythia-410m,step8,seed6,6,8
They liked the hot lunch.,They liked the women's lunch.,lunch,lunch,Different Sense,0.05285084247589111,4,3.388888889,6,7,1,405334016,EleutherAI/pythia-410m,step8,seed6,6,8
They liked the hot lunch.,They liked the women's lunch.,lunch,lunch,Different Sense,0.05765265226364136,5,3.388888889,6,7,1,405334016,EleutherAI/pythia-410m,step8,seed6,6,8
They liked the hot lunch.,They liked the women's lunch.,lunch,lunch,Different Sense,0.05767756700515747,6,3.388888889,6,7,1,405334016,EleutherAI/pythia-410m,step8,seed6,6,8
They liked the hot lunch.,They liked the women's lunch.,lunch,lunch,Different Sense,0.057338714599609375,7,3.388888889,6,7,1,405334016,EleutherAI/pythia-410m,step8,seed6,6,8
They liked the hot lunch.,They liked the women's lunch.,lunch,lunch,Different Sense,0.057414233684539795,8,3.388888889,6,7,1,405334016,EleutherAI/pythia-410m,step8,seed6,6,8
They liked the hot lunch.,They liked the women's lunch.,lunch,lunch,Different Sense,0.0551609992980957,9,3.388888889,6,7,1,405334016,EleutherAI/pythia-410m,step8,seed6,6,8
They liked the hot lunch.,They liked the women's lunch.,lunch,lunch,Different Sense,0.056232333183288574,10,3.388888889,6,7,1,405334016,EleutherAI/pythia-410m,step8,seed6,6,8
They liked the hot lunch.,They liked the women's lunch.,lunch,lunch,Different Sense,0.05605435371398926,11,3.388888889,6,7,1,405334016,EleutherAI/pythia-410m,step8,seed6,6,8
They liked the hot lunch.,They liked the women's lunch.,lunch,lunch,Different Sense,0.05580401420593262,12,3.388888889,6,7,1,405334016,EleutherAI/pythia-410m,step8,seed6,6,8
They liked the hot lunch.,They liked the women's lunch.,lunch,lunch,Different Sense,0.0549161434173584,13,3.388888889,6,7,1,405334016,EleutherAI/pythia-410m,step8,seed6,6,8
They liked the hot lunch.,They liked the women's lunch.,lunch,lunch,Different Sense,0.05856603384017944,14,3.388888889,6,7,1,405334016,EleutherAI/pythia-410m,step8,seed6,6,8
They liked the hot lunch.,They liked the women's lunch.,lunch,lunch,Different Sense,0.05840712785720825,15,3.388888889,6,7,1,405334016,EleutherAI/pythia-410m,step8,seed6,6,8
They liked the hot lunch.,They liked the women's lunch.,lunch,lunch,Different Sense,0.05681800842285156,16,3.388888889,6,7,1,405334016,EleutherAI/pythia-410m,step8,seed6,6,8
They liked the hot lunch.,They liked the women's lunch.,lunch,lunch,Different Sense,0.05465811491012573,17,3.388888889,6,7,1,405334016,EleutherAI/pythia-410m,step8,seed6,6,8
They liked the hot lunch.,They liked the women's lunch.,lunch,lunch,Different Sense,0.05225902795791626,18,3.388888889,6,7,1,405334016,EleutherAI/pythia-410m,step8,seed6,6,8
They liked the hot lunch.,They liked the women's lunch.,lunch,lunch,Different Sense,0.05082803964614868,19,3.388888889,6,7,1,405334016,EleutherAI/pythia-410m,step8,seed6,6,8
They liked the hot lunch.,They liked the women's lunch.,lunch,lunch,Different Sense,0.05052471160888672,20,3.388888889,6,7,1,405334016,EleutherAI/pythia-410m,step8,seed6,6,8
They liked the hot lunch.,They liked the women's lunch.,lunch,lunch,Different Sense,0.04936748743057251,21,3.388888889,6,7,1,405334016,EleutherAI/pythia-410m,step8,seed6,6,8
They liked the hot lunch.,They liked the women's lunch.,lunch,lunch,Different Sense,0.04828751087188721,22,3.388888889,6,7,1,405334016,EleutherAI/pythia-410m,step8,seed6,6,8
They liked the hot lunch.,They liked the women's lunch.,lunch,lunch,Different Sense,0.047057151794433594,23,3.388888889,6,7,1,405334016,EleutherAI/pythia-410m,step8,seed6,6,8
They liked the hot lunch.,They liked the women's lunch.,lunch,lunch,Different Sense,0.04565083980560303,24,3.388888889,6,7,1,405334016,EleutherAI/pythia-410m,step8,seed6,6,8
They liked the sandwich lunch.,They liked the afternoon lunch.,lunch,lunch,Different Sense,0.0,0,3.857142857,6,6,0,405334016,EleutherAI/pythia-410m,step8,seed6,6,8
They liked the sandwich lunch.,They liked the afternoon lunch.,lunch,lunch,Different Sense,0.023755133152008057,1,3.857142857,6,6,0,405334016,EleutherAI/pythia-410m,step8,seed6,6,8
They liked the sandwich lunch.,They liked the afternoon lunch.,lunch,lunch,Different Sense,0.03276419639587402,2,3.857142857,6,6,0,405334016,EleutherAI/pythia-410m,step8,seed6,6,8
They liked the sandwich lunch.,They liked the afternoon lunch.,lunch,lunch,Different Sense,0.037622153759002686,3,3.857142857,6,6,0,405334016,EleutherAI/pythia-410m,step8,seed6,6,8
They liked the sandwich lunch.,They liked the afternoon lunch.,lunch,lunch,Different Sense,0.03627997636795044,4,3.857142857,6,6,0,405334016,EleutherAI/pythia-410m,step8,seed6,6,8
They liked the sandwich lunch.,They liked the afternoon lunch.,lunch,lunch,Different Sense,0.03698444366455078,5,3.857142857,6,6,0,405334016,EleutherAI/pythia-410m,step8,seed6,6,8
They liked the sandwich lunch.,They liked the afternoon lunch.,lunch,lunch,Different Sense,0.03704237937927246,6,3.857142857,6,6,0,405334016,EleutherAI/pythia-410m,step8,seed6,6,8
They liked the sandwich lunch.,They liked the afternoon lunch.,lunch,lunch,Different Sense,0.03749305009841919,7,3.857142857,6,6,0,405334016,EleutherAI/pythia-410m,step8,seed6,6,8
They liked the sandwich lunch.,They liked the afternoon lunch.,lunch,lunch,Different Sense,0.036898672580718994,8,3.857142857,6,6,0,405334016,EleutherAI/pythia-410m,step8,seed6,6,8
They liked the sandwich lunch.,They liked the afternoon lunch.,lunch,lunch,Different Sense,0.035751938819885254,9,3.857142857,6,6,0,405334016,EleutherAI/pythia-410m,step8,seed6,6,8
They liked the sandwich lunch.,They liked the afternoon lunch.,lunch,lunch,Different Sense,0.03659433126449585,10,3.857142857,6,6,0,405334016,EleutherAI/pythia-410m,step8,seed6,6,8
They liked the sandwich lunch.,They liked the afternoon lunch.,lunch,lunch,Different Sense,0.03732937574386597,11,3.857142857,6,6,0,405334016,EleutherAI/pythia-410m,step8,seed6,6,8
They liked the sandwich lunch.,They liked the afternoon lunch.,lunch,lunch,Different Sense,0.03623396158218384,12,3.857142857,6,6,0,405334016,EleutherAI/pythia-410m,step8,seed6,6,8
They liked the sandwich lunch.,They liked the afternoon lunch.,lunch,lunch,Different Sense,0.03581637144088745,13,3.857142857,6,6,0,405334016,EleutherAI/pythia-410m,step8,seed6,6,8
They liked the sandwich lunch.,They liked the afternoon lunch.,lunch,lunch,Different Sense,0.035812973976135254,14,3.857142857,6,6,0,405334016,EleutherAI/pythia-410m,step8,seed6,6,8
They liked the sandwich lunch.,They liked the afternoon lunch.,lunch,lunch,Different Sense,0.03620678186416626,15,3.857142857,6,6,0,405334016,EleutherAI/pythia-410m,step8,seed6,6,8
They liked the sandwich lunch.,They liked the afternoon lunch.,lunch,lunch,Different Sense,0.03498721122741699,16,3.857142857,6,6,0,405334016,EleutherAI/pythia-410m,step8,seed6,6,8
They liked the sandwich lunch.,They liked the afternoon lunch.,lunch,lunch,Different Sense,0.034740447998046875,17,3.857142857,6,6,0,405334016,EleutherAI/pythia-410m,step8,seed6,6,8
They liked the sandwich lunch.,They liked the afternoon lunch.,lunch,lunch,Different Sense,0.033665359020233154,18,3.857142857,6,6,0,405334016,EleutherAI/pythia-410m,step8,seed6,6,8
They liked the sandwich lunch.,They liked the afternoon lunch.,lunch,lunch,Different Sense,0.03425353765487671,19,3.857142857,6,6,0,405334016,EleutherAI/pythia-410m,step8,seed6,6,8
They liked the sandwich lunch.,They liked the afternoon lunch.,lunch,lunch,Different Sense,0.03444802761077881,20,3.857142857,6,6,0,405334016,EleutherAI/pythia-410m,step8,seed6,6,8
They liked the sandwich lunch.,They liked the afternoon lunch.,lunch,lunch,Different Sense,0.033876001834869385,21,3.857142857,6,6,0,405334016,EleutherAI/pythia-410m,step8,seed6,6,8
They liked the sandwich lunch.,They liked the afternoon lunch.,lunch,lunch,Different Sense,0.03342992067337036,22,3.857142857,6,6,0,405334016,EleutherAI/pythia-410m,step8,seed6,6,8
They liked the sandwich lunch.,They liked the afternoon lunch.,lunch,lunch,Different Sense,0.033461153507232666,23,3.857142857,6,6,0,405334016,EleutherAI/pythia-410m,step8,seed6,6,8
They liked the sandwich lunch.,They liked the afternoon lunch.,lunch,lunch,Different Sense,0.033439576625823975,24,3.857142857,6,6,0,405334016,EleutherAI/pythia-410m,step8,seed6,6,8
They liked the sandwich lunch.,They liked the women's lunch.,lunch,lunch,Different Sense,0.0,0,3.583333333,6,7,1,405334016,EleutherAI/pythia-410m,step8,seed6,6,8
They liked the sandwich lunch.,They liked the women's lunch.,lunch,lunch,Different Sense,0.034041762351989746,1,3.583333333,6,7,1,405334016,EleutherAI/pythia-410m,step8,seed6,6,8
They liked the sandwich lunch.,They liked the women's lunch.,lunch,lunch,Different Sense,0.041894614696502686,2,3.583333333,6,7,1,405334016,EleutherAI/pythia-410m,step8,seed6,6,8
They liked the sandwich lunch.,They liked the women's lunch.,lunch,lunch,Different Sense,0.04670131206512451,3,3.583333333,6,7,1,405334016,EleutherAI/pythia-410m,step8,seed6,6,8
They liked the sandwich lunch.,They liked the women's lunch.,lunch,lunch,Different Sense,0.05013167858123779,4,3.583333333,6,7,1,405334016,EleutherAI/pythia-410m,step8,seed6,6,8
They liked the sandwich lunch.,They liked the women's lunch.,lunch,lunch,Different Sense,0.056804656982421875,5,3.583333333,6,7,1,405334016,EleutherAI/pythia-410m,step8,seed6,6,8
They liked the sandwich lunch.,They liked the women's lunch.,lunch,lunch,Different Sense,0.058086514472961426,6,3.583333333,6,7,1,405334016,EleutherAI/pythia-410m,step8,seed6,6,8
They liked the sandwich lunch.,They liked the women's lunch.,lunch,lunch,Different Sense,0.05640381574630737,7,3.583333333,6,7,1,405334016,EleutherAI/pythia-410m,step8,seed6,6,8
They liked the sandwich lunch.,They liked the women's lunch.,lunch,lunch,Different Sense,0.057355642318725586,8,3.583333333,6,7,1,405334016,EleutherAI/pythia-410m,step8,seed6,6,8
They liked the sandwich lunch.,They liked the women's lunch.,lunch,lunch,Different Sense,0.054394423961639404,9,3.583333333,6,7,1,405334016,EleutherAI/pythia-410m,step8,seed6,6,8
They liked the sandwich lunch.,They liked the women's lunch.,lunch,lunch,Different Sense,0.05480945110321045,10,3.583333333,6,7,1,405334016,EleutherAI/pythia-410m,step8,seed6,6,8
They liked the sandwich lunch.,They liked the women's lunch.,lunch,lunch,Different Sense,0.05455833673477173,11,3.583333333,6,7,1,405334016,EleutherAI/pythia-410m,step8,seed6,6,8
They liked the sandwich lunch.,They liked the women's lunch.,lunch,lunch,Different Sense,0.053300678730010986,12,3.583333333,6,7,1,405334016,EleutherAI/pythia-410m,step8,seed6,6,8
They liked the sandwich lunch.,They liked the women's lunch.,lunch,lunch,Different Sense,0.051225364208221436,13,3.583333333,6,7,1,405334016,EleutherAI/pythia-410m,step8,seed6,6,8
They liked the sandwich lunch.,They liked the women's lunch.,lunch,lunch,Different Sense,0.05236786603927612,14,3.583333333,6,7,1,405334016,EleutherAI/pythia-410m,step8,seed6,6,8
They liked the sandwich lunch.,They liked the women's lunch.,lunch,lunch,Different Sense,0.052387356758117676,15,3.583333333,6,7,1,405334016,EleutherAI/pythia-410m,step8,seed6,6,8
They liked the sandwich lunch.,They liked the women's lunch.,lunch,lunch,Different Sense,0.05177587270736694,16,3.583333333,6,7,1,405334016,EleutherAI/pythia-410m,step8,seed6,6,8
They liked the sandwich lunch.,They liked the women's lunch.,lunch,lunch,Different Sense,0.05074357986450195,17,3.583333333,6,7,1,405334016,EleutherAI/pythia-410m,step8,seed6,6,8
They liked the sandwich lunch.,They liked the women's lunch.,lunch,lunch,Different Sense,0.04942190647125244,18,3.583333333,6,7,1,405334016,EleutherAI/pythia-410m,step8,seed6,6,8
They liked the sandwich lunch.,They liked the women's lunch.,lunch,lunch,Different Sense,0.050069570541381836,19,3.583333333,6,7,1,405334016,EleutherAI/pythia-410m,step8,seed6,6,8
They liked the sandwich lunch.,They liked the women's lunch.,lunch,lunch,Different Sense,0.050431787967681885,20,3.583333333,6,7,1,405334016,EleutherAI/pythia-410m,step8,seed6,6,8
They liked the sandwich lunch.,They liked the women's lunch.,lunch,lunch,Different Sense,0.049243032932281494,21,3.583333333,6,7,1,405334016,EleutherAI/pythia-410m,step8,seed6,6,8
They liked the sandwich lunch.,They liked the women's lunch.,lunch,lunch,Different Sense,0.04896509647369385,22,3.583333333,6,7,1,405334016,EleutherAI/pythia-410m,step8,seed6,6,8
They liked the sandwich lunch.,They liked the women's lunch.,lunch,lunch,Different Sense,0.04768824577331543,23,3.583333333,6,7,1,405334016,EleutherAI/pythia-410m,step8,seed6,6,8
They liked the sandwich lunch.,They liked the women's lunch.,lunch,lunch,Different Sense,0.04773235321044922,24,3.583333333,6,7,1,405334016,EleutherAI/pythia-410m,step8,seed6,6,8
They liked the hot lunch.,They liked the sandwich lunch.,lunch,lunch,Same Sense,0.0,0,3.933333333,6,6,0,405334016,EleutherAI/pythia-410m,step8,seed6,6,8
They liked the hot lunch.,They liked the sandwich lunch.,lunch,lunch,Same Sense,0.0283929705619812,1,3.933333333,6,6,0,405334016,EleutherAI/pythia-410m,step8,seed6,6,8
They liked the hot lunch.,They liked the sandwich lunch.,lunch,lunch,Same Sense,0.03450119495391846,2,3.933333333,6,6,0,405334016,EleutherAI/pythia-410m,step8,seed6,6,8
They liked the hot lunch.,They liked the sandwich lunch.,lunch,lunch,Same Sense,0.039738476276397705,3,3.933333333,6,6,0,405334016,EleutherAI/pythia-410m,step8,seed6,6,8
They liked the hot lunch.,They liked the sandwich lunch.,lunch,lunch,Same Sense,0.04147529602050781,4,3.933333333,6,6,0,405334016,EleutherAI/pythia-410m,step8,seed6,6,8
They liked the hot lunch.,They liked the sandwich lunch.,lunch,lunch,Same Sense,0.042814433574676514,5,3.933333333,6,6,0,405334016,EleutherAI/pythia-410m,step8,seed6,6,8
They liked the hot lunch.,They liked the sandwich lunch.,lunch,lunch,Same Sense,0.043588459491729736,6,3.933333333,6,6,0,405334016,EleutherAI/pythia-410m,step8,seed6,6,8
They liked the hot lunch.,They liked the sandwich lunch.,lunch,lunch,Same Sense,0.042544424533843994,7,3.933333333,6,6,0,405334016,EleutherAI/pythia-410m,step8,seed6,6,8
They liked the hot lunch.,They liked the sandwich lunch.,lunch,lunch,Same Sense,0.04281491041183472,8,3.933333333,6,6,0,405334016,EleutherAI/pythia-410m,step8,seed6,6,8
They liked the hot lunch.,They liked the sandwich lunch.,lunch,lunch,Same Sense,0.0426405668258667,9,3.933333333,6,6,0,405334016,EleutherAI/pythia-410m,step8,seed6,6,8
They liked the hot lunch.,They liked the sandwich lunch.,lunch,lunch,Same Sense,0.04290008544921875,10,3.933333333,6,6,0,405334016,EleutherAI/pythia-410m,step8,seed6,6,8
They liked the hot lunch.,They liked the sandwich lunch.,lunch,lunch,Same Sense,0.04367804527282715,11,3.933333333,6,6,0,405334016,EleutherAI/pythia-410m,step8,seed6,6,8
They liked the hot lunch.,They liked the sandwich lunch.,lunch,lunch,Same Sense,0.04354983568191528,12,3.933333333,6,6,0,405334016,EleutherAI/pythia-410m,step8,seed6,6,8
They liked the hot lunch.,They liked the sandwich lunch.,lunch,lunch,Same Sense,0.042674362659454346,13,3.933333333,6,6,0,405334016,EleutherAI/pythia-410m,step8,seed6,6,8
They liked the hot lunch.,They liked the sandwich lunch.,lunch,lunch,Same Sense,0.043569982051849365,14,3.933333333,6,6,0,405334016,EleutherAI/pythia-410m,step8,seed6,6,8
They liked the hot lunch.,They liked the sandwich lunch.,lunch,lunch,Same Sense,0.04310715198516846,15,3.933333333,6,6,0,405334016,EleutherAI/pythia-410m,step8,seed6,6,8
They liked the hot lunch.,They liked the sandwich lunch.,lunch,lunch,Same Sense,0.04259300231933594,16,3.933333333,6,6,0,405334016,EleutherAI/pythia-410m,step8,seed6,6,8
They liked the hot lunch.,They liked the sandwich lunch.,lunch,lunch,Same Sense,0.0421755313873291,17,3.933333333,6,6,0,405334016,EleutherAI/pythia-410m,step8,seed6,6,8
They liked the hot lunch.,They liked the sandwich lunch.,lunch,lunch,Same Sense,0.04205727577209473,18,3.933333333,6,6,0,405334016,EleutherAI/pythia-410m,step8,seed6,6,8
They liked the hot lunch.,They liked the sandwich lunch.,lunch,lunch,Same Sense,0.04238259792327881,19,3.933333333,6,6,0,405334016,EleutherAI/pythia-410m,step8,seed6,6,8
They liked the hot lunch.,They liked the sandwich lunch.,lunch,lunch,Same Sense,0.04169261455535889,20,3.933333333,6,6,0,405334016,EleutherAI/pythia-410m,step8,seed6,6,8
They liked the hot lunch.,They liked the sandwich lunch.,lunch,lunch,Same Sense,0.041945695877075195,21,3.933333333,6,6,0,405334016,EleutherAI/pythia-410m,step8,seed6,6,8
They liked the hot lunch.,They liked the sandwich lunch.,lunch,lunch,Same Sense,0.04237961769104004,22,3.933333333,6,6,0,405334016,EleutherAI/pythia-410m,step8,seed6,6,8
They liked the hot lunch.,They liked the sandwich lunch.,lunch,lunch,Same Sense,0.04178309440612793,23,3.933333333,6,6,0,405334016,EleutherAI/pythia-410m,step8,seed6,6,8
They liked the hot lunch.,They liked the sandwich lunch.,lunch,lunch,Same Sense,0.04016268253326416,24,3.933333333,6,6,0,405334016,EleutherAI/pythia-410m,step8,seed6,6,8
They liked the afternoon lunch.,They liked the women's lunch.,lunch,lunch,Same Sense,0.0,0,4.0,6,7,1,405334016,EleutherAI/pythia-410m,step8,seed6,6,8
They liked the afternoon lunch.,They liked the women's lunch.,lunch,lunch,Same Sense,0.03398650884628296,1,4.0,6,7,1,405334016,EleutherAI/pythia-410m,step8,seed6,6,8
They liked the afternoon lunch.,They liked the women's lunch.,lunch,lunch,Same Sense,0.04165220260620117,2,4.0,6,7,1,405334016,EleutherAI/pythia-410m,step8,seed6,6,8
They liked the afternoon lunch.,They liked the women's lunch.,lunch,lunch,Same Sense,0.04684191942214966,3,4.0,6,7,1,405334016,EleutherAI/pythia-410m,step8,seed6,6,8
They liked the afternoon lunch.,They liked the women's lunch.,lunch,lunch,Same Sense,0.04812198877334595,4,4.0,6,7,1,405334016,EleutherAI/pythia-410m,step8,seed6,6,8
They liked the afternoon lunch.,They liked the women's lunch.,lunch,lunch,Same Sense,0.05627286434173584,5,4.0,6,7,1,405334016,EleutherAI/pythia-410m,step8,seed6,6,8
They liked the afternoon lunch.,They liked the women's lunch.,lunch,lunch,Same Sense,0.056658387184143066,6,4.0,6,7,1,405334016,EleutherAI/pythia-410m,step8,seed6,6,8
They liked the afternoon lunch.,They liked the women's lunch.,lunch,lunch,Same Sense,0.05601334571838379,7,4.0,6,7,1,405334016,EleutherAI/pythia-410m,step8,seed6,6,8
They liked the afternoon lunch.,They liked the women's lunch.,lunch,lunch,Same Sense,0.056559622287750244,8,4.0,6,7,1,405334016,EleutherAI/pythia-410m,step8,seed6,6,8
They liked the afternoon lunch.,They liked the women's lunch.,lunch,lunch,Same Sense,0.053858816623687744,9,4.0,6,7,1,405334016,EleutherAI/pythia-410m,step8,seed6,6,8
They liked the afternoon lunch.,They liked the women's lunch.,lunch,lunch,Same Sense,0.05461740493774414,10,4.0,6,7,1,405334016,EleutherAI/pythia-410m,step8,seed6,6,8
They liked the afternoon lunch.,They liked the women's lunch.,lunch,lunch,Same Sense,0.05582225322723389,11,4.0,6,7,1,405334016,EleutherAI/pythia-410m,step8,seed6,6,8
They liked the afternoon lunch.,They liked the women's lunch.,lunch,lunch,Same Sense,0.0540500283241272,12,4.0,6,7,1,405334016,EleutherAI/pythia-410m,step8,seed6,6,8
They liked the afternoon lunch.,They liked the women's lunch.,lunch,lunch,Same Sense,0.05288964509963989,13,4.0,6,7,1,405334016,EleutherAI/pythia-410m,step8,seed6,6,8
They liked the afternoon lunch.,They liked the women's lunch.,lunch,lunch,Same Sense,0.05430161952972412,14,4.0,6,7,1,405334016,EleutherAI/pythia-410m,step8,seed6,6,8
They liked the afternoon lunch.,They liked the women's lunch.,lunch,lunch,Same Sense,0.05408519506454468,15,4.0,6,7,1,405334016,EleutherAI/pythia-410m,step8,seed6,6,8
They liked the afternoon lunch.,They liked the women's lunch.,lunch,lunch,Same Sense,0.053430378437042236,16,4.0,6,7,1,405334016,EleutherAI/pythia-410m,step8,seed6,6,8
They liked the afternoon lunch.,They liked the women's lunch.,lunch,lunch,Same Sense,0.05156940221786499,17,4.0,6,7,1,405334016,EleutherAI/pythia-410m,step8,seed6,6,8
They liked the afternoon lunch.,They liked the women's lunch.,lunch,lunch,Same Sense,0.05021536350250244,18,4.0,6,7,1,405334016,EleutherAI/pythia-410m,step8,seed6,6,8
They liked the afternoon lunch.,They liked the women's lunch.,lunch,lunch,Same Sense,0.04974597692489624,19,4.0,6,7,1,405334016,EleutherAI/pythia-410m,step8,seed6,6,8
They liked the afternoon lunch.,They liked the women's lunch.,lunch,lunch,Same Sense,0.04976475238800049,20,4.0,6,7,1,405334016,EleutherAI/pythia-410m,step8,seed6,6,8
They liked the afternoon lunch.,They liked the women's lunch.,lunch,lunch,Same Sense,0.0486636757850647,21,4.0,6,7,1,405334016,EleutherAI/pythia-410m,step8,seed6,6,8
They liked the afternoon lunch.,They liked the women's lunch.,lunch,lunch,Same Sense,0.04818010330200195,22,4.0,6,7,1,405334016,EleutherAI/pythia-410m,step8,seed6,6,8
They liked the afternoon lunch.,They liked the women's lunch.,lunch,lunch,Same Sense,0.04682767391204834,23,4.0,6,7,1,405334016,EleutherAI/pythia-410m,step8,seed6,6,8
They liked the afternoon lunch.,They liked the women's lunch.,lunch,lunch,Same Sense,0.04699915647506714,24,4.0,6,7,1,405334016,EleutherAI/pythia-410m,step8,seed6,6,8
He liked the flea market.,He liked the housing market.,market,market,Different Sense,0.0,0,2.555555556,7,6,1,405334016,EleutherAI/pythia-410m,step8,seed6,6,8
He liked the flea market.,He liked the housing market.,market,market,Different Sense,0.03194749355316162,1,2.555555556,7,6,1,405334016,EleutherAI/pythia-410m,step8,seed6,6,8
He liked the flea market.,He liked the housing market.,market,market,Different Sense,0.04018568992614746,2,2.555555556,7,6,1,405334016,EleutherAI/pythia-410m,step8,seed6,6,8
He liked the flea market.,He liked the housing market.,market,market,Different Sense,0.04172736406326294,3,2.555555556,7,6,1,405334016,EleutherAI/pythia-410m,step8,seed6,6,8
He liked the flea market.,He liked the housing market.,market,market,Different Sense,0.04570502042770386,4,2.555555556,7,6,1,405334016,EleutherAI/pythia-410m,step8,seed6,6,8
He liked the flea market.,He liked the housing market.,market,market,Different Sense,0.0487784743309021,5,2.555555556,7,6,1,405334016,EleutherAI/pythia-410m,step8,seed6,6,8
He liked the flea market.,He liked the housing market.,market,market,Different Sense,0.0485345721244812,6,2.555555556,7,6,1,405334016,EleutherAI/pythia-410m,step8,seed6,6,8
He liked the flea market.,He liked the housing market.,market,market,Different Sense,0.04638409614562988,7,2.555555556,7,6,1,405334016,EleutherAI/pythia-410m,step8,seed6,6,8
He liked the flea market.,He liked the housing market.,market,market,Different Sense,0.04567086696624756,8,2.555555556,7,6,1,405334016,EleutherAI/pythia-410m,step8,seed6,6,8
He liked the flea market.,He liked the housing market.,market,market,Different Sense,0.04517930746078491,9,2.555555556,7,6,1,405334016,EleutherAI/pythia-410m,step8,seed6,6,8
He liked the flea market.,He liked the housing market.,market,market,Different Sense,0.04594314098358154,10,2.555555556,7,6,1,405334016,EleutherAI/pythia-410m,step8,seed6,6,8
He liked the flea market.,He liked the housing market.,market,market,Different Sense,0.043464481830596924,11,2.555555556,7,6,1,405334016,EleutherAI/pythia-410m,step8,seed6,6,8
He liked the flea market.,He liked the housing market.,market,market,Different Sense,0.04265189170837402,12,2.555555556,7,6,1,405334016,EleutherAI/pythia-410m,step8,seed6,6,8
He liked the flea market.,He liked the housing market.,market,market,Different Sense,0.04082518815994263,13,2.555555556,7,6,1,405334016,EleutherAI/pythia-410m,step8,seed6,6,8
He liked the flea market.,He liked the housing market.,market,market,Different Sense,0.03902602195739746,14,2.555555556,7,6,1,405334016,EleutherAI/pythia-410m,step8,seed6,6,8
He liked the flea market.,He liked the housing market.,market,market,Different Sense,0.039734721183776855,15,2.555555556,7,6,1,405334016,EleutherAI/pythia-410m,step8,seed6,6,8
He liked the flea market.,He liked the housing market.,market,market,Different Sense,0.039205849170684814,16,2.555555556,7,6,1,405334016,EleutherAI/pythia-410m,step8,seed6,6,8
He liked the flea market.,He liked the housing market.,market,market,Different Sense,0.038879990577697754,17,2.555555556,7,6,1,405334016,EleutherAI/pythia-410m,step8,seed6,6,8
He liked the flea market.,He liked the housing market.,market,market,Different Sense,0.038253962993621826,18,2.555555556,7,6,1,405334016,EleutherAI/pythia-410m,step8,seed6,6,8
He liked the flea market.,He liked the housing market.,market,market,Different Sense,0.039196670055389404,19,2.555555556,7,6,1,405334016,EleutherAI/pythia-410m,step8,seed6,6,8
He liked the flea market.,He liked the housing market.,market,market,Different Sense,0.03887253999710083,20,2.555555556,7,6,1,405334016,EleutherAI/pythia-410m,step8,seed6,6,8
He liked the flea market.,He liked the housing market.,market,market,Different Sense,0.039178311824798584,21,2.555555556,7,6,1,405334016,EleutherAI/pythia-410m,step8,seed6,6,8
He liked the flea market.,He liked the housing market.,market,market,Different Sense,0.037972450256347656,22,2.555555556,7,6,1,405334016,EleutherAI/pythia-410m,step8,seed6,6,8
He liked the flea market.,He liked the housing market.,market,market,Different Sense,0.03744703531265259,23,2.555555556,7,6,1,405334016,EleutherAI/pythia-410m,step8,seed6,6,8
He liked the flea market.,He liked the housing market.,market,market,Different Sense,0.03636664152145386,24,2.555555556,7,6,1,405334016,EleutherAI/pythia-410m,step8,seed6,6,8
He liked the flea market.,He liked the stock market.,market,market,Different Sense,0.0,0,2.285714286,7,6,1,405334016,EleutherAI/pythia-410m,step8,seed6,6,8
He liked the flea market.,He liked the stock market.,market,market,Different Sense,0.031422555446624756,1,2.285714286,7,6,1,405334016,EleutherAI/pythia-410m,step8,seed6,6,8
He liked the flea market.,He liked the stock market.,market,market,Different Sense,0.04030078649520874,2,2.285714286,7,6,1,405334016,EleutherAI/pythia-410m,step8,seed6,6,8
He liked the flea market.,He liked the stock market.,market,market,Different Sense,0.045439958572387695,3,2.285714286,7,6,1,405334016,EleutherAI/pythia-410m,step8,seed6,6,8
He liked the flea market.,He liked the stock market.,market,market,Different Sense,0.05132061243057251,4,2.285714286,7,6,1,405334016,EleutherAI/pythia-410m,step8,seed6,6,8
He liked the flea market.,He liked the stock market.,market,market,Different Sense,0.05274897813796997,5,2.285714286,7,6,1,405334016,EleutherAI/pythia-410m,step8,seed6,6,8
He liked the flea market.,He liked the stock market.,market,market,Different Sense,0.053322434425354004,6,2.285714286,7,6,1,405334016,EleutherAI/pythia-410m,step8,seed6,6,8
He liked the flea market.,He liked the stock market.,market,market,Different Sense,0.052335381507873535,7,2.285714286,7,6,1,405334016,EleutherAI/pythia-410m,step8,seed6,6,8
He liked the flea market.,He liked the stock market.,market,market,Different Sense,0.051185548305511475,8,2.285714286,7,6,1,405334016,EleutherAI/pythia-410m,step8,seed6,6,8
He liked the flea market.,He liked the stock market.,market,market,Different Sense,0.050521254539489746,9,2.285714286,7,6,1,405334016,EleutherAI/pythia-410m,step8,seed6,6,8
He liked the flea market.,He liked the stock market.,market,market,Different Sense,0.05123484134674072,10,2.285714286,7,6,1,405334016,EleutherAI/pythia-410m,step8,seed6,6,8
He liked the flea market.,He liked the stock market.,market,market,Different Sense,0.04899877309799194,11,2.285714286,7,6,1,405334016,EleutherAI/pythia-410m,step8,seed6,6,8
He liked the flea market.,He liked the stock market.,market,market,Different Sense,0.04799544811248779,12,2.285714286,7,6,1,405334016,EleutherAI/pythia-410m,step8,seed6,6,8
He liked the flea market.,He liked the stock market.,market,market,Different Sense,0.04616647958755493,13,2.285714286,7,6,1,405334016,EleutherAI/pythia-410m,step8,seed6,6,8
He liked the flea market.,He liked the stock market.,market,market,Different Sense,0.04376626014709473,14,2.285714286,7,6,1,405334016,EleutherAI/pythia-410m,step8,seed6,6,8
He liked the flea market.,He liked the stock market.,market,market,Different Sense,0.04378783702850342,15,2.285714286,7,6,1,405334016,EleutherAI/pythia-410m,step8,seed6,6,8
He liked the flea market.,He liked the stock market.,market,market,Different Sense,0.04341989755630493,16,2.285714286,7,6,1,405334016,EleutherAI/pythia-410m,step8,seed6,6,8
He liked the flea market.,He liked the stock market.,market,market,Different Sense,0.043768465518951416,17,2.285714286,7,6,1,405334016,EleutherAI/pythia-410m,step8,seed6,6,8
He liked the flea market.,He liked the stock market.,market,market,Different Sense,0.0431177020072937,18,2.285714286,7,6,1,405334016,EleutherAI/pythia-410m,step8,seed6,6,8
He liked the flea market.,He liked the stock market.,market,market,Different Sense,0.04211091995239258,19,2.285714286,7,6,1,405334016,EleutherAI/pythia-410m,step8,seed6,6,8
He liked the flea market.,He liked the stock market.,market,market,Different Sense,0.04200243949890137,20,2.285714286,7,6,1,405334016,EleutherAI/pythia-410m,step8,seed6,6,8
He liked the flea market.,He liked the stock market.,market,market,Different Sense,0.04247581958770752,21,2.285714286,7,6,1,405334016,EleutherAI/pythia-410m,step8,seed6,6,8
He liked the flea market.,He liked the stock market.,market,market,Different Sense,0.04186505079269409,22,2.285714286,7,6,1,405334016,EleutherAI/pythia-410m,step8,seed6,6,8
He liked the flea market.,He liked the stock market.,market,market,Different Sense,0.041729092597961426,23,2.285714286,7,6,1,405334016,EleutherAI/pythia-410m,step8,seed6,6,8
He liked the flea market.,He liked the stock market.,market,market,Different Sense,0.04090690612792969,24,2.285714286,7,6,1,405334016,EleutherAI/pythia-410m,step8,seed6,6,8
He liked the fish market.,He liked the housing market.,market,market,Different Sense,0.0,0,2.263157895,6,6,0,405334016,EleutherAI/pythia-410m,step8,seed6,6,8
He liked the fish market.,He liked the housing market.,market,market,Different Sense,0.02092564105987549,1,2.263157895,6,6,0,405334016,EleutherAI/pythia-410m,step8,seed6,6,8
He liked the fish market.,He liked the housing market.,market,market,Different Sense,0.028061211109161377,2,2.263157895,6,6,0,405334016,EleutherAI/pythia-410m,step8,seed6,6,8
He liked the fish market.,He liked the housing market.,market,market,Different Sense,0.02951502799987793,3,2.263157895,6,6,0,405334016,EleutherAI/pythia-410m,step8,seed6,6,8
He liked the fish market.,He liked the housing market.,market,market,Different Sense,0.033078908920288086,4,2.263157895,6,6,0,405334016,EleutherAI/pythia-410m,step8,seed6,6,8
He liked the fish market.,He liked the housing market.,market,market,Different Sense,0.03477740287780762,5,2.263157895,6,6,0,405334016,EleutherAI/pythia-410m,step8,seed6,6,8
He liked the fish market.,He liked the housing market.,market,market,Different Sense,0.03491544723510742,6,2.263157895,6,6,0,405334016,EleutherAI/pythia-410m,step8,seed6,6,8
He liked the fish market.,He liked the housing market.,market,market,Different Sense,0.03414773941040039,7,2.263157895,6,6,0,405334016,EleutherAI/pythia-410m,step8,seed6,6,8
He liked the fish market.,He liked the housing market.,market,market,Different Sense,0.033577680587768555,8,2.263157895,6,6,0,405334016,EleutherAI/pythia-410m,step8,seed6,6,8
He liked the fish market.,He liked the housing market.,market,market,Different Sense,0.03322708606719971,9,2.263157895,6,6,0,405334016,EleutherAI/pythia-410m,step8,seed6,6,8
He liked the fish market.,He liked the housing market.,market,market,Different Sense,0.03245764970779419,10,2.263157895,6,6,0,405334016,EleutherAI/pythia-410m,step8,seed6,6,8
He liked the fish market.,He liked the housing market.,market,market,Different Sense,0.03130984306335449,11,2.263157895,6,6,0,405334016,EleutherAI/pythia-410m,step8,seed6,6,8
He liked the fish market.,He liked the housing market.,market,market,Different Sense,0.030416905879974365,12,2.263157895,6,6,0,405334016,EleutherAI/pythia-410m,step8,seed6,6,8
He liked the fish market.,He liked the housing market.,market,market,Different Sense,0.030775904655456543,13,2.263157895,6,6,0,405334016,EleutherAI/pythia-410m,step8,seed6,6,8
He liked the fish market.,He liked the housing market.,market,market,Different Sense,0.029557883739471436,14,2.263157895,6,6,0,405334016,EleutherAI/pythia-410m,step8,seed6,6,8
He liked the fish market.,He liked the housing market.,market,market,Different Sense,0.029288053512573242,15,2.263157895,6,6,0,405334016,EleutherAI/pythia-410m,step8,seed6,6,8
He liked the fish market.,He liked the housing market.,market,market,Different Sense,0.028683364391326904,16,2.263157895,6,6,0,405334016,EleutherAI/pythia-410m,step8,seed6,6,8
He liked the fish market.,He liked the housing market.,market,market,Different Sense,0.028537333011627197,17,2.263157895,6,6,0,405334016,EleutherAI/pythia-410m,step8,seed6,6,8
He liked the fish market.,He liked the housing market.,market,market,Different Sense,0.02838265895843506,18,2.263157895,6,6,0,405334016,EleutherAI/pythia-410m,step8,seed6,6,8
He liked the fish market.,He liked the housing market.,market,market,Different Sense,0.027901172637939453,19,2.263157895,6,6,0,405334016,EleutherAI/pythia-410m,step8,seed6,6,8
He liked the fish market.,He liked the housing market.,market,market,Different Sense,0.027464449405670166,20,2.263157895,6,6,0,405334016,EleutherAI/pythia-410m,step8,seed6,6,8
He liked the fish market.,He liked the housing market.,market,market,Different Sense,0.028068184852600098,21,2.263157895,6,6,0,405334016,EleutherAI/pythia-410m,step8,seed6,6,8
He liked the fish market.,He liked the housing market.,market,market,Different Sense,0.027381479740142822,22,2.263157895,6,6,0,405334016,EleutherAI/pythia-410m,step8,seed6,6,8
He liked the fish market.,He liked the housing market.,market,market,Different Sense,0.027770638465881348,23,2.263157895,6,6,0,405334016,EleutherAI/pythia-410m,step8,seed6,6,8
He liked the fish market.,He liked the housing market.,market,market,Different Sense,0.027618229389190674,24,2.263157895,6,6,0,405334016,EleutherAI/pythia-410m,step8,seed6,6,8
He liked the fish market.,He liked the stock market.,market,market,Different Sense,0.0,0,1.9,6,6,0,405334016,EleutherAI/pythia-410m,step8,seed6,6,8
He liked the fish market.,He liked the stock market.,market,market,Different Sense,0.01894479990005493,1,1.9,6,6,0,405334016,EleutherAI/pythia-410m,step8,seed6,6,8
He liked the fish market.,He liked the stock market.,market,market,Different Sense,0.02538067102432251,2,1.9,6,6,0,405334016,EleutherAI/pythia-410m,step8,seed6,6,8
He liked the fish market.,He liked the stock market.,market,market,Different Sense,0.029274702072143555,3,1.9,6,6,0,405334016,EleutherAI/pythia-410m,step8,seed6,6,8
He liked the fish market.,He liked the stock market.,market,market,Different Sense,0.032391369342803955,4,1.9,6,6,0,405334016,EleutherAI/pythia-410m,step8,seed6,6,8
He liked the fish market.,He liked the stock market.,market,market,Different Sense,0.034653306007385254,5,1.9,6,6,0,405334016,EleutherAI/pythia-410m,step8,seed6,6,8
He liked the fish market.,He liked the stock market.,market,market,Different Sense,0.035127341747283936,6,1.9,6,6,0,405334016,EleutherAI/pythia-410m,step8,seed6,6,8
He liked the fish market.,He liked the stock market.,market,market,Different Sense,0.033693552017211914,7,1.9,6,6,0,405334016,EleutherAI/pythia-410m,step8,seed6,6,8
He liked the fish market.,He liked the stock market.,market,market,Different Sense,0.03256338834762573,8,1.9,6,6,0,405334016,EleutherAI/pythia-410m,step8,seed6,6,8
He liked the fish market.,He liked the stock market.,market,market,Different Sense,0.032028794288635254,9,1.9,6,6,0,405334016,EleutherAI/pythia-410m,step8,seed6,6,8
He liked the fish market.,He liked the stock market.,market,market,Different Sense,0.0318027138710022,10,1.9,6,6,0,405334016,EleutherAI/pythia-410m,step8,seed6,6,8
He liked the fish market.,He liked the stock market.,market,market,Different Sense,0.030673861503601074,11,1.9,6,6,0,405334016,EleutherAI/pythia-410m,step8,seed6,6,8
He liked the fish market.,He liked the stock market.,market,market,Different Sense,0.03009164333343506,12,1.9,6,6,0,405334016,EleutherAI/pythia-410m,step8,seed6,6,8
He liked the fish market.,He liked the stock market.,market,market,Different Sense,0.029126346111297607,13,1.9,6,6,0,405334016,EleutherAI/pythia-410m,step8,seed6,6,8
He liked the fish market.,He liked the stock market.,market,market,Different Sense,0.02787315845489502,14,1.9,6,6,0,405334016,EleutherAI/pythia-410m,step8,seed6,6,8
He liked the fish market.,He liked the stock market.,market,market,Different Sense,0.02826613187789917,15,1.9,6,6,0,405334016,EleutherAI/pythia-410m,step8,seed6,6,8
He liked the fish market.,He liked the stock market.,market,market,Different Sense,0.028282642364501953,16,1.9,6,6,0,405334016,EleutherAI/pythia-410m,step8,seed6,6,8
He liked the fish market.,He liked the stock market.,market,market,Different Sense,0.0278051495552063,17,1.9,6,6,0,405334016,EleutherAI/pythia-410m,step8,seed6,6,8
He liked the fish market.,He liked the stock market.,market,market,Different Sense,0.027437806129455566,18,1.9,6,6,0,405334016,EleutherAI/pythia-410m,step8,seed6,6,8
He liked the fish market.,He liked the stock market.,market,market,Different Sense,0.02725118398666382,19,1.9,6,6,0,405334016,EleutherAI/pythia-410m,step8,seed6,6,8
He liked the fish market.,He liked the stock market.,market,market,Different Sense,0.027334213256835938,20,1.9,6,6,0,405334016,EleutherAI/pythia-410m,step8,seed6,6,8
He liked the fish market.,He liked the stock market.,market,market,Different Sense,0.02760791778564453,21,1.9,6,6,0,405334016,EleutherAI/pythia-410m,step8,seed6,6,8
He liked the fish market.,He liked the stock market.,market,market,Different Sense,0.026806116104125977,22,1.9,6,6,0,405334016,EleutherAI/pythia-410m,step8,seed6,6,8
He liked the fish market.,He liked the stock market.,market,market,Different Sense,0.02714693546295166,23,1.9,6,6,0,405334016,EleutherAI/pythia-410m,step8,seed6,6,8
He liked the fish market.,He liked the stock market.,market,market,Different Sense,0.02666628360748291,24,1.9,6,6,0,405334016,EleutherAI/pythia-410m,step8,seed6,6,8
He liked the flea market.,He liked the fish market.,market,market,Same Sense,0.0,0,3.923076923,7,6,1,405334016,EleutherAI/pythia-410m,step8,seed6,6,8
He liked the flea market.,He liked the fish market.,market,market,Same Sense,0.030789434909820557,1,3.923076923,7,6,1,405334016,EleutherAI/pythia-410m,step8,seed6,6,8
He liked the flea market.,He liked the fish market.,market,market,Same Sense,0.040234148502349854,2,3.923076923,7,6,1,405334016,EleutherAI/pythia-410m,step8,seed6,6,8
He liked the flea market.,He liked the fish market.,market,market,Same Sense,0.043837785720825195,3,3.923076923,7,6,1,405334016,EleutherAI/pythia-410m,step8,seed6,6,8
He liked the flea market.,He liked the fish market.,market,market,Same Sense,0.04715675115585327,4,3.923076923,7,6,1,405334016,EleutherAI/pythia-410m,step8,seed6,6,8
He liked the flea market.,He liked the fish market.,market,market,Same Sense,0.05052739381790161,5,3.923076923,7,6,1,405334016,EleutherAI/pythia-410m,step8,seed6,6,8
He liked the flea market.,He liked the fish market.,market,market,Same Sense,0.050440073013305664,6,3.923076923,7,6,1,405334016,EleutherAI/pythia-410m,step8,seed6,6,8
He liked the flea market.,He liked the fish market.,market,market,Same Sense,0.04841357469558716,7,3.923076923,7,6,1,405334016,EleutherAI/pythia-410m,step8,seed6,6,8
He liked the flea market.,He liked the fish market.,market,market,Same Sense,0.04771977663040161,8,3.923076923,7,6,1,405334016,EleutherAI/pythia-410m,step8,seed6,6,8
He liked the flea market.,He liked the fish market.,market,market,Same Sense,0.047677695751190186,9,3.923076923,7,6,1,405334016,EleutherAI/pythia-410m,step8,seed6,6,8
He liked the flea market.,He liked the fish market.,market,market,Same Sense,0.04792487621307373,10,3.923076923,7,6,1,405334016,EleutherAI/pythia-410m,step8,seed6,6,8
He liked the flea market.,He liked the fish market.,market,market,Same Sense,0.044740259647369385,11,3.923076923,7,6,1,405334016,EleutherAI/pythia-410m,step8,seed6,6,8
He liked the flea market.,He liked the fish market.,market,market,Same Sense,0.0443800687789917,12,3.923076923,7,6,1,405334016,EleutherAI/pythia-410m,step8,seed6,6,8
He liked the flea market.,He liked the fish market.,market,market,Same Sense,0.04368621110916138,13,3.923076923,7,6,1,405334016,EleutherAI/pythia-410m,step8,seed6,6,8
He liked the flea market.,He liked the fish market.,market,market,Same Sense,0.04158502817153931,14,3.923076923,7,6,1,405334016,EleutherAI/pythia-410m,step8,seed6,6,8
He liked the flea market.,He liked the fish market.,market,market,Same Sense,0.04146391153335571,15,3.923076923,7,6,1,405334016,EleutherAI/pythia-410m,step8,seed6,6,8
He liked the flea market.,He liked the fish market.,market,market,Same Sense,0.04155910015106201,16,3.923076923,7,6,1,405334016,EleutherAI/pythia-410m,step8,seed6,6,8
He liked the flea market.,He liked the fish market.,market,market,Same Sense,0.04268985986709595,17,3.923076923,7,6,1,405334016,EleutherAI/pythia-410m,step8,seed6,6,8
He liked the flea market.,He liked the fish market.,market,market,Same Sense,0.042334914207458496,18,3.923076923,7,6,1,405334016,EleutherAI/pythia-410m,step8,seed6,6,8
He liked the flea market.,He liked the fish market.,market,market,Same Sense,0.041798412799835205,19,3.923076923,7,6,1,405334016,EleutherAI/pythia-410m,step8,seed6,6,8
He liked the flea market.,He liked the fish market.,market,market,Same Sense,0.040650010108947754,20,3.923076923,7,6,1,405334016,EleutherAI/pythia-410m,step8,seed6,6,8
He liked the flea market.,He liked the fish market.,market,market,Same Sense,0.04066753387451172,21,3.923076923,7,6,1,405334016,EleutherAI/pythia-410m,step8,seed6,6,8
He liked the flea market.,He liked the fish market.,market,market,Same Sense,0.03962528705596924,22,3.923076923,7,6,1,405334016,EleutherAI/pythia-410m,step8,seed6,6,8
He liked the flea market.,He liked the fish market.,market,market,Same Sense,0.03923588991165161,23,3.923076923,7,6,1,405334016,EleutherAI/pythia-410m,step8,seed6,6,8
He liked the flea market.,He liked the fish market.,market,market,Same Sense,0.038524329662323,24,3.923076923,7,6,1,405334016,EleutherAI/pythia-410m,step8,seed6,6,8
He liked the housing market.,He liked the stock market.,market,market,Same Sense,0.0,0,3.083333333,6,6,0,405334016,EleutherAI/pythia-410m,step8,seed6,6,8
He liked the housing market.,He liked the stock market.,market,market,Same Sense,0.021073997020721436,1,3.083333333,6,6,0,405334016,EleutherAI/pythia-410m,step8,seed6,6,8
He liked the housing market.,He liked the stock market.,market,market,Same Sense,0.02671194076538086,2,3.083333333,6,6,0,405334016,EleutherAI/pythia-410m,step8,seed6,6,8
He liked the housing market.,He liked the stock market.,market,market,Same Sense,0.02923452854156494,3,3.083333333,6,6,0,405334016,EleutherAI/pythia-410m,step8,seed6,6,8
He liked the housing market.,He liked the stock market.,market,market,Same Sense,0.033624887466430664,4,3.083333333,6,6,0,405334016,EleutherAI/pythia-410m,step8,seed6,6,8
He liked the housing market.,He liked the stock market.,market,market,Same Sense,0.03518563508987427,5,3.083333333,6,6,0,405334016,EleutherAI/pythia-410m,step8,seed6,6,8
He liked the housing market.,He liked the stock market.,market,market,Same Sense,0.03569686412811279,6,3.083333333,6,6,0,405334016,EleutherAI/pythia-410m,step8,seed6,6,8
He liked the housing market.,He liked the stock market.,market,market,Same Sense,0.03585082292556763,7,3.083333333,6,6,0,405334016,EleutherAI/pythia-410m,step8,seed6,6,8
He liked the housing market.,He liked the stock market.,market,market,Same Sense,0.03409743309020996,8,3.083333333,6,6,0,405334016,EleutherAI/pythia-410m,step8,seed6,6,8
He liked the housing market.,He liked the stock market.,market,market,Same Sense,0.03440302610397339,9,3.083333333,6,6,0,405334016,EleutherAI/pythia-410m,step8,seed6,6,8
He liked the housing market.,He liked the stock market.,market,market,Same Sense,0.03289008140563965,10,3.083333333,6,6,0,405334016,EleutherAI/pythia-410m,step8,seed6,6,8
He liked the housing market.,He liked the stock market.,market,market,Same Sense,0.031207919120788574,11,3.083333333,6,6,0,405334016,EleutherAI/pythia-410m,step8,seed6,6,8
He liked the housing market.,He liked the stock market.,market,market,Same Sense,0.03059709072113037,12,3.083333333,6,6,0,405334016,EleutherAI/pythia-410m,step8,seed6,6,8
He liked the housing market.,He liked the stock market.,market,market,Same Sense,0.03024470806121826,13,3.083333333,6,6,0,405334016,EleutherAI/pythia-410m,step8,seed6,6,8
He liked the housing market.,He liked the stock market.,market,market,Same Sense,0.02878791093826294,14,3.083333333,6,6,0,405334016,EleutherAI/pythia-410m,step8,seed6,6,8
He liked the housing market.,He liked the stock market.,market,market,Same Sense,0.02857452630996704,15,3.083333333,6,6,0,405334016,EleutherAI/pythia-410m,step8,seed6,6,8
He liked the housing market.,He liked the stock market.,market,market,Same Sense,0.028392434120178223,16,3.083333333,6,6,0,405334016,EleutherAI/pythia-410m,step8,seed6,6,8
He liked the housing market.,He liked the stock market.,market,market,Same Sense,0.0279538631439209,17,3.083333333,6,6,0,405334016,EleutherAI/pythia-410m,step8,seed6,6,8
He liked the housing market.,He liked the stock market.,market,market,Same Sense,0.02843165397644043,18,3.083333333,6,6,0,405334016,EleutherAI/pythia-410m,step8,seed6,6,8
He liked the housing market.,He liked the stock market.,market,market,Same Sense,0.028056561946868896,19,3.083333333,6,6,0,405334016,EleutherAI/pythia-410m,step8,seed6,6,8
He liked the housing market.,He liked the stock market.,market,market,Same Sense,0.027547180652618408,20,3.083333333,6,6,0,405334016,EleutherAI/pythia-410m,step8,seed6,6,8
He liked the housing market.,He liked the stock market.,market,market,Same Sense,0.027455270290374756,21,3.083333333,6,6,0,405334016,EleutherAI/pythia-410m,step8,seed6,6,8
He liked the housing market.,He liked the stock market.,market,market,Same Sense,0.02645277976989746,22,3.083333333,6,6,0,405334016,EleutherAI/pythia-410m,step8,seed6,6,8
He liked the housing market.,He liked the stock market.,market,market,Same Sense,0.026324570178985596,23,3.083333333,6,6,0,405334016,EleutherAI/pythia-410m,step8,seed6,6,8
He liked the housing market.,He liked the stock market.,market,market,Same Sense,0.02607518434524536,24,3.083333333,6,6,0,405334016,EleutherAI/pythia-410m,step8,seed6,6,8
It was a lit match.,It was a soccer match.,match,match,Different Sense,0.0,0,0.111111111,6,6,0,405334016,EleutherAI/pythia-410m,step8,seed6,6,8
It was a lit match.,It was a soccer match.,match,match,Different Sense,0.025821685791015625,1,0.111111111,6,6,0,405334016,EleutherAI/pythia-410m,step8,seed6,6,8
It was a lit match.,It was a soccer match.,match,match,Different Sense,0.03338509798049927,2,0.111111111,6,6,0,405334016,EleutherAI/pythia-410m,step8,seed6,6,8
It was a lit match.,It was a soccer match.,match,match,Different Sense,0.031237900257110596,3,0.111111111,6,6,0,405334016,EleutherAI/pythia-410m,step8,seed6,6,8
It was a lit match.,It was a soccer match.,match,match,Different Sense,0.03320145606994629,4,0.111111111,6,6,0,405334016,EleutherAI/pythia-410m,step8,seed6,6,8
It was a lit match.,It was a soccer match.,match,match,Different Sense,0.036648690700531006,5,0.111111111,6,6,0,405334016,EleutherAI/pythia-410m,step8,seed6,6,8
It was a lit match.,It was a soccer match.,match,match,Different Sense,0.037505924701690674,6,0.111111111,6,6,0,405334016,EleutherAI/pythia-410m,step8,seed6,6,8
It was a lit match.,It was a soccer match.,match,match,Different Sense,0.03602588176727295,7,0.111111111,6,6,0,405334016,EleutherAI/pythia-410m,step8,seed6,6,8
It was a lit match.,It was a soccer match.,match,match,Different Sense,0.035499513149261475,8,0.111111111,6,6,0,405334016,EleutherAI/pythia-410m,step8,seed6,6,8
It was a lit match.,It was a soccer match.,match,match,Different Sense,0.03556913137435913,9,0.111111111,6,6,0,405334016,EleutherAI/pythia-410m,step8,seed6,6,8
It was a lit match.,It was a soccer match.,match,match,Different Sense,0.0359342098236084,10,0.111111111,6,6,0,405334016,EleutherAI/pythia-410m,step8,seed6,6,8
It was a lit match.,It was a soccer match.,match,match,Different Sense,0.03476351499557495,11,0.111111111,6,6,0,405334016,EleutherAI/pythia-410m,step8,seed6,6,8
It was a lit match.,It was a soccer match.,match,match,Different Sense,0.035300493240356445,12,0.111111111,6,6,0,405334016,EleutherAI/pythia-410m,step8,seed6,6,8
It was a lit match.,It was a soccer match.,match,match,Different Sense,0.0363389253616333,13,0.111111111,6,6,0,405334016,EleutherAI/pythia-410m,step8,seed6,6,8
It was a lit match.,It was a soccer match.,match,match,Different Sense,0.036918044090270996,14,0.111111111,6,6,0,405334016,EleutherAI/pythia-410m,step8,seed6,6,8
It was a lit match.,It was a soccer match.,match,match,Different Sense,0.03694838285446167,15,0.111111111,6,6,0,405334016,EleutherAI/pythia-410m,step8,seed6,6,8
It was a lit match.,It was a soccer match.,match,match,Different Sense,0.039244890213012695,16,0.111111111,6,6,0,405334016,EleutherAI/pythia-410m,step8,seed6,6,8
It was a lit match.,It was a soccer match.,match,match,Different Sense,0.03884786367416382,17,0.111111111,6,6,0,405334016,EleutherAI/pythia-410m,step8,seed6,6,8
It was a lit match.,It was a soccer match.,match,match,Different Sense,0.03851425647735596,18,0.111111111,6,6,0,405334016,EleutherAI/pythia-410m,step8,seed6,6,8
It was a lit match.,It was a soccer match.,match,match,Different Sense,0.038249671459198,19,0.111111111,6,6,0,405334016,EleutherAI/pythia-410m,step8,seed6,6,8
It was a lit match.,It was a soccer match.,match,match,Different Sense,0.0388798713684082,20,0.111111111,6,6,0,405334016,EleutherAI/pythia-410m,step8,seed6,6,8
It was a lit match.,It was a soccer match.,match,match,Different Sense,0.038741469383239746,21,0.111111111,6,6,0,405334016,EleutherAI/pythia-410m,step8,seed6,6,8
It was a lit match.,It was a soccer match.,match,match,Different Sense,0.036972761154174805,22,0.111111111,6,6,0,405334016,EleutherAI/pythia-410m,step8,seed6,6,8
It was a lit match.,It was a soccer match.,match,match,Different Sense,0.03624308109283447,23,0.111111111,6,6,0,405334016,EleutherAI/pythia-410m,step8,seed6,6,8
It was a lit match.,It was a soccer match.,match,match,Different Sense,0.03568953275680542,24,0.111111111,6,6,0,405334016,EleutherAI/pythia-410m,step8,seed6,6,8
It was a lit match.,It was a tennis match.,match,match,Different Sense,0.0,0,0.0,6,6,0,405334016,EleutherAI/pythia-410m,step8,seed6,6,8
It was a lit match.,It was a tennis match.,match,match,Different Sense,0.022423386573791504,1,0.0,6,6,0,405334016,EleutherAI/pythia-410m,step8,seed6,6,8
It was a lit match.,It was a tennis match.,match,match,Different Sense,0.028776168823242188,2,0.0,6,6,0,405334016,EleutherAI/pythia-410m,step8,seed6,6,8
It was a lit match.,It was a tennis match.,match,match,Different Sense,0.031775832176208496,3,0.0,6,6,0,405334016,EleutherAI/pythia-410m,step8,seed6,6,8
It was a lit match.,It was a tennis match.,match,match,Different Sense,0.03375875949859619,4,0.0,6,6,0,405334016,EleutherAI/pythia-410m,step8,seed6,6,8
It was a lit match.,It was a tennis match.,match,match,Different Sense,0.03718799352645874,5,0.0,6,6,0,405334016,EleutherAI/pythia-410m,step8,seed6,6,8
It was a lit match.,It was a tennis match.,match,match,Different Sense,0.03736531734466553,6,0.0,6,6,0,405334016,EleutherAI/pythia-410m,step8,seed6,6,8
It was a lit match.,It was a tennis match.,match,match,Different Sense,0.03633910417556763,7,0.0,6,6,0,405334016,EleutherAI/pythia-410m,step8,seed6,6,8
It was a lit match.,It was a tennis match.,match,match,Different Sense,0.03627336025238037,8,0.0,6,6,0,405334016,EleutherAI/pythia-410m,step8,seed6,6,8
It was a lit match.,It was a tennis match.,match,match,Different Sense,0.037514448165893555,9,0.0,6,6,0,405334016,EleutherAI/pythia-410m,step8,seed6,6,8
It was a lit match.,It was a tennis match.,match,match,Different Sense,0.03891134262084961,10,0.0,6,6,0,405334016,EleutherAI/pythia-410m,step8,seed6,6,8
It was a lit match.,It was a tennis match.,match,match,Different Sense,0.03816598653793335,11,0.0,6,6,0,405334016,EleutherAI/pythia-410m,step8,seed6,6,8
It was a lit match.,It was a tennis match.,match,match,Different Sense,0.039194703102111816,12,0.0,6,6,0,405334016,EleutherAI/pythia-410m,step8,seed6,6,8
It was a lit match.,It was a tennis match.,match,match,Different Sense,0.03953957557678223,13,0.0,6,6,0,405334016,EleutherAI/pythia-410m,step8,seed6,6,8
It was a lit match.,It was a tennis match.,match,match,Different Sense,0.03898978233337402,14,0.0,6,6,0,405334016,EleutherAI/pythia-410m,step8,seed6,6,8
It was a lit match.,It was a tennis match.,match,match,Different Sense,0.03816783428192139,15,0.0,6,6,0,405334016,EleutherAI/pythia-410m,step8,seed6,6,8
It was a lit match.,It was a tennis match.,match,match,Different Sense,0.04073888063430786,16,0.0,6,6,0,405334016,EleutherAI/pythia-410m,step8,seed6,6,8
It was a lit match.,It was a tennis match.,match,match,Different Sense,0.03988385200500488,17,0.0,6,6,0,405334016,EleutherAI/pythia-410m,step8,seed6,6,8
It was a lit match.,It was a tennis match.,match,match,Different Sense,0.03999924659729004,18,0.0,6,6,0,405334016,EleutherAI/pythia-410m,step8,seed6,6,8
It was a lit match.,It was a tennis match.,match,match,Different Sense,0.03978663682937622,19,0.0,6,6,0,405334016,EleutherAI/pythia-410m,step8,seed6,6,8
It was a lit match.,It was a tennis match.,match,match,Different Sense,0.039979398250579834,20,0.0,6,6,0,405334016,EleutherAI/pythia-410m,step8,seed6,6,8
It was a lit match.,It was a tennis match.,match,match,Different Sense,0.040235161781311035,21,0.0,6,6,0,405334016,EleutherAI/pythia-410m,step8,seed6,6,8
It was a lit match.,It was a tennis match.,match,match,Different Sense,0.03790628910064697,22,0.0,6,6,0,405334016,EleutherAI/pythia-410m,step8,seed6,6,8
It was a lit match.,It was a tennis match.,match,match,Different Sense,0.037324607372283936,23,0.0,6,6,0,405334016,EleutherAI/pythia-410m,step8,seed6,6,8
It was a lit match.,It was a tennis match.,match,match,Different Sense,0.03706002235412598,24,0.0,6,6,0,405334016,EleutherAI/pythia-410m,step8,seed6,6,8
It was a burning match.,It was a soccer match.,match,match,Different Sense,0.0,0,0.3125,6,6,0,405334016,EleutherAI/pythia-410m,step8,seed6,6,8
It was a burning match.,It was a soccer match.,match,match,Different Sense,0.02781391143798828,1,0.3125,6,6,0,405334016,EleutherAI/pythia-410m,step8,seed6,6,8
It was a burning match.,It was a soccer match.,match,match,Different Sense,0.036777496337890625,2,0.3125,6,6,0,405334016,EleutherAI/pythia-410m,step8,seed6,6,8
It was a burning match.,It was a soccer match.,match,match,Different Sense,0.037350475788116455,3,0.3125,6,6,0,405334016,EleutherAI/pythia-410m,step8,seed6,6,8
It was a burning match.,It was a soccer match.,match,match,Different Sense,0.03983938694000244,4,0.3125,6,6,0,405334016,EleutherAI/pythia-410m,step8,seed6,6,8
It was a burning match.,It was a soccer match.,match,match,Different Sense,0.04416424036026001,5,0.3125,6,6,0,405334016,EleutherAI/pythia-410m,step8,seed6,6,8
It was a burning match.,It was a soccer match.,match,match,Different Sense,0.04340314865112305,6,0.3125,6,6,0,405334016,EleutherAI/pythia-410m,step8,seed6,6,8
It was a burning match.,It was a soccer match.,match,match,Different Sense,0.04057013988494873,7,0.3125,6,6,0,405334016,EleutherAI/pythia-410m,step8,seed6,6,8
It was a burning match.,It was a soccer match.,match,match,Different Sense,0.040544331073760986,8,0.3125,6,6,0,405334016,EleutherAI/pythia-410m,step8,seed6,6,8
It was a burning match.,It was a soccer match.,match,match,Different Sense,0.0405692458152771,9,0.3125,6,6,0,405334016,EleutherAI/pythia-410m,step8,seed6,6,8
It was a burning match.,It was a soccer match.,match,match,Different Sense,0.04153364896774292,10,0.3125,6,6,0,405334016,EleutherAI/pythia-410m,step8,seed6,6,8
It was a burning match.,It was a soccer match.,match,match,Different Sense,0.040196001529693604,11,0.3125,6,6,0,405334016,EleutherAI/pythia-410m,step8,seed6,6,8
It was a burning match.,It was a soccer match.,match,match,Different Sense,0.042226314544677734,12,0.3125,6,6,0,405334016,EleutherAI/pythia-410m,step8,seed6,6,8
It was a burning match.,It was a soccer match.,match,match,Different Sense,0.043410301208496094,13,0.3125,6,6,0,405334016,EleutherAI/pythia-410m,step8,seed6,6,8
It was a burning match.,It was a soccer match.,match,match,Different Sense,0.04225194454193115,14,0.3125,6,6,0,405334016,EleutherAI/pythia-410m,step8,seed6,6,8
It was a burning match.,It was a soccer match.,match,match,Different Sense,0.04278653860092163,15,0.3125,6,6,0,405334016,EleutherAI/pythia-410m,step8,seed6,6,8
It was a burning match.,It was a soccer match.,match,match,Different Sense,0.04458886384963989,16,0.3125,6,6,0,405334016,EleutherAI/pythia-410m,step8,seed6,6,8
It was a burning match.,It was a soccer match.,match,match,Different Sense,0.044497013092041016,17,0.3125,6,6,0,405334016,EleutherAI/pythia-410m,step8,seed6,6,8
It was a burning match.,It was a soccer match.,match,match,Different Sense,0.04398488998413086,18,0.3125,6,6,0,405334016,EleutherAI/pythia-410m,step8,seed6,6,8
It was a burning match.,It was a soccer match.,match,match,Different Sense,0.04382902383804321,19,0.3125,6,6,0,405334016,EleutherAI/pythia-410m,step8,seed6,6,8
It was a burning match.,It was a soccer match.,match,match,Different Sense,0.04404854774475098,20,0.3125,6,6,0,405334016,EleutherAI/pythia-410m,step8,seed6,6,8
It was a burning match.,It was a soccer match.,match,match,Different Sense,0.04487210512161255,21,0.3125,6,6,0,405334016,EleutherAI/pythia-410m,step8,seed6,6,8
It was a burning match.,It was a soccer match.,match,match,Different Sense,0.04233044385910034,22,0.3125,6,6,0,405334016,EleutherAI/pythia-410m,step8,seed6,6,8
It was a burning match.,It was a soccer match.,match,match,Different Sense,0.0410919189453125,23,0.3125,6,6,0,405334016,EleutherAI/pythia-410m,step8,seed6,6,8
It was a burning match.,It was a soccer match.,match,match,Different Sense,0.040627479553222656,24,0.3125,6,6,0,405334016,EleutherAI/pythia-410m,step8,seed6,6,8
It was a burning match.,It was a tennis match.,match,match,Different Sense,0.0,0,0.555555556,6,6,0,405334016,EleutherAI/pythia-410m,step8,seed6,6,8
It was a burning match.,It was a tennis match.,match,match,Different Sense,0.02587038278579712,1,0.555555556,6,6,0,405334016,EleutherAI/pythia-410m,step8,seed6,6,8
It was a burning match.,It was a tennis match.,match,match,Different Sense,0.03323119878768921,2,0.555555556,6,6,0,405334016,EleutherAI/pythia-410m,step8,seed6,6,8
It was a burning match.,It was a tennis match.,match,match,Different Sense,0.03422260284423828,3,0.555555556,6,6,0,405334016,EleutherAI/pythia-410m,step8,seed6,6,8
It was a burning match.,It was a tennis match.,match,match,Different Sense,0.03600424528121948,4,0.555555556,6,6,0,405334016,EleutherAI/pythia-410m,step8,seed6,6,8
It was a burning match.,It was a tennis match.,match,match,Different Sense,0.03953874111175537,5,0.555555556,6,6,0,405334016,EleutherAI/pythia-410m,step8,seed6,6,8
It was a burning match.,It was a tennis match.,match,match,Different Sense,0.03925347328186035,6,0.555555556,6,6,0,405334016,EleutherAI/pythia-410m,step8,seed6,6,8
It was a burning match.,It was a tennis match.,match,match,Different Sense,0.03867971897125244,7,0.555555556,6,6,0,405334016,EleutherAI/pythia-410m,step8,seed6,6,8
It was a burning match.,It was a tennis match.,match,match,Different Sense,0.037366271018981934,8,0.555555556,6,6,0,405334016,EleutherAI/pythia-410m,step8,seed6,6,8
It was a burning match.,It was a tennis match.,match,match,Different Sense,0.03721630573272705,9,0.555555556,6,6,0,405334016,EleutherAI/pythia-410m,step8,seed6,6,8
It was a burning match.,It was a tennis match.,match,match,Different Sense,0.037957966327667236,10,0.555555556,6,6,0,405334016,EleutherAI/pythia-410m,step8,seed6,6,8
It was a burning match.,It was a tennis match.,match,match,Different Sense,0.03720712661743164,11,0.555555556,6,6,0,405334016,EleutherAI/pythia-410m,step8,seed6,6,8
It was a burning match.,It was a tennis match.,match,match,Different Sense,0.03824591636657715,12,0.555555556,6,6,0,405334016,EleutherAI/pythia-410m,step8,seed6,6,8
It was a burning match.,It was a tennis match.,match,match,Different Sense,0.03822147846221924,13,0.555555556,6,6,0,405334016,EleutherAI/pythia-410m,step8,seed6,6,8
It was a burning match.,It was a tennis match.,match,match,Different Sense,0.03703188896179199,14,0.555555556,6,6,0,405334016,EleutherAI/pythia-410m,step8,seed6,6,8
It was a burning match.,It was a tennis match.,match,match,Different Sense,0.03764575719833374,15,0.555555556,6,6,0,405334016,EleutherAI/pythia-410m,step8,seed6,6,8
It was a burning match.,It was a tennis match.,match,match,Different Sense,0.03967928886413574,16,0.555555556,6,6,0,405334016,EleutherAI/pythia-410m,step8,seed6,6,8
It was a burning match.,It was a tennis match.,match,match,Different Sense,0.039399802684783936,17,0.555555556,6,6,0,405334016,EleutherAI/pythia-410m,step8,seed6,6,8
It was a burning match.,It was a tennis match.,match,match,Different Sense,0.04010272026062012,18,0.555555556,6,6,0,405334016,EleutherAI/pythia-410m,step8,seed6,6,8
It was a burning match.,It was a tennis match.,match,match,Different Sense,0.038728177547454834,19,0.555555556,6,6,0,405334016,EleutherAI/pythia-410m,step8,seed6,6,8
It was a burning match.,It was a tennis match.,match,match,Different Sense,0.038341224193573,20,0.555555556,6,6,0,405334016,EleutherAI/pythia-410m,step8,seed6,6,8
It was a burning match.,It was a tennis match.,match,match,Different Sense,0.03911173343658447,21,0.555555556,6,6,0,405334016,EleutherAI/pythia-410m,step8,seed6,6,8
It was a burning match.,It was a tennis match.,match,match,Different Sense,0.03750503063201904,22,0.555555556,6,6,0,405334016,EleutherAI/pythia-410m,step8,seed6,6,8
It was a burning match.,It was a tennis match.,match,match,Different Sense,0.03686058521270752,23,0.555555556,6,6,0,405334016,EleutherAI/pythia-410m,step8,seed6,6,8
It was a burning match.,It was a tennis match.,match,match,Different Sense,0.036852896213531494,24,0.555555556,6,6,0,405334016,EleutherAI/pythia-410m,step8,seed6,6,8
It was a lit match.,It was a burning match.,match,match,Same Sense,0.0,0,4.0,6,6,0,405334016,EleutherAI/pythia-410m,step8,seed6,6,8
It was a lit match.,It was a burning match.,match,match,Same Sense,0.021638095378875732,1,4.0,6,6,0,405334016,EleutherAI/pythia-410m,step8,seed6,6,8
It was a lit match.,It was a burning match.,match,match,Same Sense,0.027662217617034912,2,4.0,6,6,0,405334016,EleutherAI/pythia-410m,step8,seed6,6,8
It was a lit match.,It was a burning match.,match,match,Same Sense,0.028599560260772705,3,4.0,6,6,0,405334016,EleutherAI/pythia-410m,step8,seed6,6,8
It was a lit match.,It was a burning match.,match,match,Same Sense,0.028997719287872314,4,4.0,6,6,0,405334016,EleutherAI/pythia-410m,step8,seed6,6,8
It was a lit match.,It was a burning match.,match,match,Same Sense,0.03261762857437134,5,4.0,6,6,0,405334016,EleutherAI/pythia-410m,step8,seed6,6,8
It was a lit match.,It was a burning match.,match,match,Same Sense,0.032632410526275635,6,4.0,6,6,0,405334016,EleutherAI/pythia-410m,step8,seed6,6,8
It was a lit match.,It was a burning match.,match,match,Same Sense,0.03128093481063843,7,4.0,6,6,0,405334016,EleutherAI/pythia-410m,step8,seed6,6,8
It was a lit match.,It was a burning match.,match,match,Same Sense,0.03149735927581787,8,4.0,6,6,0,405334016,EleutherAI/pythia-410m,step8,seed6,6,8
It was a lit match.,It was a burning match.,match,match,Same Sense,0.031335651874542236,9,4.0,6,6,0,405334016,EleutherAI/pythia-410m,step8,seed6,6,8
It was a lit match.,It was a burning match.,match,match,Same Sense,0.032908618450164795,10,4.0,6,6,0,405334016,EleutherAI/pythia-410m,step8,seed6,6,8
It was a lit match.,It was a burning match.,match,match,Same Sense,0.03185242414474487,11,4.0,6,6,0,405334016,EleutherAI/pythia-410m,step8,seed6,6,8
It was a lit match.,It was a burning match.,match,match,Same Sense,0.03388100862503052,12,4.0,6,6,0,405334016,EleutherAI/pythia-410m,step8,seed6,6,8
It was a lit match.,It was a burning match.,match,match,Same Sense,0.033099234104156494,13,4.0,6,6,0,405334016,EleutherAI/pythia-410m,step8,seed6,6,8
It was a lit match.,It was a burning match.,match,match,Same Sense,0.03312867879867554,14,4.0,6,6,0,405334016,EleutherAI/pythia-410m,step8,seed6,6,8
It was a lit match.,It was a burning match.,match,match,Same Sense,0.033435165882110596,15,4.0,6,6,0,405334016,EleutherAI/pythia-410m,step8,seed6,6,8
It was a lit match.,It was a burning match.,match,match,Same Sense,0.03517580032348633,16,4.0,6,6,0,405334016,EleutherAI/pythia-410m,step8,seed6,6,8
It was a lit match.,It was a burning match.,match,match,Same Sense,0.035150349140167236,17,4.0,6,6,0,405334016,EleutherAI/pythia-410m,step8,seed6,6,8
It was a lit match.,It was a burning match.,match,match,Same Sense,0.03436315059661865,18,4.0,6,6,0,405334016,EleutherAI/pythia-410m,step8,seed6,6,8
It was a lit match.,It was a burning match.,match,match,Same Sense,0.03374594449996948,19,4.0,6,6,0,405334016,EleutherAI/pythia-410m,step8,seed6,6,8
It was a lit match.,It was a burning match.,match,match,Same Sense,0.03389102220535278,20,4.0,6,6,0,405334016,EleutherAI/pythia-410m,step8,seed6,6,8
It was a lit match.,It was a burning match.,match,match,Same Sense,0.03333836793899536,21,4.0,6,6,0,405334016,EleutherAI/pythia-410m,step8,seed6,6,8
It was a lit match.,It was a burning match.,match,match,Same Sense,0.03165280818939209,22,4.0,6,6,0,405334016,EleutherAI/pythia-410m,step8,seed6,6,8
It was a lit match.,It was a burning match.,match,match,Same Sense,0.031002581119537354,23,4.0,6,6,0,405334016,EleutherAI/pythia-410m,step8,seed6,6,8
It was a lit match.,It was a burning match.,match,match,Same Sense,0.03086000680923462,24,4.0,6,6,0,405334016,EleutherAI/pythia-410m,step8,seed6,6,8
It was a soccer match.,It was a tennis match.,match,match,Same Sense,0.0,0,3.666666667,6,6,0,405334016,EleutherAI/pythia-410m,step8,seed6,6,8
It was a soccer match.,It was a tennis match.,match,match,Same Sense,0.02823704481124878,1,3.666666667,6,6,0,405334016,EleutherAI/pythia-410m,step8,seed6,6,8
It was a soccer match.,It was a tennis match.,match,match,Same Sense,0.034061431884765625,2,3.666666667,6,6,0,405334016,EleutherAI/pythia-410m,step8,seed6,6,8
It was a soccer match.,It was a tennis match.,match,match,Same Sense,0.03447932004928589,3,3.666666667,6,6,0,405334016,EleutherAI/pythia-410m,step8,seed6,6,8
It was a soccer match.,It was a tennis match.,match,match,Same Sense,0.03598088026046753,4,3.666666667,6,6,0,405334016,EleutherAI/pythia-410m,step8,seed6,6,8
It was a soccer match.,It was a tennis match.,match,match,Same Sense,0.0415688157081604,5,3.666666667,6,6,0,405334016,EleutherAI/pythia-410m,step8,seed6,6,8
It was a soccer match.,It was a tennis match.,match,match,Same Sense,0.043518006801605225,6,3.666666667,6,6,0,405334016,EleutherAI/pythia-410m,step8,seed6,6,8
It was a soccer match.,It was a tennis match.,match,match,Same Sense,0.04306071996688843,7,3.666666667,6,6,0,405334016,EleutherAI/pythia-410m,step8,seed6,6,8
It was a soccer match.,It was a tennis match.,match,match,Same Sense,0.04255867004394531,8,3.666666667,6,6,0,405334016,EleutherAI/pythia-410m,step8,seed6,6,8
It was a soccer match.,It was a tennis match.,match,match,Same Sense,0.043940842151641846,9,3.666666667,6,6,0,405334016,EleutherAI/pythia-410m,step8,seed6,6,8
It was a soccer match.,It was a tennis match.,match,match,Same Sense,0.044060468673706055,10,3.666666667,6,6,0,405334016,EleutherAI/pythia-410m,step8,seed6,6,8
It was a soccer match.,It was a tennis match.,match,match,Same Sense,0.04301351308822632,11,3.666666667,6,6,0,405334016,EleutherAI/pythia-410m,step8,seed6,6,8
It was a soccer match.,It was a tennis match.,match,match,Same Sense,0.044243574142456055,12,3.666666667,6,6,0,405334016,EleutherAI/pythia-410m,step8,seed6,6,8
It was a soccer match.,It was a tennis match.,match,match,Same Sense,0.044596195220947266,13,3.666666667,6,6,0,405334016,EleutherAI/pythia-410m,step8,seed6,6,8
It was a soccer match.,It was a tennis match.,match,match,Same Sense,0.043144166469573975,14,3.666666667,6,6,0,405334016,EleutherAI/pythia-410m,step8,seed6,6,8
It was a soccer match.,It was a tennis match.,match,match,Same Sense,0.04244953393936157,15,3.666666667,6,6,0,405334016,EleutherAI/pythia-410m,step8,seed6,6,8
It was a soccer match.,It was a tennis match.,match,match,Same Sense,0.044153690338134766,16,3.666666667,6,6,0,405334016,EleutherAI/pythia-410m,step8,seed6,6,8
It was a soccer match.,It was a tennis match.,match,match,Same Sense,0.04316902160644531,17,3.666666667,6,6,0,405334016,EleutherAI/pythia-410m,step8,seed6,6,8
It was a soccer match.,It was a tennis match.,match,match,Same Sense,0.043201744556427,18,3.666666667,6,6,0,405334016,EleutherAI/pythia-410m,step8,seed6,6,8
It was a soccer match.,It was a tennis match.,match,match,Same Sense,0.04246175289154053,19,3.666666667,6,6,0,405334016,EleutherAI/pythia-410m,step8,seed6,6,8
It was a soccer match.,It was a tennis match.,match,match,Same Sense,0.04172408580780029,20,3.666666667,6,6,0,405334016,EleutherAI/pythia-410m,step8,seed6,6,8
It was a soccer match.,It was a tennis match.,match,match,Same Sense,0.04130822420120239,21,3.666666667,6,6,0,405334016,EleutherAI/pythia-410m,step8,seed6,6,8
It was a soccer match.,It was a tennis match.,match,match,Same Sense,0.038779258728027344,22,3.666666667,6,6,0,405334016,EleutherAI/pythia-410m,step8,seed6,6,8
It was a soccer match.,It was a tennis match.,match,match,Same Sense,0.03791457414627075,23,3.666666667,6,6,0,405334016,EleutherAI/pythia-410m,step8,seed6,6,8
It was a soccer match.,It was a tennis match.,match,match,Same Sense,0.03737455606460571,24,3.666666667,6,6,0,405334016,EleutherAI/pythia-410m,step8,seed6,6,8
It was cough medicine.,It was orthopedic medicine.,medicine,medicine,Different Sense,0.0,0,2.666666667,5,6,1,405334016,EleutherAI/pythia-410m,step8,seed6,6,8
It was cough medicine.,It was orthopedic medicine.,medicine,medicine,Different Sense,0.06019711494445801,1,2.666666667,5,6,1,405334016,EleutherAI/pythia-410m,step8,seed6,6,8
It was cough medicine.,It was orthopedic medicine.,medicine,medicine,Different Sense,0.07688218355178833,2,2.666666667,5,6,1,405334016,EleutherAI/pythia-410m,step8,seed6,6,8
It was cough medicine.,It was orthopedic medicine.,medicine,medicine,Different Sense,0.08810210227966309,3,2.666666667,5,6,1,405334016,EleutherAI/pythia-410m,step8,seed6,6,8
It was cough medicine.,It was orthopedic medicine.,medicine,medicine,Different Sense,0.09420841932296753,4,2.666666667,5,6,1,405334016,EleutherAI/pythia-410m,step8,seed6,6,8
It was cough medicine.,It was orthopedic medicine.,medicine,medicine,Different Sense,0.09392380714416504,5,2.666666667,5,6,1,405334016,EleutherAI/pythia-410m,step8,seed6,6,8
It was cough medicine.,It was orthopedic medicine.,medicine,medicine,Different Sense,0.09489917755126953,6,2.666666667,5,6,1,405334016,EleutherAI/pythia-410m,step8,seed6,6,8
It was cough medicine.,It was orthopedic medicine.,medicine,medicine,Different Sense,0.09153753519058228,7,2.666666667,5,6,1,405334016,EleutherAI/pythia-410m,step8,seed6,6,8
It was cough medicine.,It was orthopedic medicine.,medicine,medicine,Different Sense,0.08889120817184448,8,2.666666667,5,6,1,405334016,EleutherAI/pythia-410m,step8,seed6,6,8
It was cough medicine.,It was orthopedic medicine.,medicine,medicine,Different Sense,0.08491641283035278,9,2.666666667,5,6,1,405334016,EleutherAI/pythia-410m,step8,seed6,6,8
It was cough medicine.,It was orthopedic medicine.,medicine,medicine,Different Sense,0.08606868982315063,10,2.666666667,5,6,1,405334016,EleutherAI/pythia-410m,step8,seed6,6,8
It was cough medicine.,It was orthopedic medicine.,medicine,medicine,Different Sense,0.08597242832183838,11,2.666666667,5,6,1,405334016,EleutherAI/pythia-410m,step8,seed6,6,8
It was cough medicine.,It was orthopedic medicine.,medicine,medicine,Different Sense,0.08555591106414795,12,2.666666667,5,6,1,405334016,EleutherAI/pythia-410m,step8,seed6,6,8
It was cough medicine.,It was orthopedic medicine.,medicine,medicine,Different Sense,0.08296197652816772,13,2.666666667,5,6,1,405334016,EleutherAI/pythia-410m,step8,seed6,6,8
It was cough medicine.,It was orthopedic medicine.,medicine,medicine,Different Sense,0.08211761713027954,14,2.666666667,5,6,1,405334016,EleutherAI/pythia-410m,step8,seed6,6,8
It was cough medicine.,It was orthopedic medicine.,medicine,medicine,Different Sense,0.08168256282806396,15,2.666666667,5,6,1,405334016,EleutherAI/pythia-410m,step8,seed6,6,8
It was cough medicine.,It was orthopedic medicine.,medicine,medicine,Different Sense,0.08296364545822144,16,2.666666667,5,6,1,405334016,EleutherAI/pythia-410m,step8,seed6,6,8
It was cough medicine.,It was orthopedic medicine.,medicine,medicine,Different Sense,0.08111977577209473,17,2.666666667,5,6,1,405334016,EleutherAI/pythia-410m,step8,seed6,6,8
It was cough medicine.,It was orthopedic medicine.,medicine,medicine,Different Sense,0.08060568571090698,18,2.666666667,5,6,1,405334016,EleutherAI/pythia-410m,step8,seed6,6,8
It was cough medicine.,It was orthopedic medicine.,medicine,medicine,Different Sense,0.0790448784828186,19,2.666666667,5,6,1,405334016,EleutherAI/pythia-410m,step8,seed6,6,8
It was cough medicine.,It was orthopedic medicine.,medicine,medicine,Different Sense,0.07825440168380737,20,2.666666667,5,6,1,405334016,EleutherAI/pythia-410m,step8,seed6,6,8
It was cough medicine.,It was orthopedic medicine.,medicine,medicine,Different Sense,0.07742494344711304,21,2.666666667,5,6,1,405334016,EleutherAI/pythia-410m,step8,seed6,6,8
It was cough medicine.,It was orthopedic medicine.,medicine,medicine,Different Sense,0.07464975118637085,22,2.666666667,5,6,1,405334016,EleutherAI/pythia-410m,step8,seed6,6,8
It was cough medicine.,It was orthopedic medicine.,medicine,medicine,Different Sense,0.07460260391235352,23,2.666666667,5,6,1,405334016,EleutherAI/pythia-410m,step8,seed6,6,8
It was cough medicine.,It was orthopedic medicine.,medicine,medicine,Different Sense,0.07306510210037231,24,2.666666667,5,6,1,405334016,EleutherAI/pythia-410m,step8,seed6,6,8
It was cough medicine.,It was veterinary medicine.,medicine,medicine,Different Sense,0.0,0,2.444444444,5,5,0,405334016,EleutherAI/pythia-410m,step8,seed6,6,8
It was cough medicine.,It was veterinary medicine.,medicine,medicine,Different Sense,0.0481722354888916,1,2.444444444,5,5,0,405334016,EleutherAI/pythia-410m,step8,seed6,6,8
It was cough medicine.,It was veterinary medicine.,medicine,medicine,Different Sense,0.058736562728881836,2,2.444444444,5,5,0,405334016,EleutherAI/pythia-410m,step8,seed6,6,8
It was cough medicine.,It was veterinary medicine.,medicine,medicine,Different Sense,0.06712234020233154,3,2.444444444,5,5,0,405334016,EleutherAI/pythia-410m,step8,seed6,6,8
It was cough medicine.,It was veterinary medicine.,medicine,medicine,Different Sense,0.07103842496871948,4,2.444444444,5,5,0,405334016,EleutherAI/pythia-410m,step8,seed6,6,8
It was cough medicine.,It was veterinary medicine.,medicine,medicine,Different Sense,0.0709770917892456,5,2.444444444,5,5,0,405334016,EleutherAI/pythia-410m,step8,seed6,6,8
It was cough medicine.,It was veterinary medicine.,medicine,medicine,Different Sense,0.07256406545639038,6,2.444444444,5,5,0,405334016,EleutherAI/pythia-410m,step8,seed6,6,8
It was cough medicine.,It was veterinary medicine.,medicine,medicine,Different Sense,0.06981730461120605,7,2.444444444,5,5,0,405334016,EleutherAI/pythia-410m,step8,seed6,6,8
It was cough medicine.,It was veterinary medicine.,medicine,medicine,Different Sense,0.06765872240066528,8,2.444444444,5,5,0,405334016,EleutherAI/pythia-410m,step8,seed6,6,8
It was cough medicine.,It was veterinary medicine.,medicine,medicine,Different Sense,0.06601756811141968,9,2.444444444,5,5,0,405334016,EleutherAI/pythia-410m,step8,seed6,6,8
It was cough medicine.,It was veterinary medicine.,medicine,medicine,Different Sense,0.06970852613449097,10,2.444444444,5,5,0,405334016,EleutherAI/pythia-410m,step8,seed6,6,8
It was cough medicine.,It was veterinary medicine.,medicine,medicine,Different Sense,0.06851327419281006,11,2.444444444,5,5,0,405334016,EleutherAI/pythia-410m,step8,seed6,6,8
It was cough medicine.,It was veterinary medicine.,medicine,medicine,Different Sense,0.0676872730255127,12,2.444444444,5,5,0,405334016,EleutherAI/pythia-410m,step8,seed6,6,8
It was cough medicine.,It was veterinary medicine.,medicine,medicine,Different Sense,0.06470626592636108,13,2.444444444,5,5,0,405334016,EleutherAI/pythia-410m,step8,seed6,6,8
It was cough medicine.,It was veterinary medicine.,medicine,medicine,Different Sense,0.0640525221824646,14,2.444444444,5,5,0,405334016,EleutherAI/pythia-410m,step8,seed6,6,8
It was cough medicine.,It was veterinary medicine.,medicine,medicine,Different Sense,0.06312763690948486,15,2.444444444,5,5,0,405334016,EleutherAI/pythia-410m,step8,seed6,6,8
It was cough medicine.,It was veterinary medicine.,medicine,medicine,Different Sense,0.06396687030792236,16,2.444444444,5,5,0,405334016,EleutherAI/pythia-410m,step8,seed6,6,8
It was cough medicine.,It was veterinary medicine.,medicine,medicine,Different Sense,0.06285399198532104,17,2.444444444,5,5,0,405334016,EleutherAI/pythia-410m,step8,seed6,6,8
It was cough medicine.,It was veterinary medicine.,medicine,medicine,Different Sense,0.061675846576690674,18,2.444444444,5,5,0,405334016,EleutherAI/pythia-410m,step8,seed6,6,8
It was cough medicine.,It was veterinary medicine.,medicine,medicine,Different Sense,0.059722721576690674,19,2.444444444,5,5,0,405334016,EleutherAI/pythia-410m,step8,seed6,6,8
It was cough medicine.,It was veterinary medicine.,medicine,medicine,Different Sense,0.05762970447540283,20,2.444444444,5,5,0,405334016,EleutherAI/pythia-410m,step8,seed6,6,8
It was cough medicine.,It was veterinary medicine.,medicine,medicine,Different Sense,0.058267056941986084,21,2.444444444,5,5,0,405334016,EleutherAI/pythia-410m,step8,seed6,6,8
It was cough medicine.,It was veterinary medicine.,medicine,medicine,Different Sense,0.05642545223236084,22,2.444444444,5,5,0,405334016,EleutherAI/pythia-410m,step8,seed6,6,8
It was cough medicine.,It was veterinary medicine.,medicine,medicine,Different Sense,0.05473262071609497,23,2.444444444,5,5,0,405334016,EleutherAI/pythia-410m,step8,seed6,6,8
It was cough medicine.,It was veterinary medicine.,medicine,medicine,Different Sense,0.054368793964385986,24,2.444444444,5,5,0,405334016,EleutherAI/pythia-410m,step8,seed6,6,8
It was prescription medicine.,It was orthopedic medicine.,medicine,medicine,Different Sense,0.0,0,3.222222222,5,6,1,405334016,EleutherAI/pythia-410m,step8,seed6,6,8
It was prescription medicine.,It was orthopedic medicine.,medicine,medicine,Different Sense,0.056690871715545654,1,3.222222222,5,6,1,405334016,EleutherAI/pythia-410m,step8,seed6,6,8
It was prescription medicine.,It was orthopedic medicine.,medicine,medicine,Different Sense,0.07505512237548828,2,3.222222222,5,6,1,405334016,EleutherAI/pythia-410m,step8,seed6,6,8
It was prescription medicine.,It was orthopedic medicine.,medicine,medicine,Different Sense,0.08969062566757202,3,3.222222222,5,6,1,405334016,EleutherAI/pythia-410m,step8,seed6,6,8
It was prescription medicine.,It was orthopedic medicine.,medicine,medicine,Different Sense,0.09407663345336914,4,3.222222222,5,6,1,405334016,EleutherAI/pythia-410m,step8,seed6,6,8
It was prescription medicine.,It was orthopedic medicine.,medicine,medicine,Different Sense,0.09287649393081665,5,3.222222222,5,6,1,405334016,EleutherAI/pythia-410m,step8,seed6,6,8
It was prescription medicine.,It was orthopedic medicine.,medicine,medicine,Different Sense,0.09267944097518921,6,3.222222222,5,6,1,405334016,EleutherAI/pythia-410m,step8,seed6,6,8
It was prescription medicine.,It was orthopedic medicine.,medicine,medicine,Different Sense,0.09100788831710815,7,3.222222222,5,6,1,405334016,EleutherAI/pythia-410m,step8,seed6,6,8
It was prescription medicine.,It was orthopedic medicine.,medicine,medicine,Different Sense,0.08845841884613037,8,3.222222222,5,6,1,405334016,EleutherAI/pythia-410m,step8,seed6,6,8
It was prescription medicine.,It was orthopedic medicine.,medicine,medicine,Different Sense,0.08830529451370239,9,3.222222222,5,6,1,405334016,EleutherAI/pythia-410m,step8,seed6,6,8
It was prescription medicine.,It was orthopedic medicine.,medicine,medicine,Different Sense,0.08941668272018433,10,3.222222222,5,6,1,405334016,EleutherAI/pythia-410m,step8,seed6,6,8
It was prescription medicine.,It was orthopedic medicine.,medicine,medicine,Different Sense,0.08630102872848511,11,3.222222222,5,6,1,405334016,EleutherAI/pythia-410m,step8,seed6,6,8
It was prescription medicine.,It was orthopedic medicine.,medicine,medicine,Different Sense,0.0874553918838501,12,3.222222222,5,6,1,405334016,EleutherAI/pythia-410m,step8,seed6,6,8
It was prescription medicine.,It was orthopedic medicine.,medicine,medicine,Different Sense,0.0843496322631836,13,3.222222222,5,6,1,405334016,EleutherAI/pythia-410m,step8,seed6,6,8
It was prescription medicine.,It was orthopedic medicine.,medicine,medicine,Different Sense,0.08345228433609009,14,3.222222222,5,6,1,405334016,EleutherAI/pythia-410m,step8,seed6,6,8
It was prescription medicine.,It was orthopedic medicine.,medicine,medicine,Different Sense,0.08452630043029785,15,3.222222222,5,6,1,405334016,EleutherAI/pythia-410m,step8,seed6,6,8
It was prescription medicine.,It was orthopedic medicine.,medicine,medicine,Different Sense,0.08197140693664551,16,3.222222222,5,6,1,405334016,EleutherAI/pythia-410m,step8,seed6,6,8
It was prescription medicine.,It was orthopedic medicine.,medicine,medicine,Different Sense,0.0807873010635376,17,3.222222222,5,6,1,405334016,EleutherAI/pythia-410m,step8,seed6,6,8
It was prescription medicine.,It was orthopedic medicine.,medicine,medicine,Different Sense,0.08297747373580933,18,3.222222222,5,6,1,405334016,EleutherAI/pythia-410m,step8,seed6,6,8
It was prescription medicine.,It was orthopedic medicine.,medicine,medicine,Different Sense,0.08000779151916504,19,3.222222222,5,6,1,405334016,EleutherAI/pythia-410m,step8,seed6,6,8
It was prescription medicine.,It was orthopedic medicine.,medicine,medicine,Different Sense,0.08023983240127563,20,3.222222222,5,6,1,405334016,EleutherAI/pythia-410m,step8,seed6,6,8
It was prescription medicine.,It was orthopedic medicine.,medicine,medicine,Different Sense,0.07930004596710205,21,3.222222222,5,6,1,405334016,EleutherAI/pythia-410m,step8,seed6,6,8
It was prescription medicine.,It was orthopedic medicine.,medicine,medicine,Different Sense,0.07567065954208374,22,3.222222222,5,6,1,405334016,EleutherAI/pythia-410m,step8,seed6,6,8
It was prescription medicine.,It was orthopedic medicine.,medicine,medicine,Different Sense,0.07455486059188843,23,3.222222222,5,6,1,405334016,EleutherAI/pythia-410m,step8,seed6,6,8
It was prescription medicine.,It was orthopedic medicine.,medicine,medicine,Different Sense,0.07502526044845581,24,3.222222222,5,6,1,405334016,EleutherAI/pythia-410m,step8,seed6,6,8
It was prescription medicine.,It was veterinary medicine.,medicine,medicine,Different Sense,0.0,0,3.5,5,5,0,405334016,EleutherAI/pythia-410m,step8,seed6,6,8
It was prescription medicine.,It was veterinary medicine.,medicine,medicine,Different Sense,0.04903829097747803,1,3.5,5,5,0,405334016,EleutherAI/pythia-410m,step8,seed6,6,8
It was prescription medicine.,It was veterinary medicine.,medicine,medicine,Different Sense,0.06420397758483887,2,3.5,5,5,0,405334016,EleutherAI/pythia-410m,step8,seed6,6,8
It was prescription medicine.,It was veterinary medicine.,medicine,medicine,Different Sense,0.0689278244972229,3,3.5,5,5,0,405334016,EleutherAI/pythia-410m,step8,seed6,6,8
It was prescription medicine.,It was veterinary medicine.,medicine,medicine,Different Sense,0.07418835163116455,4,3.5,5,5,0,405334016,EleutherAI/pythia-410m,step8,seed6,6,8
It was prescription medicine.,It was veterinary medicine.,medicine,medicine,Different Sense,0.07475686073303223,5,3.5,5,5,0,405334016,EleutherAI/pythia-410m,step8,seed6,6,8
It was prescription medicine.,It was veterinary medicine.,medicine,medicine,Different Sense,0.07530486583709717,6,3.5,5,5,0,405334016,EleutherAI/pythia-410m,step8,seed6,6,8
It was prescription medicine.,It was veterinary medicine.,medicine,medicine,Different Sense,0.07432001829147339,7,3.5,5,5,0,405334016,EleutherAI/pythia-410m,step8,seed6,6,8
It was prescription medicine.,It was veterinary medicine.,medicine,medicine,Different Sense,0.07354491949081421,8,3.5,5,5,0,405334016,EleutherAI/pythia-410m,step8,seed6,6,8
It was prescription medicine.,It was veterinary medicine.,medicine,medicine,Different Sense,0.07485300302505493,9,3.5,5,5,0,405334016,EleutherAI/pythia-410m,step8,seed6,6,8
It was prescription medicine.,It was veterinary medicine.,medicine,medicine,Different Sense,0.07866895198822021,10,3.5,5,5,0,405334016,EleutherAI/pythia-410m,step8,seed6,6,8
It was prescription medicine.,It was veterinary medicine.,medicine,medicine,Different Sense,0.07470113039016724,11,3.5,5,5,0,405334016,EleutherAI/pythia-410m,step8,seed6,6,8
It was prescription medicine.,It was veterinary medicine.,medicine,medicine,Different Sense,0.07289707660675049,12,3.5,5,5,0,405334016,EleutherAI/pythia-410m,step8,seed6,6,8
It was prescription medicine.,It was veterinary medicine.,medicine,medicine,Different Sense,0.07040548324584961,13,3.5,5,5,0,405334016,EleutherAI/pythia-410m,step8,seed6,6,8
It was prescription medicine.,It was veterinary medicine.,medicine,medicine,Different Sense,0.0676347017288208,14,3.5,5,5,0,405334016,EleutherAI/pythia-410m,step8,seed6,6,8
It was prescription medicine.,It was veterinary medicine.,medicine,medicine,Different Sense,0.06717979907989502,15,3.5,5,5,0,405334016,EleutherAI/pythia-410m,step8,seed6,6,8
It was prescription medicine.,It was veterinary medicine.,medicine,medicine,Different Sense,0.06625533103942871,16,3.5,5,5,0,405334016,EleutherAI/pythia-410m,step8,seed6,6,8
It was prescription medicine.,It was veterinary medicine.,medicine,medicine,Different Sense,0.06588566303253174,17,3.5,5,5,0,405334016,EleutherAI/pythia-410m,step8,seed6,6,8
It was prescription medicine.,It was veterinary medicine.,medicine,medicine,Different Sense,0.06478571891784668,18,3.5,5,5,0,405334016,EleutherAI/pythia-410m,step8,seed6,6,8
It was prescription medicine.,It was veterinary medicine.,medicine,medicine,Different Sense,0.06335103511810303,19,3.5,5,5,0,405334016,EleutherAI/pythia-410m,step8,seed6,6,8
It was prescription medicine.,It was veterinary medicine.,medicine,medicine,Different Sense,0.0620688796043396,20,3.5,5,5,0,405334016,EleutherAI/pythia-410m,step8,seed6,6,8
It was prescription medicine.,It was veterinary medicine.,medicine,medicine,Different Sense,0.06139606237411499,21,3.5,5,5,0,405334016,EleutherAI/pythia-410m,step8,seed6,6,8
It was prescription medicine.,It was veterinary medicine.,medicine,medicine,Different Sense,0.06030583381652832,22,3.5,5,5,0,405334016,EleutherAI/pythia-410m,step8,seed6,6,8
It was prescription medicine.,It was veterinary medicine.,medicine,medicine,Different Sense,0.05764836072921753,23,3.5,5,5,0,405334016,EleutherAI/pythia-410m,step8,seed6,6,8
It was prescription medicine.,It was veterinary medicine.,medicine,medicine,Different Sense,0.05653941631317139,24,3.5,5,5,0,405334016,EleutherAI/pythia-410m,step8,seed6,6,8
It was cough medicine.,It was prescription medicine.,medicine,medicine,Same Sense,0.0,0,3.5625,5,5,0,405334016,EleutherAI/pythia-410m,step8,seed6,6,8
It was cough medicine.,It was prescription medicine.,medicine,medicine,Same Sense,0.05050605535507202,1,3.5625,5,5,0,405334016,EleutherAI/pythia-410m,step8,seed6,6,8
It was cough medicine.,It was prescription medicine.,medicine,medicine,Same Sense,0.06226193904876709,2,3.5625,5,5,0,405334016,EleutherAI/pythia-410m,step8,seed6,6,8
It was cough medicine.,It was prescription medicine.,medicine,medicine,Same Sense,0.06399399042129517,3,3.5625,5,5,0,405334016,EleutherAI/pythia-410m,step8,seed6,6,8
It was cough medicine.,It was prescription medicine.,medicine,medicine,Same Sense,0.06670492887496948,4,3.5625,5,5,0,405334016,EleutherAI/pythia-410m,step8,seed6,6,8
It was cough medicine.,It was prescription medicine.,medicine,medicine,Same Sense,0.06679177284240723,5,3.5625,5,5,0,405334016,EleutherAI/pythia-410m,step8,seed6,6,8
It was cough medicine.,It was prescription medicine.,medicine,medicine,Same Sense,0.07135319709777832,6,3.5625,5,5,0,405334016,EleutherAI/pythia-410m,step8,seed6,6,8
It was cough medicine.,It was prescription medicine.,medicine,medicine,Same Sense,0.07065558433532715,7,3.5625,5,5,0,405334016,EleutherAI/pythia-410m,step8,seed6,6,8
It was cough medicine.,It was prescription medicine.,medicine,medicine,Same Sense,0.07025867700576782,8,3.5625,5,5,0,405334016,EleutherAI/pythia-410m,step8,seed6,6,8
It was cough medicine.,It was prescription medicine.,medicine,medicine,Same Sense,0.07020586729049683,9,3.5625,5,5,0,405334016,EleutherAI/pythia-410m,step8,seed6,6,8
It was cough medicine.,It was prescription medicine.,medicine,medicine,Same Sense,0.07082319259643555,10,3.5625,5,5,0,405334016,EleutherAI/pythia-410m,step8,seed6,6,8
It was cough medicine.,It was prescription medicine.,medicine,medicine,Same Sense,0.06881392002105713,11,3.5625,5,5,0,405334016,EleutherAI/pythia-410m,step8,seed6,6,8
It was cough medicine.,It was prescription medicine.,medicine,medicine,Same Sense,0.06947112083435059,12,3.5625,5,5,0,405334016,EleutherAI/pythia-410m,step8,seed6,6,8
It was cough medicine.,It was prescription medicine.,medicine,medicine,Same Sense,0.06839090585708618,13,3.5625,5,5,0,405334016,EleutherAI/pythia-410m,step8,seed6,6,8
It was cough medicine.,It was prescription medicine.,medicine,medicine,Same Sense,0.06621778011322021,14,3.5625,5,5,0,405334016,EleutherAI/pythia-410m,step8,seed6,6,8
It was cough medicine.,It was prescription medicine.,medicine,medicine,Same Sense,0.06501680612564087,15,3.5625,5,5,0,405334016,EleutherAI/pythia-410m,step8,seed6,6,8
It was cough medicine.,It was prescription medicine.,medicine,medicine,Same Sense,0.06456202268600464,16,3.5625,5,5,0,405334016,EleutherAI/pythia-410m,step8,seed6,6,8
It was cough medicine.,It was prescription medicine.,medicine,medicine,Same Sense,0.06466484069824219,17,3.5625,5,5,0,405334016,EleutherAI/pythia-410m,step8,seed6,6,8
It was cough medicine.,It was prescription medicine.,medicine,medicine,Same Sense,0.06325823068618774,18,3.5625,5,5,0,405334016,EleutherAI/pythia-410m,step8,seed6,6,8
It was cough medicine.,It was prescription medicine.,medicine,medicine,Same Sense,0.06351321935653687,19,3.5625,5,5,0,405334016,EleutherAI/pythia-410m,step8,seed6,6,8
It was cough medicine.,It was prescription medicine.,medicine,medicine,Same Sense,0.06227463483810425,20,3.5625,5,5,0,405334016,EleutherAI/pythia-410m,step8,seed6,6,8
It was cough medicine.,It was prescription medicine.,medicine,medicine,Same Sense,0.06268101930618286,21,3.5625,5,5,0,405334016,EleutherAI/pythia-410m,step8,seed6,6,8
It was cough medicine.,It was prescription medicine.,medicine,medicine,Same Sense,0.05894184112548828,22,3.5625,5,5,0,405334016,EleutherAI/pythia-410m,step8,seed6,6,8
It was cough medicine.,It was prescription medicine.,medicine,medicine,Same Sense,0.057159423828125,23,3.5625,5,5,0,405334016,EleutherAI/pythia-410m,step8,seed6,6,8
It was cough medicine.,It was prescription medicine.,medicine,medicine,Same Sense,0.05638110637664795,24,3.5625,5,5,0,405334016,EleutherAI/pythia-410m,step8,seed6,6,8
It was orthopedic medicine.,It was veterinary medicine.,medicine,medicine,Same Sense,0.0,0,3.833333333,6,5,1,405334016,EleutherAI/pythia-410m,step8,seed6,6,8
It was orthopedic medicine.,It was veterinary medicine.,medicine,medicine,Same Sense,0.055287182331085205,1,3.833333333,6,5,1,405334016,EleutherAI/pythia-410m,step8,seed6,6,8
It was orthopedic medicine.,It was veterinary medicine.,medicine,medicine,Same Sense,0.07046353816986084,2,3.833333333,6,5,1,405334016,EleutherAI/pythia-410m,step8,seed6,6,8
It was orthopedic medicine.,It was veterinary medicine.,medicine,medicine,Same Sense,0.08065915107727051,3,3.833333333,6,5,1,405334016,EleutherAI/pythia-410m,step8,seed6,6,8
It was orthopedic medicine.,It was veterinary medicine.,medicine,medicine,Same Sense,0.08446025848388672,4,3.833333333,6,5,1,405334016,EleutherAI/pythia-410m,step8,seed6,6,8
It was orthopedic medicine.,It was veterinary medicine.,medicine,medicine,Same Sense,0.08411908149719238,5,3.833333333,6,5,1,405334016,EleutherAI/pythia-410m,step8,seed6,6,8
It was orthopedic medicine.,It was veterinary medicine.,medicine,medicine,Same Sense,0.08176112174987793,6,3.833333333,6,5,1,405334016,EleutherAI/pythia-410m,step8,seed6,6,8
It was orthopedic medicine.,It was veterinary medicine.,medicine,medicine,Same Sense,0.08007770776748657,7,3.833333333,6,5,1,405334016,EleutherAI/pythia-410m,step8,seed6,6,8
It was orthopedic medicine.,It was veterinary medicine.,medicine,medicine,Same Sense,0.07584786415100098,8,3.833333333,6,5,1,405334016,EleutherAI/pythia-410m,step8,seed6,6,8
It was orthopedic medicine.,It was veterinary medicine.,medicine,medicine,Same Sense,0.07368743419647217,9,3.833333333,6,5,1,405334016,EleutherAI/pythia-410m,step8,seed6,6,8
It was orthopedic medicine.,It was veterinary medicine.,medicine,medicine,Same Sense,0.07602095603942871,10,3.833333333,6,5,1,405334016,EleutherAI/pythia-410m,step8,seed6,6,8
It was orthopedic medicine.,It was veterinary medicine.,medicine,medicine,Same Sense,0.07336652278900146,11,3.833333333,6,5,1,405334016,EleutherAI/pythia-410m,step8,seed6,6,8
It was orthopedic medicine.,It was veterinary medicine.,medicine,medicine,Same Sense,0.07379090785980225,12,3.833333333,6,5,1,405334016,EleutherAI/pythia-410m,step8,seed6,6,8
It was orthopedic medicine.,It was veterinary medicine.,medicine,medicine,Same Sense,0.07099658250808716,13,3.833333333,6,5,1,405334016,EleutherAI/pythia-410m,step8,seed6,6,8
It was orthopedic medicine.,It was veterinary medicine.,medicine,medicine,Same Sense,0.07110673189163208,14,3.833333333,6,5,1,405334016,EleutherAI/pythia-410m,step8,seed6,6,8
It was orthopedic medicine.,It was veterinary medicine.,medicine,medicine,Same Sense,0.07078295946121216,15,3.833333333,6,5,1,405334016,EleutherAI/pythia-410m,step8,seed6,6,8
It was orthopedic medicine.,It was veterinary medicine.,medicine,medicine,Same Sense,0.07098054885864258,16,3.833333333,6,5,1,405334016,EleutherAI/pythia-410m,step8,seed6,6,8
It was orthopedic medicine.,It was veterinary medicine.,medicine,medicine,Same Sense,0.07080399990081787,17,3.833333333,6,5,1,405334016,EleutherAI/pythia-410m,step8,seed6,6,8
It was orthopedic medicine.,It was veterinary medicine.,medicine,medicine,Same Sense,0.07114046812057495,18,3.833333333,6,5,1,405334016,EleutherAI/pythia-410m,step8,seed6,6,8
It was orthopedic medicine.,It was veterinary medicine.,medicine,medicine,Same Sense,0.06923574209213257,19,3.833333333,6,5,1,405334016,EleutherAI/pythia-410m,step8,seed6,6,8
It was orthopedic medicine.,It was veterinary medicine.,medicine,medicine,Same Sense,0.0674750804901123,20,3.833333333,6,5,1,405334016,EleutherAI/pythia-410m,step8,seed6,6,8
It was orthopedic medicine.,It was veterinary medicine.,medicine,medicine,Same Sense,0.0657089352607727,21,3.833333333,6,5,1,405334016,EleutherAI/pythia-410m,step8,seed6,6,8
It was orthopedic medicine.,It was veterinary medicine.,medicine,medicine,Same Sense,0.06363356113433838,22,3.833333333,6,5,1,405334016,EleutherAI/pythia-410m,step8,seed6,6,8
It was orthopedic medicine.,It was veterinary medicine.,medicine,medicine,Same Sense,0.06101715564727783,23,3.833333333,6,5,1,405334016,EleutherAI/pythia-410m,step8,seed6,6,8
It was orthopedic medicine.,It was veterinary medicine.,medicine,medicine,Same Sense,0.06224185228347778,24,3.833333333,6,5,1,405334016,EleutherAI/pythia-410m,step8,seed6,6,8
There was a phone message.,There was an urgent message.,message,message,Different Sense,0.0,0,3.5,6,6,0,405334016,EleutherAI/pythia-410m,step8,seed6,6,8
There was a phone message.,There was an urgent message.,message,message,Different Sense,0.0504721999168396,1,3.5,6,6,0,405334016,EleutherAI/pythia-410m,step8,seed6,6,8
There was a phone message.,There was an urgent message.,message,message,Different Sense,0.07449698448181152,2,3.5,6,6,0,405334016,EleutherAI/pythia-410m,step8,seed6,6,8
There was a phone message.,There was an urgent message.,message,message,Different Sense,0.08106523752212524,3,3.5,6,6,0,405334016,EleutherAI/pythia-410m,step8,seed6,6,8
There was a phone message.,There was an urgent message.,message,message,Different Sense,0.08733212947845459,4,3.5,6,6,0,405334016,EleutherAI/pythia-410m,step8,seed6,6,8
There was a phone message.,There was an urgent message.,message,message,Different Sense,0.08998644351959229,5,3.5,6,6,0,405334016,EleutherAI/pythia-410m,step8,seed6,6,8
There was a phone message.,There was an urgent message.,message,message,Different Sense,0.0952984094619751,6,3.5,6,6,0,405334016,EleutherAI/pythia-410m,step8,seed6,6,8
There was a phone message.,There was an urgent message.,message,message,Different Sense,0.09603840112686157,7,3.5,6,6,0,405334016,EleutherAI/pythia-410m,step8,seed6,6,8
There was a phone message.,There was an urgent message.,message,message,Different Sense,0.09216552972793579,8,3.5,6,6,0,405334016,EleutherAI/pythia-410m,step8,seed6,6,8
There was a phone message.,There was an urgent message.,message,message,Different Sense,0.08812987804412842,9,3.5,6,6,0,405334016,EleutherAI/pythia-410m,step8,seed6,6,8
There was a phone message.,There was an urgent message.,message,message,Different Sense,0.088398277759552,10,3.5,6,6,0,405334016,EleutherAI/pythia-410m,step8,seed6,6,8
There was a phone message.,There was an urgent message.,message,message,Different Sense,0.08374661207199097,11,3.5,6,6,0,405334016,EleutherAI/pythia-410m,step8,seed6,6,8
There was a phone message.,There was an urgent message.,message,message,Different Sense,0.08184540271759033,12,3.5,6,6,0,405334016,EleutherAI/pythia-410m,step8,seed6,6,8
There was a phone message.,There was an urgent message.,message,message,Different Sense,0.08270329236984253,13,3.5,6,6,0,405334016,EleutherAI/pythia-410m,step8,seed6,6,8
There was a phone message.,There was an urgent message.,message,message,Different Sense,0.07988852262496948,14,3.5,6,6,0,405334016,EleutherAI/pythia-410m,step8,seed6,6,8
There was a phone message.,There was an urgent message.,message,message,Different Sense,0.07919621467590332,15,3.5,6,6,0,405334016,EleutherAI/pythia-410m,step8,seed6,6,8
There was a phone message.,There was an urgent message.,message,message,Different Sense,0.07837116718292236,16,3.5,6,6,0,405334016,EleutherAI/pythia-410m,step8,seed6,6,8
There was a phone message.,There was an urgent message.,message,message,Different Sense,0.07977640628814697,17,3.5,6,6,0,405334016,EleutherAI/pythia-410m,step8,seed6,6,8
There was a phone message.,There was an urgent message.,message,message,Different Sense,0.07841050624847412,18,3.5,6,6,0,405334016,EleutherAI/pythia-410m,step8,seed6,6,8
There was a phone message.,There was an urgent message.,message,message,Different Sense,0.07665568590164185,19,3.5,6,6,0,405334016,EleutherAI/pythia-410m,step8,seed6,6,8
There was a phone message.,There was an urgent message.,message,message,Different Sense,0.07559287548065186,20,3.5,6,6,0,405334016,EleutherAI/pythia-410m,step8,seed6,6,8
There was a phone message.,There was an urgent message.,message,message,Different Sense,0.07206118106842041,21,3.5,6,6,0,405334016,EleutherAI/pythia-410m,step8,seed6,6,8
There was a phone message.,There was an urgent message.,message,message,Different Sense,0.06938350200653076,22,3.5,6,6,0,405334016,EleutherAI/pythia-410m,step8,seed6,6,8
There was a phone message.,There was an urgent message.,message,message,Different Sense,0.06796878576278687,23,3.5,6,6,0,405334016,EleutherAI/pythia-410m,step8,seed6,6,8
There was a phone message.,There was an urgent message.,message,message,Different Sense,0.06760966777801514,24,3.5,6,6,0,405334016,EleutherAI/pythia-410m,step8,seed6,6,8
There was a phone message.,There was a clear message.,message,message,Different Sense,0.0,0,2.125,6,6,0,405334016,EleutherAI/pythia-410m,step8,seed6,6,8
There was a phone message.,There was a clear message.,message,message,Different Sense,0.02769327163696289,1,2.125,6,6,0,405334016,EleutherAI/pythia-410m,step8,seed6,6,8
There was a phone message.,There was a clear message.,message,message,Different Sense,0.037075042724609375,2,2.125,6,6,0,405334016,EleutherAI/pythia-410m,step8,seed6,6,8
There was a phone message.,There was a clear message.,message,message,Different Sense,0.0436062216758728,3,2.125,6,6,0,405334016,EleutherAI/pythia-410m,step8,seed6,6,8
There was a phone message.,There was a clear message.,message,message,Different Sense,0.04517143964767456,4,2.125,6,6,0,405334016,EleutherAI/pythia-410m,step8,seed6,6,8
There was a phone message.,There was a clear message.,message,message,Different Sense,0.04767000675201416,5,2.125,6,6,0,405334016,EleutherAI/pythia-410m,step8,seed6,6,8
There was a phone message.,There was a clear message.,message,message,Different Sense,0.0478513240814209,6,2.125,6,6,0,405334016,EleutherAI/pythia-410m,step8,seed6,6,8
There was a phone message.,There was a clear message.,message,message,Different Sense,0.04920285940170288,7,2.125,6,6,0,405334016,EleutherAI/pythia-410m,step8,seed6,6,8
There was a phone message.,There was a clear message.,message,message,Different Sense,0.04604947566986084,8,2.125,6,6,0,405334016,EleutherAI/pythia-410m,step8,seed6,6,8
There was a phone message.,There was a clear message.,message,message,Different Sense,0.04500937461853027,9,2.125,6,6,0,405334016,EleutherAI/pythia-410m,step8,seed6,6,8
There was a phone message.,There was a clear message.,message,message,Different Sense,0.04540383815765381,10,2.125,6,6,0,405334016,EleutherAI/pythia-410m,step8,seed6,6,8
There was a phone message.,There was a clear message.,message,message,Different Sense,0.04266482591629028,11,2.125,6,6,0,405334016,EleutherAI/pythia-410m,step8,seed6,6,8
There was a phone message.,There was a clear message.,message,message,Different Sense,0.04192429780960083,12,2.125,6,6,0,405334016,EleutherAI/pythia-410m,step8,seed6,6,8
There was a phone message.,There was a clear message.,message,message,Different Sense,0.04184567928314209,13,2.125,6,6,0,405334016,EleutherAI/pythia-410m,step8,seed6,6,8
There was a phone message.,There was a clear message.,message,message,Different Sense,0.040465593338012695,14,2.125,6,6,0,405334016,EleutherAI/pythia-410m,step8,seed6,6,8
There was a phone message.,There was a clear message.,message,message,Different Sense,0.040857553482055664,15,2.125,6,6,0,405334016,EleutherAI/pythia-410m,step8,seed6,6,8
There was a phone message.,There was a clear message.,message,message,Different Sense,0.03992539644241333,16,2.125,6,6,0,405334016,EleutherAI/pythia-410m,step8,seed6,6,8
There was a phone message.,There was a clear message.,message,message,Different Sense,0.04009449481964111,17,2.125,6,6,0,405334016,EleutherAI/pythia-410m,step8,seed6,6,8
There was a phone message.,There was a clear message.,message,message,Different Sense,0.03949373960494995,18,2.125,6,6,0,405334016,EleutherAI/pythia-410m,step8,seed6,6,8
There was a phone message.,There was a clear message.,message,message,Different Sense,0.03936487436294556,19,2.125,6,6,0,405334016,EleutherAI/pythia-410m,step8,seed6,6,8
There was a phone message.,There was a clear message.,message,message,Different Sense,0.039707839488983154,20,2.125,6,6,0,405334016,EleutherAI/pythia-410m,step8,seed6,6,8
There was a phone message.,There was a clear message.,message,message,Different Sense,0.038475871086120605,21,2.125,6,6,0,405334016,EleutherAI/pythia-410m,step8,seed6,6,8
There was a phone message.,There was a clear message.,message,message,Different Sense,0.03693491220474243,22,2.125,6,6,0,405334016,EleutherAI/pythia-410m,step8,seed6,6,8
There was a phone message.,There was a clear message.,message,message,Different Sense,0.035305917263031006,23,2.125,6,6,0,405334016,EleutherAI/pythia-410m,step8,seed6,6,8
There was a phone message.,There was a clear message.,message,message,Different Sense,0.03500044345855713,24,2.125,6,6,0,405334016,EleutherAI/pythia-410m,step8,seed6,6,8
There was a computer message.,There was an urgent message.,message,message,Different Sense,0.0,0,3.0,6,6,0,405334016,EleutherAI/pythia-410m,step8,seed6,6,8
There was a computer message.,There was an urgent message.,message,message,Different Sense,0.04848778247833252,1,3.0,6,6,0,405334016,EleutherAI/pythia-410m,step8,seed6,6,8
There was a computer message.,There was an urgent message.,message,message,Different Sense,0.07056891918182373,2,3.0,6,6,0,405334016,EleutherAI/pythia-410m,step8,seed6,6,8
There was a computer message.,There was an urgent message.,message,message,Different Sense,0.07395410537719727,3,3.0,6,6,0,405334016,EleutherAI/pythia-410m,step8,seed6,6,8
There was a computer message.,There was an urgent message.,message,message,Different Sense,0.08074772357940674,4,3.0,6,6,0,405334016,EleutherAI/pythia-410m,step8,seed6,6,8
There was a computer message.,There was an urgent message.,message,message,Different Sense,0.08539342880249023,5,3.0,6,6,0,405334016,EleutherAI/pythia-410m,step8,seed6,6,8
There was a computer message.,There was an urgent message.,message,message,Different Sense,0.08894377946853638,6,3.0,6,6,0,405334016,EleutherAI/pythia-410m,step8,seed6,6,8
There was a computer message.,There was an urgent message.,message,message,Different Sense,0.09062236547470093,7,3.0,6,6,0,405334016,EleutherAI/pythia-410m,step8,seed6,6,8
There was a computer message.,There was an urgent message.,message,message,Different Sense,0.08620601892471313,8,3.0,6,6,0,405334016,EleutherAI/pythia-410m,step8,seed6,6,8
There was a computer message.,There was an urgent message.,message,message,Different Sense,0.0852891206741333,9,3.0,6,6,0,405334016,EleutherAI/pythia-410m,step8,seed6,6,8
There was a computer message.,There was an urgent message.,message,message,Different Sense,0.08710372447967529,10,3.0,6,6,0,405334016,EleutherAI/pythia-410m,step8,seed6,6,8
There was a computer message.,There was an urgent message.,message,message,Different Sense,0.08370345830917358,11,3.0,6,6,0,405334016,EleutherAI/pythia-410m,step8,seed6,6,8
There was a computer message.,There was an urgent message.,message,message,Different Sense,0.07892262935638428,12,3.0,6,6,0,405334016,EleutherAI/pythia-410m,step8,seed6,6,8
There was a computer message.,There was an urgent message.,message,message,Different Sense,0.07975959777832031,13,3.0,6,6,0,405334016,EleutherAI/pythia-410m,step8,seed6,6,8
There was a computer message.,There was an urgent message.,message,message,Different Sense,0.07573890686035156,14,3.0,6,6,0,405334016,EleutherAI/pythia-410m,step8,seed6,6,8
There was a computer message.,There was an urgent message.,message,message,Different Sense,0.07578295469284058,15,3.0,6,6,0,405334016,EleutherAI/pythia-410m,step8,seed6,6,8
There was a computer message.,There was an urgent message.,message,message,Different Sense,0.07358092069625854,16,3.0,6,6,0,405334016,EleutherAI/pythia-410m,step8,seed6,6,8
There was a computer message.,There was an urgent message.,message,message,Different Sense,0.07316857576370239,17,3.0,6,6,0,405334016,EleutherAI/pythia-410m,step8,seed6,6,8
There was a computer message.,There was an urgent message.,message,message,Different Sense,0.07141619920730591,18,3.0,6,6,0,405334016,EleutherAI/pythia-410m,step8,seed6,6,8
There was a computer message.,There was an urgent message.,message,message,Different Sense,0.07080715894699097,19,3.0,6,6,0,405334016,EleutherAI/pythia-410m,step8,seed6,6,8
There was a computer message.,There was an urgent message.,message,message,Different Sense,0.07008159160614014,20,3.0,6,6,0,405334016,EleutherAI/pythia-410m,step8,seed6,6,8
There was a computer message.,There was an urgent message.,message,message,Different Sense,0.06805253028869629,21,3.0,6,6,0,405334016,EleutherAI/pythia-410m,step8,seed6,6,8
There was a computer message.,There was an urgent message.,message,message,Different Sense,0.06593495607376099,22,3.0,6,6,0,405334016,EleutherAI/pythia-410m,step8,seed6,6,8
There was a computer message.,There was an urgent message.,message,message,Different Sense,0.06405866146087646,23,3.0,6,6,0,405334016,EleutherAI/pythia-410m,step8,seed6,6,8
There was a computer message.,There was an urgent message.,message,message,Different Sense,0.06391733884811401,24,3.0,6,6,0,405334016,EleutherAI/pythia-410m,step8,seed6,6,8
There was a computer message.,There was a clear message.,message,message,Different Sense,0.0,0,2.8125,6,6,0,405334016,EleutherAI/pythia-410m,step8,seed6,6,8
There was a computer message.,There was a clear message.,message,message,Different Sense,0.030821025371551514,1,2.8125,6,6,0,405334016,EleutherAI/pythia-410m,step8,seed6,6,8
There was a computer message.,There was a clear message.,message,message,Different Sense,0.041097402572631836,2,2.8125,6,6,0,405334016,EleutherAI/pythia-410m,step8,seed6,6,8
There was a computer message.,There was a clear message.,message,message,Different Sense,0.043779969215393066,3,2.8125,6,6,0,405334016,EleutherAI/pythia-410m,step8,seed6,6,8
There was a computer message.,There was a clear message.,message,message,Different Sense,0.04787242412567139,4,2.8125,6,6,0,405334016,EleutherAI/pythia-410m,step8,seed6,6,8
There was a computer message.,There was a clear message.,message,message,Different Sense,0.04942524433135986,5,2.8125,6,6,0,405334016,EleutherAI/pythia-410m,step8,seed6,6,8
There was a computer message.,There was a clear message.,message,message,Different Sense,0.04820382595062256,6,2.8125,6,6,0,405334016,EleutherAI/pythia-410m,step8,seed6,6,8
There was a computer message.,There was a clear message.,message,message,Different Sense,0.04839664697647095,7,2.8125,6,6,0,405334016,EleutherAI/pythia-410m,step8,seed6,6,8
There was a computer message.,There was a clear message.,message,message,Different Sense,0.04723954200744629,8,2.8125,6,6,0,405334016,EleutherAI/pythia-410m,step8,seed6,6,8
There was a computer message.,There was a clear message.,message,message,Different Sense,0.04719364643096924,9,2.8125,6,6,0,405334016,EleutherAI/pythia-410m,step8,seed6,6,8
There was a computer message.,There was a clear message.,message,message,Different Sense,0.0474926233291626,10,2.8125,6,6,0,405334016,EleutherAI/pythia-410m,step8,seed6,6,8
There was a computer message.,There was a clear message.,message,message,Different Sense,0.0452427864074707,11,2.8125,6,6,0,405334016,EleutherAI/pythia-410m,step8,seed6,6,8
There was a computer message.,There was a clear message.,message,message,Different Sense,0.043677568435668945,12,2.8125,6,6,0,405334016,EleutherAI/pythia-410m,step8,seed6,6,8
There was a computer message.,There was a clear message.,message,message,Different Sense,0.04321277141571045,13,2.8125,6,6,0,405334016,EleutherAI/pythia-410m,step8,seed6,6,8
There was a computer message.,There was a clear message.,message,message,Different Sense,0.04258614778518677,14,2.8125,6,6,0,405334016,EleutherAI/pythia-410m,step8,seed6,6,8
There was a computer message.,There was a clear message.,message,message,Different Sense,0.042055606842041016,15,2.8125,6,6,0,405334016,EleutherAI/pythia-410m,step8,seed6,6,8
There was a computer message.,There was a clear message.,message,message,Different Sense,0.04093271493911743,16,2.8125,6,6,0,405334016,EleutherAI/pythia-410m,step8,seed6,6,8
There was a computer message.,There was a clear message.,message,message,Different Sense,0.040758609771728516,17,2.8125,6,6,0,405334016,EleutherAI/pythia-410m,step8,seed6,6,8
There was a computer message.,There was a clear message.,message,message,Different Sense,0.039782583713531494,18,2.8125,6,6,0,405334016,EleutherAI/pythia-410m,step8,seed6,6,8
There was a computer message.,There was a clear message.,message,message,Different Sense,0.03915667533874512,19,2.8125,6,6,0,405334016,EleutherAI/pythia-410m,step8,seed6,6,8
There was a computer message.,There was a clear message.,message,message,Different Sense,0.03918266296386719,20,2.8125,6,6,0,405334016,EleutherAI/pythia-410m,step8,seed6,6,8
There was a computer message.,There was a clear message.,message,message,Different Sense,0.03787493705749512,21,2.8125,6,6,0,405334016,EleutherAI/pythia-410m,step8,seed6,6,8
There was a computer message.,There was a clear message.,message,message,Different Sense,0.03699833154678345,22,2.8125,6,6,0,405334016,EleutherAI/pythia-410m,step8,seed6,6,8
There was a computer message.,There was a clear message.,message,message,Different Sense,0.035603344440460205,23,2.8125,6,6,0,405334016,EleutherAI/pythia-410m,step8,seed6,6,8
There was a computer message.,There was a clear message.,message,message,Different Sense,0.03564441204071045,24,2.8125,6,6,0,405334016,EleutherAI/pythia-410m,step8,seed6,6,8
There was a phone message.,There was a computer message.,message,message,Same Sense,0.0,0,3.727272727,6,6,0,405334016,EleutherAI/pythia-410m,step8,seed6,6,8
There was a phone message.,There was a computer message.,message,message,Same Sense,0.02714359760284424,1,3.727272727,6,6,0,405334016,EleutherAI/pythia-410m,step8,seed6,6,8
There was a phone message.,There was a computer message.,message,message,Same Sense,0.037538766860961914,2,3.727272727,6,6,0,405334016,EleutherAI/pythia-410m,step8,seed6,6,8
There was a phone message.,There was a computer message.,message,message,Same Sense,0.042473554611206055,3,3.727272727,6,6,0,405334016,EleutherAI/pythia-410m,step8,seed6,6,8
There was a phone message.,There was a computer message.,message,message,Same Sense,0.04580610990524292,4,3.727272727,6,6,0,405334016,EleutherAI/pythia-410m,step8,seed6,6,8
There was a phone message.,There was a computer message.,message,message,Same Sense,0.04778635501861572,5,3.727272727,6,6,0,405334016,EleutherAI/pythia-410m,step8,seed6,6,8
There was a phone message.,There was a computer message.,message,message,Same Sense,0.04648005962371826,6,3.727272727,6,6,0,405334016,EleutherAI/pythia-410m,step8,seed6,6,8
There was a phone message.,There was a computer message.,message,message,Same Sense,0.04737448692321777,7,3.727272727,6,6,0,405334016,EleutherAI/pythia-410m,step8,seed6,6,8
There was a phone message.,There was a computer message.,message,message,Same Sense,0.04504424333572388,8,3.727272727,6,6,0,405334016,EleutherAI/pythia-410m,step8,seed6,6,8
There was a phone message.,There was a computer message.,message,message,Same Sense,0.0464092493057251,9,3.727272727,6,6,0,405334016,EleutherAI/pythia-410m,step8,seed6,6,8
There was a phone message.,There was a computer message.,message,message,Same Sense,0.04541492462158203,10,3.727272727,6,6,0,405334016,EleutherAI/pythia-410m,step8,seed6,6,8
There was a phone message.,There was a computer message.,message,message,Same Sense,0.04372525215148926,11,3.727272727,6,6,0,405334016,EleutherAI/pythia-410m,step8,seed6,6,8
There was a phone message.,There was a computer message.,message,message,Same Sense,0.04162222146987915,12,3.727272727,6,6,0,405334016,EleutherAI/pythia-410m,step8,seed6,6,8
There was a phone message.,There was a computer message.,message,message,Same Sense,0.04162311553955078,13,3.727272727,6,6,0,405334016,EleutherAI/pythia-410m,step8,seed6,6,8
There was a phone message.,There was a computer message.,message,message,Same Sense,0.04048597812652588,14,3.727272727,6,6,0,405334016,EleutherAI/pythia-410m,step8,seed6,6,8
There was a phone message.,There was a computer message.,message,message,Same Sense,0.04008901119232178,15,3.727272727,6,6,0,405334016,EleutherAI/pythia-410m,step8,seed6,6,8
There was a phone message.,There was a computer message.,message,message,Same Sense,0.03929471969604492,16,3.727272727,6,6,0,405334016,EleutherAI/pythia-410m,step8,seed6,6,8
There was a phone message.,There was a computer message.,message,message,Same Sense,0.039331793785095215,17,3.727272727,6,6,0,405334016,EleutherAI/pythia-410m,step8,seed6,6,8
There was a phone message.,There was a computer message.,message,message,Same Sense,0.03755331039428711,18,3.727272727,6,6,0,405334016,EleutherAI/pythia-410m,step8,seed6,6,8
There was a phone message.,There was a computer message.,message,message,Same Sense,0.03727084398269653,19,3.727272727,6,6,0,405334016,EleutherAI/pythia-410m,step8,seed6,6,8
There was a phone message.,There was a computer message.,message,message,Same Sense,0.03639674186706543,20,3.727272727,6,6,0,405334016,EleutherAI/pythia-410m,step8,seed6,6,8
There was a phone message.,There was a computer message.,message,message,Same Sense,0.03528672456741333,21,3.727272727,6,6,0,405334016,EleutherAI/pythia-410m,step8,seed6,6,8
There was a phone message.,There was a computer message.,message,message,Same Sense,0.03377258777618408,22,3.727272727,6,6,0,405334016,EleutherAI/pythia-410m,step8,seed6,6,8
There was a phone message.,There was a computer message.,message,message,Same Sense,0.03284013271331787,23,3.727272727,6,6,0,405334016,EleutherAI/pythia-410m,step8,seed6,6,8
There was a phone message.,There was a computer message.,message,message,Same Sense,0.032619357109069824,24,3.727272727,6,6,0,405334016,EleutherAI/pythia-410m,step8,seed6,6,8
There was an urgent message.,There was a clear message.,message,message,Same Sense,0.0,0,3.705882353,6,6,0,405334016,EleutherAI/pythia-410m,step8,seed6,6,8
There was an urgent message.,There was a clear message.,message,message,Same Sense,0.04531395435333252,1,3.705882353,6,6,0,405334016,EleutherAI/pythia-410m,step8,seed6,6,8
There was an urgent message.,There was a clear message.,message,message,Same Sense,0.06695407629013062,2,3.705882353,6,6,0,405334016,EleutherAI/pythia-410m,step8,seed6,6,8
There was an urgent message.,There was a clear message.,message,message,Same Sense,0.07271724939346313,3,3.705882353,6,6,0,405334016,EleutherAI/pythia-410m,step8,seed6,6,8
There was an urgent message.,There was a clear message.,message,message,Same Sense,0.07938587665557861,4,3.705882353,6,6,0,405334016,EleutherAI/pythia-410m,step8,seed6,6,8
There was an urgent message.,There was a clear message.,message,message,Same Sense,0.08351540565490723,5,3.705882353,6,6,0,405334016,EleutherAI/pythia-410m,step8,seed6,6,8
There was an urgent message.,There was a clear message.,message,message,Same Sense,0.08484292030334473,6,3.705882353,6,6,0,405334016,EleutherAI/pythia-410m,step8,seed6,6,8
There was an urgent message.,There was a clear message.,message,message,Same Sense,0.0871424674987793,7,3.705882353,6,6,0,405334016,EleutherAI/pythia-410m,step8,seed6,6,8
There was an urgent message.,There was a clear message.,message,message,Same Sense,0.0864608883857727,8,3.705882353,6,6,0,405334016,EleutherAI/pythia-410m,step8,seed6,6,8
There was an urgent message.,There was a clear message.,message,message,Same Sense,0.0833325982093811,9,3.705882353,6,6,0,405334016,EleutherAI/pythia-410m,step8,seed6,6,8
There was an urgent message.,There was a clear message.,message,message,Same Sense,0.08521288633346558,10,3.705882353,6,6,0,405334016,EleutherAI/pythia-410m,step8,seed6,6,8
There was an urgent message.,There was a clear message.,message,message,Same Sense,0.08120465278625488,11,3.705882353,6,6,0,405334016,EleutherAI/pythia-410m,step8,seed6,6,8
There was an urgent message.,There was a clear message.,message,message,Same Sense,0.07688182592391968,12,3.705882353,6,6,0,405334016,EleutherAI/pythia-410m,step8,seed6,6,8
There was an urgent message.,There was a clear message.,message,message,Same Sense,0.07819783687591553,13,3.705882353,6,6,0,405334016,EleutherAI/pythia-410m,step8,seed6,6,8
There was an urgent message.,There was a clear message.,message,message,Same Sense,0.07363933324813843,14,3.705882353,6,6,0,405334016,EleutherAI/pythia-410m,step8,seed6,6,8
There was an urgent message.,There was a clear message.,message,message,Same Sense,0.07362431287765503,15,3.705882353,6,6,0,405334016,EleutherAI/pythia-410m,step8,seed6,6,8
There was an urgent message.,There was a clear message.,message,message,Same Sense,0.07238227128982544,16,3.705882353,6,6,0,405334016,EleutherAI/pythia-410m,step8,seed6,6,8
There was an urgent message.,There was a clear message.,message,message,Same Sense,0.0730944275856018,17,3.705882353,6,6,0,405334016,EleutherAI/pythia-410m,step8,seed6,6,8
There was an urgent message.,There was a clear message.,message,message,Same Sense,0.07162982225418091,18,3.705882353,6,6,0,405334016,EleutherAI/pythia-410m,step8,seed6,6,8
There was an urgent message.,There was a clear message.,message,message,Same Sense,0.07157576084136963,19,3.705882353,6,6,0,405334016,EleutherAI/pythia-410m,step8,seed6,6,8
There was an urgent message.,There was a clear message.,message,message,Same Sense,0.0710371732711792,20,3.705882353,6,6,0,405334016,EleutherAI/pythia-410m,step8,seed6,6,8
There was an urgent message.,There was a clear message.,message,message,Same Sense,0.06883019208908081,21,3.705882353,6,6,0,405334016,EleutherAI/pythia-410m,step8,seed6,6,8
There was an urgent message.,There was a clear message.,message,message,Same Sense,0.06678217649459839,22,3.705882353,6,6,0,405334016,EleutherAI/pythia-410m,step8,seed6,6,8
There was an urgent message.,There was a clear message.,message,message,Same Sense,0.0645071268081665,23,3.705882353,6,6,0,405334016,EleutherAI/pythia-410m,step8,seed6,6,8
There was an urgent message.,There was a clear message.,message,message,Same Sense,0.06419610977172852,24,3.705882353,6,6,0,405334016,EleutherAI/pythia-410m,step8,seed6,6,8
It was a fungal mold.,It was a rubber mold.,mold,mold,Different Sense,0.0,0,0.133333333,6,6,0,405334016,EleutherAI/pythia-410m,step8,seed6,6,8
It was a fungal mold.,It was a rubber mold.,mold,mold,Different Sense,0.028203964233398438,1,0.133333333,6,6,0,405334016,EleutherAI/pythia-410m,step8,seed6,6,8
It was a fungal mold.,It was a rubber mold.,mold,mold,Different Sense,0.03778129816055298,2,0.133333333,6,6,0,405334016,EleutherAI/pythia-410m,step8,seed6,6,8
It was a fungal mold.,It was a rubber mold.,mold,mold,Different Sense,0.04203450679779053,3,0.133333333,6,6,0,405334016,EleutherAI/pythia-410m,step8,seed6,6,8
It was a fungal mold.,It was a rubber mold.,mold,mold,Different Sense,0.04172790050506592,4,0.133333333,6,6,0,405334016,EleutherAI/pythia-410m,step8,seed6,6,8
It was a fungal mold.,It was a rubber mold.,mold,mold,Different Sense,0.04422837495803833,5,0.133333333,6,6,0,405334016,EleutherAI/pythia-410m,step8,seed6,6,8
It was a fungal mold.,It was a rubber mold.,mold,mold,Different Sense,0.04557281732559204,6,0.133333333,6,6,0,405334016,EleutherAI/pythia-410m,step8,seed6,6,8
It was a fungal mold.,It was a rubber mold.,mold,mold,Different Sense,0.04671519994735718,7,0.133333333,6,6,0,405334016,EleutherAI/pythia-410m,step8,seed6,6,8
It was a fungal mold.,It was a rubber mold.,mold,mold,Different Sense,0.04568970203399658,8,0.133333333,6,6,0,405334016,EleutherAI/pythia-410m,step8,seed6,6,8
It was a fungal mold.,It was a rubber mold.,mold,mold,Different Sense,0.04711979627609253,9,0.133333333,6,6,0,405334016,EleutherAI/pythia-410m,step8,seed6,6,8
It was a fungal mold.,It was a rubber mold.,mold,mold,Different Sense,0.04745584726333618,10,0.133333333,6,6,0,405334016,EleutherAI/pythia-410m,step8,seed6,6,8
It was a fungal mold.,It was a rubber mold.,mold,mold,Different Sense,0.04526984691619873,11,0.133333333,6,6,0,405334016,EleutherAI/pythia-410m,step8,seed6,6,8
It was a fungal mold.,It was a rubber mold.,mold,mold,Different Sense,0.04420894384384155,12,0.133333333,6,6,0,405334016,EleutherAI/pythia-410m,step8,seed6,6,8
It was a fungal mold.,It was a rubber mold.,mold,mold,Different Sense,0.04358011484146118,13,0.133333333,6,6,0,405334016,EleutherAI/pythia-410m,step8,seed6,6,8
It was a fungal mold.,It was a rubber mold.,mold,mold,Different Sense,0.042571961879730225,14,0.133333333,6,6,0,405334016,EleutherAI/pythia-410m,step8,seed6,6,8
It was a fungal mold.,It was a rubber mold.,mold,mold,Different Sense,0.04329103231430054,15,0.133333333,6,6,0,405334016,EleutherAI/pythia-410m,step8,seed6,6,8
It was a fungal mold.,It was a rubber mold.,mold,mold,Different Sense,0.04158449172973633,16,0.133333333,6,6,0,405334016,EleutherAI/pythia-410m,step8,seed6,6,8
It was a fungal mold.,It was a rubber mold.,mold,mold,Different Sense,0.04124945402145386,17,0.133333333,6,6,0,405334016,EleutherAI/pythia-410m,step8,seed6,6,8
It was a fungal mold.,It was a rubber mold.,mold,mold,Different Sense,0.040025949478149414,18,0.133333333,6,6,0,405334016,EleutherAI/pythia-410m,step8,seed6,6,8
It was a fungal mold.,It was a rubber mold.,mold,mold,Different Sense,0.03887432813644409,19,0.133333333,6,6,0,405334016,EleutherAI/pythia-410m,step8,seed6,6,8
It was a fungal mold.,It was a rubber mold.,mold,mold,Different Sense,0.038662612438201904,20,0.133333333,6,6,0,405334016,EleutherAI/pythia-410m,step8,seed6,6,8
It was a fungal mold.,It was a rubber mold.,mold,mold,Different Sense,0.03685683012008667,21,0.133333333,6,6,0,405334016,EleutherAI/pythia-410m,step8,seed6,6,8
It was a fungal mold.,It was a rubber mold.,mold,mold,Different Sense,0.03519481420516968,22,0.133333333,6,6,0,405334016,EleutherAI/pythia-410m,step8,seed6,6,8
It was a fungal mold.,It was a rubber mold.,mold,mold,Different Sense,0.03441554307937622,23,0.133333333,6,6,0,405334016,EleutherAI/pythia-410m,step8,seed6,6,8
It was a fungal mold.,It was a rubber mold.,mold,mold,Different Sense,0.033424556255340576,24,0.133333333,6,6,0,405334016,EleutherAI/pythia-410m,step8,seed6,6,8
It was a fungal mold.,It was a clay mold.,mold,mold,Different Sense,0.0,0,0.916666667,6,6,0,405334016,EleutherAI/pythia-410m,step8,seed6,6,8
It was a fungal mold.,It was a clay mold.,mold,mold,Different Sense,0.0286027193069458,1,0.916666667,6,6,0,405334016,EleutherAI/pythia-410m,step8,seed6,6,8
It was a fungal mold.,It was a clay mold.,mold,mold,Different Sense,0.04087698459625244,2,0.916666667,6,6,0,405334016,EleutherAI/pythia-410m,step8,seed6,6,8
It was a fungal mold.,It was a clay mold.,mold,mold,Different Sense,0.043268024921417236,3,0.916666667,6,6,0,405334016,EleutherAI/pythia-410m,step8,seed6,6,8
It was a fungal mold.,It was a clay mold.,mold,mold,Different Sense,0.04349708557128906,4,0.916666667,6,6,0,405334016,EleutherAI/pythia-410m,step8,seed6,6,8
It was a fungal mold.,It was a clay mold.,mold,mold,Different Sense,0.04920250177383423,5,0.916666667,6,6,0,405334016,EleutherAI/pythia-410m,step8,seed6,6,8
It was a fungal mold.,It was a clay mold.,mold,mold,Different Sense,0.050638794898986816,6,0.916666667,6,6,0,405334016,EleutherAI/pythia-410m,step8,seed6,6,8
It was a fungal mold.,It was a clay mold.,mold,mold,Different Sense,0.05100804567337036,7,0.916666667,6,6,0,405334016,EleutherAI/pythia-410m,step8,seed6,6,8
It was a fungal mold.,It was a clay mold.,mold,mold,Different Sense,0.04809337854385376,8,0.916666667,6,6,0,405334016,EleutherAI/pythia-410m,step8,seed6,6,8
It was a fungal mold.,It was a clay mold.,mold,mold,Different Sense,0.0475350022315979,9,0.916666667,6,6,0,405334016,EleutherAI/pythia-410m,step8,seed6,6,8
It was a fungal mold.,It was a clay mold.,mold,mold,Different Sense,0.048232316970825195,10,0.916666667,6,6,0,405334016,EleutherAI/pythia-410m,step8,seed6,6,8
It was a fungal mold.,It was a clay mold.,mold,mold,Different Sense,0.046885669231414795,11,0.916666667,6,6,0,405334016,EleutherAI/pythia-410m,step8,seed6,6,8
It was a fungal mold.,It was a clay mold.,mold,mold,Different Sense,0.046303749084472656,12,0.916666667,6,6,0,405334016,EleutherAI/pythia-410m,step8,seed6,6,8
It was a fungal mold.,It was a clay mold.,mold,mold,Different Sense,0.04507946968078613,13,0.916666667,6,6,0,405334016,EleutherAI/pythia-410m,step8,seed6,6,8
It was a fungal mold.,It was a clay mold.,mold,mold,Different Sense,0.04439115524291992,14,0.916666667,6,6,0,405334016,EleutherAI/pythia-410m,step8,seed6,6,8
It was a fungal mold.,It was a clay mold.,mold,mold,Different Sense,0.04557144641876221,15,0.916666667,6,6,0,405334016,EleutherAI/pythia-410m,step8,seed6,6,8
It was a fungal mold.,It was a clay mold.,mold,mold,Different Sense,0.044157564640045166,16,0.916666667,6,6,0,405334016,EleutherAI/pythia-410m,step8,seed6,6,8
It was a fungal mold.,It was a clay mold.,mold,mold,Different Sense,0.04392969608306885,17,0.916666667,6,6,0,405334016,EleutherAI/pythia-410m,step8,seed6,6,8
It was a fungal mold.,It was a clay mold.,mold,mold,Different Sense,0.04266482591629028,18,0.916666667,6,6,0,405334016,EleutherAI/pythia-410m,step8,seed6,6,8
It was a fungal mold.,It was a clay mold.,mold,mold,Different Sense,0.04160124063491821,19,0.916666667,6,6,0,405334016,EleutherAI/pythia-410m,step8,seed6,6,8
It was a fungal mold.,It was a clay mold.,mold,mold,Different Sense,0.0415458083152771,20,0.916666667,6,6,0,405334016,EleutherAI/pythia-410m,step8,seed6,6,8
It was a fungal mold.,It was a clay mold.,mold,mold,Different Sense,0.040743470191955566,21,0.916666667,6,6,0,405334016,EleutherAI/pythia-410m,step8,seed6,6,8
It was a fungal mold.,It was a clay mold.,mold,mold,Different Sense,0.03892481327056885,22,0.916666667,6,6,0,405334016,EleutherAI/pythia-410m,step8,seed6,6,8
It was a fungal mold.,It was a clay mold.,mold,mold,Different Sense,0.03808140754699707,23,0.916666667,6,6,0,405334016,EleutherAI/pythia-410m,step8,seed6,6,8
It was a fungal mold.,It was a clay mold.,mold,mold,Different Sense,0.03759819269180298,24,0.916666667,6,6,0,405334016,EleutherAI/pythia-410m,step8,seed6,6,8
It was a harmful mold.,It was a rubber mold.,mold,mold,Different Sense,0.0,0,0.111111111,6,6,0,405334016,EleutherAI/pythia-410m,step8,seed6,6,8
It was a harmful mold.,It was a rubber mold.,mold,mold,Different Sense,0.02547842264175415,1,0.111111111,6,6,0,405334016,EleutherAI/pythia-410m,step8,seed6,6,8
It was a harmful mold.,It was a rubber mold.,mold,mold,Different Sense,0.03602558374404907,2,0.111111111,6,6,0,405334016,EleutherAI/pythia-410m,step8,seed6,6,8
It was a harmful mold.,It was a rubber mold.,mold,mold,Different Sense,0.03994864225387573,3,0.111111111,6,6,0,405334016,EleutherAI/pythia-410m,step8,seed6,6,8
It was a harmful mold.,It was a rubber mold.,mold,mold,Different Sense,0.04053562879562378,4,0.111111111,6,6,0,405334016,EleutherAI/pythia-410m,step8,seed6,6,8
It was a harmful mold.,It was a rubber mold.,mold,mold,Different Sense,0.04260474443435669,5,0.111111111,6,6,0,405334016,EleutherAI/pythia-410m,step8,seed6,6,8
It was a harmful mold.,It was a rubber mold.,mold,mold,Different Sense,0.04397416114807129,6,0.111111111,6,6,0,405334016,EleutherAI/pythia-410m,step8,seed6,6,8
It was a harmful mold.,It was a rubber mold.,mold,mold,Different Sense,0.046498119831085205,7,0.111111111,6,6,0,405334016,EleutherAI/pythia-410m,step8,seed6,6,8
It was a harmful mold.,It was a rubber mold.,mold,mold,Different Sense,0.046530723571777344,8,0.111111111,6,6,0,405334016,EleutherAI/pythia-410m,step8,seed6,6,8
It was a harmful mold.,It was a rubber mold.,mold,mold,Different Sense,0.04883015155792236,9,0.111111111,6,6,0,405334016,EleutherAI/pythia-410m,step8,seed6,6,8
It was a harmful mold.,It was a rubber mold.,mold,mold,Different Sense,0.04863780736923218,10,0.111111111,6,6,0,405334016,EleutherAI/pythia-410m,step8,seed6,6,8
It was a harmful mold.,It was a rubber mold.,mold,mold,Different Sense,0.046517908573150635,11,0.111111111,6,6,0,405334016,EleutherAI/pythia-410m,step8,seed6,6,8
It was a harmful mold.,It was a rubber mold.,mold,mold,Different Sense,0.04652845859527588,12,0.111111111,6,6,0,405334016,EleutherAI/pythia-410m,step8,seed6,6,8
It was a harmful mold.,It was a rubber mold.,mold,mold,Different Sense,0.04590153694152832,13,0.111111111,6,6,0,405334016,EleutherAI/pythia-410m,step8,seed6,6,8
It was a harmful mold.,It was a rubber mold.,mold,mold,Different Sense,0.045352816581726074,14,0.111111111,6,6,0,405334016,EleutherAI/pythia-410m,step8,seed6,6,8
It was a harmful mold.,It was a rubber mold.,mold,mold,Different Sense,0.044566452503204346,15,0.111111111,6,6,0,405334016,EleutherAI/pythia-410m,step8,seed6,6,8
It was a harmful mold.,It was a rubber mold.,mold,mold,Different Sense,0.04262620210647583,16,0.111111111,6,6,0,405334016,EleutherAI/pythia-410m,step8,seed6,6,8
It was a harmful mold.,It was a rubber mold.,mold,mold,Different Sense,0.044185638427734375,17,0.111111111,6,6,0,405334016,EleutherAI/pythia-410m,step8,seed6,6,8
It was a harmful mold.,It was a rubber mold.,mold,mold,Different Sense,0.043845415115356445,18,0.111111111,6,6,0,405334016,EleutherAI/pythia-410m,step8,seed6,6,8
It was a harmful mold.,It was a rubber mold.,mold,mold,Different Sense,0.04379349946975708,19,0.111111111,6,6,0,405334016,EleutherAI/pythia-410m,step8,seed6,6,8
It was a harmful mold.,It was a rubber mold.,mold,mold,Different Sense,0.043267667293548584,20,0.111111111,6,6,0,405334016,EleutherAI/pythia-410m,step8,seed6,6,8
It was a harmful mold.,It was a rubber mold.,mold,mold,Different Sense,0.04217207431793213,21,0.111111111,6,6,0,405334016,EleutherAI/pythia-410m,step8,seed6,6,8
It was a harmful mold.,It was a rubber mold.,mold,mold,Different Sense,0.041190505027770996,22,0.111111111,6,6,0,405334016,EleutherAI/pythia-410m,step8,seed6,6,8
It was a harmful mold.,It was a rubber mold.,mold,mold,Different Sense,0.040817975997924805,23,0.111111111,6,6,0,405334016,EleutherAI/pythia-410m,step8,seed6,6,8
It was a harmful mold.,It was a rubber mold.,mold,mold,Different Sense,0.04103606939315796,24,0.111111111,6,6,0,405334016,EleutherAI/pythia-410m,step8,seed6,6,8
It was a harmful mold.,It was a clay mold.,mold,mold,Different Sense,0.0,0,0.357142857,6,6,0,405334016,EleutherAI/pythia-410m,step8,seed6,6,8
It was a harmful mold.,It was a clay mold.,mold,mold,Different Sense,0.02818167209625244,1,0.357142857,6,6,0,405334016,EleutherAI/pythia-410m,step8,seed6,6,8
It was a harmful mold.,It was a clay mold.,mold,mold,Different Sense,0.038816630840301514,2,0.357142857,6,6,0,405334016,EleutherAI/pythia-410m,step8,seed6,6,8
It was a harmful mold.,It was a clay mold.,mold,mold,Different Sense,0.03987693786621094,3,0.357142857,6,6,0,405334016,EleutherAI/pythia-410m,step8,seed6,6,8
It was a harmful mold.,It was a clay mold.,mold,mold,Different Sense,0.03978848457336426,4,0.357142857,6,6,0,405334016,EleutherAI/pythia-410m,step8,seed6,6,8
It was a harmful mold.,It was a clay mold.,mold,mold,Different Sense,0.04363071918487549,5,0.357142857,6,6,0,405334016,EleutherAI/pythia-410m,step8,seed6,6,8
It was a harmful mold.,It was a clay mold.,mold,mold,Different Sense,0.04376858472824097,6,0.357142857,6,6,0,405334016,EleutherAI/pythia-410m,step8,seed6,6,8
It was a harmful mold.,It was a clay mold.,mold,mold,Different Sense,0.0455775260925293,7,0.357142857,6,6,0,405334016,EleutherAI/pythia-410m,step8,seed6,6,8
It was a harmful mold.,It was a clay mold.,mold,mold,Different Sense,0.0440288782119751,8,0.357142857,6,6,0,405334016,EleutherAI/pythia-410m,step8,seed6,6,8
It was a harmful mold.,It was a clay mold.,mold,mold,Different Sense,0.04442548751831055,9,0.357142857,6,6,0,405334016,EleutherAI/pythia-410m,step8,seed6,6,8
It was a harmful mold.,It was a clay mold.,mold,mold,Different Sense,0.04314476251602173,10,0.357142857,6,6,0,405334016,EleutherAI/pythia-410m,step8,seed6,6,8
It was a harmful mold.,It was a clay mold.,mold,mold,Different Sense,0.04274195432662964,11,0.357142857,6,6,0,405334016,EleutherAI/pythia-410m,step8,seed6,6,8
It was a harmful mold.,It was a clay mold.,mold,mold,Different Sense,0.042784810066223145,12,0.357142857,6,6,0,405334016,EleutherAI/pythia-410m,step8,seed6,6,8
It was a harmful mold.,It was a clay mold.,mold,mold,Different Sense,0.04205179214477539,13,0.357142857,6,6,0,405334016,EleutherAI/pythia-410m,step8,seed6,6,8
It was a harmful mold.,It was a clay mold.,mold,mold,Different Sense,0.04107767343521118,14,0.357142857,6,6,0,405334016,EleutherAI/pythia-410m,step8,seed6,6,8
It was a harmful mold.,It was a clay mold.,mold,mold,Different Sense,0.041319191455841064,15,0.357142857,6,6,0,405334016,EleutherAI/pythia-410m,step8,seed6,6,8
It was a harmful mold.,It was a clay mold.,mold,mold,Different Sense,0.04000777006149292,16,0.357142857,6,6,0,405334016,EleutherAI/pythia-410m,step8,seed6,6,8
It was a harmful mold.,It was a clay mold.,mold,mold,Different Sense,0.041457533836364746,17,0.357142857,6,6,0,405334016,EleutherAI/pythia-410m,step8,seed6,6,8
It was a harmful mold.,It was a clay mold.,mold,mold,Different Sense,0.04101592302322388,18,0.357142857,6,6,0,405334016,EleutherAI/pythia-410m,step8,seed6,6,8
It was a harmful mold.,It was a clay mold.,mold,mold,Different Sense,0.0416184663772583,19,0.357142857,6,6,0,405334016,EleutherAI/pythia-410m,step8,seed6,6,8
It was a harmful mold.,It was a clay mold.,mold,mold,Different Sense,0.04037541151046753,20,0.357142857,6,6,0,405334016,EleutherAI/pythia-410m,step8,seed6,6,8
It was a harmful mold.,It was a clay mold.,mold,mold,Different Sense,0.03990989923477173,21,0.357142857,6,6,0,405334016,EleutherAI/pythia-410m,step8,seed6,6,8
It was a harmful mold.,It was a clay mold.,mold,mold,Different Sense,0.03776007890701294,22,0.357142857,6,6,0,405334016,EleutherAI/pythia-410m,step8,seed6,6,8
It was a harmful mold.,It was a clay mold.,mold,mold,Different Sense,0.03666180372238159,23,0.357142857,6,6,0,405334016,EleutherAI/pythia-410m,step8,seed6,6,8
It was a harmful mold.,It was a clay mold.,mold,mold,Different Sense,0.03632235527038574,24,0.357142857,6,6,0,405334016,EleutherAI/pythia-410m,step8,seed6,6,8
It was a fungal mold.,It was a harmful mold.,mold,mold,Same Sense,0.0,0,3.0625,6,6,0,405334016,EleutherAI/pythia-410m,step8,seed6,6,8
It was a fungal mold.,It was a harmful mold.,mold,mold,Same Sense,0.02635025978088379,1,3.0625,6,6,0,405334016,EleutherAI/pythia-410m,step8,seed6,6,8
It was a fungal mold.,It was a harmful mold.,mold,mold,Same Sense,0.038016557693481445,2,3.0625,6,6,0,405334016,EleutherAI/pythia-410m,step8,seed6,6,8
It was a fungal mold.,It was a harmful mold.,mold,mold,Same Sense,0.04300343990325928,3,3.0625,6,6,0,405334016,EleutherAI/pythia-410m,step8,seed6,6,8
It was a fungal mold.,It was a harmful mold.,mold,mold,Same Sense,0.04389828443527222,4,3.0625,6,6,0,405334016,EleutherAI/pythia-410m,step8,seed6,6,8
It was a fungal mold.,It was a harmful mold.,mold,mold,Same Sense,0.045891642570495605,5,3.0625,6,6,0,405334016,EleutherAI/pythia-410m,step8,seed6,6,8
It was a fungal mold.,It was a harmful mold.,mold,mold,Same Sense,0.04902404546737671,6,3.0625,6,6,0,405334016,EleutherAI/pythia-410m,step8,seed6,6,8
It was a fungal mold.,It was a harmful mold.,mold,mold,Same Sense,0.0496174693107605,7,3.0625,6,6,0,405334016,EleutherAI/pythia-410m,step8,seed6,6,8
It was a fungal mold.,It was a harmful mold.,mold,mold,Same Sense,0.047803521156311035,8,3.0625,6,6,0,405334016,EleutherAI/pythia-410m,step8,seed6,6,8
It was a fungal mold.,It was a harmful mold.,mold,mold,Same Sense,0.04962736368179321,9,3.0625,6,6,0,405334016,EleutherAI/pythia-410m,step8,seed6,6,8
It was a fungal mold.,It was a harmful mold.,mold,mold,Same Sense,0.04884570837020874,10,3.0625,6,6,0,405334016,EleutherAI/pythia-410m,step8,seed6,6,8
It was a fungal mold.,It was a harmful mold.,mold,mold,Same Sense,0.046781957149505615,11,3.0625,6,6,0,405334016,EleutherAI/pythia-410m,step8,seed6,6,8
It was a fungal mold.,It was a harmful mold.,mold,mold,Same Sense,0.04578155279159546,12,3.0625,6,6,0,405334016,EleutherAI/pythia-410m,step8,seed6,6,8
It was a fungal mold.,It was a harmful mold.,mold,mold,Same Sense,0.04510056972503662,13,3.0625,6,6,0,405334016,EleutherAI/pythia-410m,step8,seed6,6,8
It was a fungal mold.,It was a harmful mold.,mold,mold,Same Sense,0.04521942138671875,14,3.0625,6,6,0,405334016,EleutherAI/pythia-410m,step8,seed6,6,8
It was a fungal mold.,It was a harmful mold.,mold,mold,Same Sense,0.044491708278656006,15,3.0625,6,6,0,405334016,EleutherAI/pythia-410m,step8,seed6,6,8
It was a fungal mold.,It was a harmful mold.,mold,mold,Same Sense,0.04221922159194946,16,3.0625,6,6,0,405334016,EleutherAI/pythia-410m,step8,seed6,6,8
It was a fungal mold.,It was a harmful mold.,mold,mold,Same Sense,0.04185056686401367,17,3.0625,6,6,0,405334016,EleutherAI/pythia-410m,step8,seed6,6,8
It was a fungal mold.,It was a harmful mold.,mold,mold,Same Sense,0.04190397262573242,18,3.0625,6,6,0,405334016,EleutherAI/pythia-410m,step8,seed6,6,8
It was a fungal mold.,It was a harmful mold.,mold,mold,Same Sense,0.041256606578826904,19,3.0625,6,6,0,405334016,EleutherAI/pythia-410m,step8,seed6,6,8
It was a fungal mold.,It was a harmful mold.,mold,mold,Same Sense,0.03980320692062378,20,3.0625,6,6,0,405334016,EleutherAI/pythia-410m,step8,seed6,6,8
It was a fungal mold.,It was a harmful mold.,mold,mold,Same Sense,0.03846508264541626,21,3.0625,6,6,0,405334016,EleutherAI/pythia-410m,step8,seed6,6,8
It was a fungal mold.,It was a harmful mold.,mold,mold,Same Sense,0.03691840171813965,22,3.0625,6,6,0,405334016,EleutherAI/pythia-410m,step8,seed6,6,8
It was a fungal mold.,It was a harmful mold.,mold,mold,Same Sense,0.03603106737136841,23,3.0625,6,6,0,405334016,EleutherAI/pythia-410m,step8,seed6,6,8
It was a fungal mold.,It was a harmful mold.,mold,mold,Same Sense,0.035131096839904785,24,3.0625,6,6,0,405334016,EleutherAI/pythia-410m,step8,seed6,6,8
It was a rubber mold.,It was a clay mold.,mold,mold,Same Sense,0.0,0,3.727272727,6,6,0,405334016,EleutherAI/pythia-410m,step8,seed6,6,8
It was a rubber mold.,It was a clay mold.,mold,mold,Same Sense,0.03097468614578247,1,3.727272727,6,6,0,405334016,EleutherAI/pythia-410m,step8,seed6,6,8
It was a rubber mold.,It was a clay mold.,mold,mold,Same Sense,0.04052823781967163,2,3.727272727,6,6,0,405334016,EleutherAI/pythia-410m,step8,seed6,6,8
It was a rubber mold.,It was a clay mold.,mold,mold,Same Sense,0.043094635009765625,3,3.727272727,6,6,0,405334016,EleutherAI/pythia-410m,step8,seed6,6,8
It was a rubber mold.,It was a clay mold.,mold,mold,Same Sense,0.042095065116882324,4,3.727272727,6,6,0,405334016,EleutherAI/pythia-410m,step8,seed6,6,8
It was a rubber mold.,It was a clay mold.,mold,mold,Same Sense,0.045765042304992676,5,3.727272727,6,6,0,405334016,EleutherAI/pythia-410m,step8,seed6,6,8
It was a rubber mold.,It was a clay mold.,mold,mold,Same Sense,0.046319007873535156,6,3.727272727,6,6,0,405334016,EleutherAI/pythia-410m,step8,seed6,6,8
It was a rubber mold.,It was a clay mold.,mold,mold,Same Sense,0.046959877014160156,7,3.727272727,6,6,0,405334016,EleutherAI/pythia-410m,step8,seed6,6,8
It was a rubber mold.,It was a clay mold.,mold,mold,Same Sense,0.04646944999694824,8,3.727272727,6,6,0,405334016,EleutherAI/pythia-410m,step8,seed6,6,8
It was a rubber mold.,It was a clay mold.,mold,mold,Same Sense,0.046223580837249756,9,3.727272727,6,6,0,405334016,EleutherAI/pythia-410m,step8,seed6,6,8
It was a rubber mold.,It was a clay mold.,mold,mold,Same Sense,0.04686027765274048,10,3.727272727,6,6,0,405334016,EleutherAI/pythia-410m,step8,seed6,6,8
It was a rubber mold.,It was a clay mold.,mold,mold,Same Sense,0.046010732650756836,11,3.727272727,6,6,0,405334016,EleutherAI/pythia-410m,step8,seed6,6,8
It was a rubber mold.,It was a clay mold.,mold,mold,Same Sense,0.045758724212646484,12,3.727272727,6,6,0,405334016,EleutherAI/pythia-410m,step8,seed6,6,8
It was a rubber mold.,It was a clay mold.,mold,mold,Same Sense,0.04555588960647583,13,3.727272727,6,6,0,405334016,EleutherAI/pythia-410m,step8,seed6,6,8
It was a rubber mold.,It was a clay mold.,mold,mold,Same Sense,0.04478365182876587,14,3.727272727,6,6,0,405334016,EleutherAI/pythia-410m,step8,seed6,6,8
It was a rubber mold.,It was a clay mold.,mold,mold,Same Sense,0.044219017028808594,15,3.727272727,6,6,0,405334016,EleutherAI/pythia-410m,step8,seed6,6,8
It was a rubber mold.,It was a clay mold.,mold,mold,Same Sense,0.0426257848739624,16,3.727272727,6,6,0,405334016,EleutherAI/pythia-410m,step8,seed6,6,8
It was a rubber mold.,It was a clay mold.,mold,mold,Same Sense,0.04312509298324585,17,3.727272727,6,6,0,405334016,EleutherAI/pythia-410m,step8,seed6,6,8
It was a rubber mold.,It was a clay mold.,mold,mold,Same Sense,0.04132264852523804,18,3.727272727,6,6,0,405334016,EleutherAI/pythia-410m,step8,seed6,6,8
It was a rubber mold.,It was a clay mold.,mold,mold,Same Sense,0.04012483358383179,19,3.727272727,6,6,0,405334016,EleutherAI/pythia-410m,step8,seed6,6,8
It was a rubber mold.,It was a clay mold.,mold,mold,Same Sense,0.03959411382675171,20,3.727272727,6,6,0,405334016,EleutherAI/pythia-410m,step8,seed6,6,8
It was a rubber mold.,It was a clay mold.,mold,mold,Same Sense,0.038980960845947266,21,3.727272727,6,6,0,405334016,EleutherAI/pythia-410m,step8,seed6,6,8
It was a rubber mold.,It was a clay mold.,mold,mold,Same Sense,0.03721141815185547,22,3.727272727,6,6,0,405334016,EleutherAI/pythia-410m,step8,seed6,6,8
It was a rubber mold.,It was a clay mold.,mold,mold,Same Sense,0.03642117977142334,23,3.727272727,6,6,0,405334016,EleutherAI/pythia-410m,step8,seed6,6,8
It was a rubber mold.,It was a clay mold.,mold,mold,Same Sense,0.0362170934677124,24,3.727272727,6,6,0,405334016,EleutherAI/pythia-410m,step8,seed6,6,8
She saw the cancerous mole.,She saw the cute mole.,mole,mole,Different Sense,0.0,0,0.153846154,7,6,1,405334016,EleutherAI/pythia-410m,step8,seed6,6,8
She saw the cancerous mole.,She saw the cute mole.,mole,mole,Different Sense,0.026342153549194336,1,0.153846154,7,6,1,405334016,EleutherAI/pythia-410m,step8,seed6,6,8
She saw the cancerous mole.,She saw the cute mole.,mole,mole,Different Sense,0.040668487548828125,2,0.153846154,7,6,1,405334016,EleutherAI/pythia-410m,step8,seed6,6,8
She saw the cancerous mole.,She saw the cute mole.,mole,mole,Different Sense,0.043563008308410645,3,0.153846154,7,6,1,405334016,EleutherAI/pythia-410m,step8,seed6,6,8
She saw the cancerous mole.,She saw the cute mole.,mole,mole,Different Sense,0.04862654209136963,4,0.153846154,7,6,1,405334016,EleutherAI/pythia-410m,step8,seed6,6,8
She saw the cancerous mole.,She saw the cute mole.,mole,mole,Different Sense,0.05051064491271973,5,0.153846154,7,6,1,405334016,EleutherAI/pythia-410m,step8,seed6,6,8
She saw the cancerous mole.,She saw the cute mole.,mole,mole,Different Sense,0.05019712448120117,6,0.153846154,7,6,1,405334016,EleutherAI/pythia-410m,step8,seed6,6,8
She saw the cancerous mole.,She saw the cute mole.,mole,mole,Different Sense,0.051620662212371826,7,0.153846154,7,6,1,405334016,EleutherAI/pythia-410m,step8,seed6,6,8
She saw the cancerous mole.,She saw the cute mole.,mole,mole,Different Sense,0.05080515146255493,8,0.153846154,7,6,1,405334016,EleutherAI/pythia-410m,step8,seed6,6,8
She saw the cancerous mole.,She saw the cute mole.,mole,mole,Different Sense,0.05071967840194702,9,0.153846154,7,6,1,405334016,EleutherAI/pythia-410m,step8,seed6,6,8
She saw the cancerous mole.,She saw the cute mole.,mole,mole,Different Sense,0.05174124240875244,10,0.153846154,7,6,1,405334016,EleutherAI/pythia-410m,step8,seed6,6,8
She saw the cancerous mole.,She saw the cute mole.,mole,mole,Different Sense,0.04987996816635132,11,0.153846154,7,6,1,405334016,EleutherAI/pythia-410m,step8,seed6,6,8
She saw the cancerous mole.,She saw the cute mole.,mole,mole,Different Sense,0.0490717887878418,12,0.153846154,7,6,1,405334016,EleutherAI/pythia-410m,step8,seed6,6,8
She saw the cancerous mole.,She saw the cute mole.,mole,mole,Different Sense,0.04736602306365967,13,0.153846154,7,6,1,405334016,EleutherAI/pythia-410m,step8,seed6,6,8
She saw the cancerous mole.,She saw the cute mole.,mole,mole,Different Sense,0.044866859912872314,14,0.153846154,7,6,1,405334016,EleutherAI/pythia-410m,step8,seed6,6,8
She saw the cancerous mole.,She saw the cute mole.,mole,mole,Different Sense,0.044704973697662354,15,0.153846154,7,6,1,405334016,EleutherAI/pythia-410m,step8,seed6,6,8
She saw the cancerous mole.,She saw the cute mole.,mole,mole,Different Sense,0.04391777515411377,16,0.153846154,7,6,1,405334016,EleutherAI/pythia-410m,step8,seed6,6,8
She saw the cancerous mole.,She saw the cute mole.,mole,mole,Different Sense,0.04357069730758667,17,0.153846154,7,6,1,405334016,EleutherAI/pythia-410m,step8,seed6,6,8
She saw the cancerous mole.,She saw the cute mole.,mole,mole,Different Sense,0.043127477169036865,18,0.153846154,7,6,1,405334016,EleutherAI/pythia-410m,step8,seed6,6,8
She saw the cancerous mole.,She saw the cute mole.,mole,mole,Different Sense,0.04185360670089722,19,0.153846154,7,6,1,405334016,EleutherAI/pythia-410m,step8,seed6,6,8
She saw the cancerous mole.,She saw the cute mole.,mole,mole,Different Sense,0.04021567106246948,20,0.153846154,7,6,1,405334016,EleutherAI/pythia-410m,step8,seed6,6,8
She saw the cancerous mole.,She saw the cute mole.,mole,mole,Different Sense,0.039708733558654785,21,0.153846154,7,6,1,405334016,EleutherAI/pythia-410m,step8,seed6,6,8
She saw the cancerous mole.,She saw the cute mole.,mole,mole,Different Sense,0.03807055950164795,22,0.153846154,7,6,1,405334016,EleutherAI/pythia-410m,step8,seed6,6,8
She saw the cancerous mole.,She saw the cute mole.,mole,mole,Different Sense,0.03699147701263428,23,0.153846154,7,6,1,405334016,EleutherAI/pythia-410m,step8,seed6,6,8
She saw the cancerous mole.,She saw the cute mole.,mole,mole,Different Sense,0.03608006238937378,24,0.153846154,7,6,1,405334016,EleutherAI/pythia-410m,step8,seed6,6,8
She saw the cancerous mole.,She saw the fast mole.,mole,mole,Different Sense,0.0,0,0.166666667,7,6,1,405334016,EleutherAI/pythia-410m,step8,seed6,6,8
She saw the cancerous mole.,She saw the fast mole.,mole,mole,Different Sense,0.030279994010925293,1,0.166666667,7,6,1,405334016,EleutherAI/pythia-410m,step8,seed6,6,8
She saw the cancerous mole.,She saw the fast mole.,mole,mole,Different Sense,0.044265568256378174,2,0.166666667,7,6,1,405334016,EleutherAI/pythia-410m,step8,seed6,6,8
She saw the cancerous mole.,She saw the fast mole.,mole,mole,Different Sense,0.049232661724090576,3,0.166666667,7,6,1,405334016,EleutherAI/pythia-410m,step8,seed6,6,8
She saw the cancerous mole.,She saw the fast mole.,mole,mole,Different Sense,0.0525781512260437,4,0.166666667,7,6,1,405334016,EleutherAI/pythia-410m,step8,seed6,6,8
She saw the cancerous mole.,She saw the fast mole.,mole,mole,Different Sense,0.05417943000793457,5,0.166666667,7,6,1,405334016,EleutherAI/pythia-410m,step8,seed6,6,8
She saw the cancerous mole.,She saw the fast mole.,mole,mole,Different Sense,0.05356317758560181,6,0.166666667,7,6,1,405334016,EleutherAI/pythia-410m,step8,seed6,6,8
She saw the cancerous mole.,She saw the fast mole.,mole,mole,Different Sense,0.05375927686691284,7,0.166666667,7,6,1,405334016,EleutherAI/pythia-410m,step8,seed6,6,8
She saw the cancerous mole.,She saw the fast mole.,mole,mole,Different Sense,0.052978456020355225,8,0.166666667,7,6,1,405334016,EleutherAI/pythia-410m,step8,seed6,6,8
She saw the cancerous mole.,She saw the fast mole.,mole,mole,Different Sense,0.05289638042449951,9,0.166666667,7,6,1,405334016,EleutherAI/pythia-410m,step8,seed6,6,8
She saw the cancerous mole.,She saw the fast mole.,mole,mole,Different Sense,0.05285334587097168,10,0.166666667,7,6,1,405334016,EleutherAI/pythia-410m,step8,seed6,6,8
She saw the cancerous mole.,She saw the fast mole.,mole,mole,Different Sense,0.05268794298171997,11,0.166666667,7,6,1,405334016,EleutherAI/pythia-410m,step8,seed6,6,8
She saw the cancerous mole.,She saw the fast mole.,mole,mole,Different Sense,0.05331200361251831,12,0.166666667,7,6,1,405334016,EleutherAI/pythia-410m,step8,seed6,6,8
She saw the cancerous mole.,She saw the fast mole.,mole,mole,Different Sense,0.05063241720199585,13,0.166666667,7,6,1,405334016,EleutherAI/pythia-410m,step8,seed6,6,8
She saw the cancerous mole.,She saw the fast mole.,mole,mole,Different Sense,0.04773902893066406,14,0.166666667,7,6,1,405334016,EleutherAI/pythia-410m,step8,seed6,6,8
She saw the cancerous mole.,She saw the fast mole.,mole,mole,Different Sense,0.04691892862319946,15,0.166666667,7,6,1,405334016,EleutherAI/pythia-410m,step8,seed6,6,8
She saw the cancerous mole.,She saw the fast mole.,mole,mole,Different Sense,0.04691743850708008,16,0.166666667,7,6,1,405334016,EleutherAI/pythia-410m,step8,seed6,6,8
She saw the cancerous mole.,She saw the fast mole.,mole,mole,Different Sense,0.04767501354217529,17,0.166666667,7,6,1,405334016,EleutherAI/pythia-410m,step8,seed6,6,8
She saw the cancerous mole.,She saw the fast mole.,mole,mole,Different Sense,0.04782313108444214,18,0.166666667,7,6,1,405334016,EleutherAI/pythia-410m,step8,seed6,6,8
She saw the cancerous mole.,She saw the fast mole.,mole,mole,Different Sense,0.047611355781555176,19,0.166666667,7,6,1,405334016,EleutherAI/pythia-410m,step8,seed6,6,8
She saw the cancerous mole.,She saw the fast mole.,mole,mole,Different Sense,0.04653453826904297,20,0.166666667,7,6,1,405334016,EleutherAI/pythia-410m,step8,seed6,6,8
She saw the cancerous mole.,She saw the fast mole.,mole,mole,Different Sense,0.0474582314491272,21,0.166666667,7,6,1,405334016,EleutherAI/pythia-410m,step8,seed6,6,8
She saw the cancerous mole.,She saw the fast mole.,mole,mole,Different Sense,0.046147823333740234,22,0.166666667,7,6,1,405334016,EleutherAI/pythia-410m,step8,seed6,6,8
She saw the cancerous mole.,She saw the fast mole.,mole,mole,Different Sense,0.04514479637145996,23,0.166666667,7,6,1,405334016,EleutherAI/pythia-410m,step8,seed6,6,8
She saw the cancerous mole.,She saw the fast mole.,mole,mole,Different Sense,0.043943047523498535,24,0.166666667,7,6,1,405334016,EleutherAI/pythia-410m,step8,seed6,6,8
She saw the raised mole.,She saw the cute mole.,mole,mole,Different Sense,0.0,0,0.625,6,6,0,405334016,EleutherAI/pythia-410m,step8,seed6,6,8
She saw the raised mole.,She saw the cute mole.,mole,mole,Different Sense,0.020177185535430908,1,0.625,6,6,0,405334016,EleutherAI/pythia-410m,step8,seed6,6,8
She saw the raised mole.,She saw the cute mole.,mole,mole,Different Sense,0.028572678565979004,2,0.625,6,6,0,405334016,EleutherAI/pythia-410m,step8,seed6,6,8
She saw the raised mole.,She saw the cute mole.,mole,mole,Different Sense,0.03351491689682007,3,0.625,6,6,0,405334016,EleutherAI/pythia-410m,step8,seed6,6,8
She saw the raised mole.,She saw the cute mole.,mole,mole,Different Sense,0.035458505153656006,4,0.625,6,6,0,405334016,EleutherAI/pythia-410m,step8,seed6,6,8
She saw the raised mole.,She saw the cute mole.,mole,mole,Different Sense,0.03713184595108032,5,0.625,6,6,0,405334016,EleutherAI/pythia-410m,step8,seed6,6,8
She saw the raised mole.,She saw the cute mole.,mole,mole,Different Sense,0.03697669506072998,6,0.625,6,6,0,405334016,EleutherAI/pythia-410m,step8,seed6,6,8
She saw the raised mole.,She saw the cute mole.,mole,mole,Different Sense,0.03674638271331787,7,0.625,6,6,0,405334016,EleutherAI/pythia-410m,step8,seed6,6,8
She saw the raised mole.,She saw the cute mole.,mole,mole,Different Sense,0.03592044115066528,8,0.625,6,6,0,405334016,EleutherAI/pythia-410m,step8,seed6,6,8
She saw the raised mole.,She saw the cute mole.,mole,mole,Different Sense,0.037103116512298584,9,0.625,6,6,0,405334016,EleutherAI/pythia-410m,step8,seed6,6,8
She saw the raised mole.,She saw the cute mole.,mole,mole,Different Sense,0.03745049238204956,10,0.625,6,6,0,405334016,EleutherAI/pythia-410m,step8,seed6,6,8
She saw the raised mole.,She saw the cute mole.,mole,mole,Different Sense,0.03658854961395264,11,0.625,6,6,0,405334016,EleutherAI/pythia-410m,step8,seed6,6,8
She saw the raised mole.,She saw the cute mole.,mole,mole,Different Sense,0.03559309244155884,12,0.625,6,6,0,405334016,EleutherAI/pythia-410m,step8,seed6,6,8
She saw the raised mole.,She saw the cute mole.,mole,mole,Different Sense,0.03601628541946411,13,0.625,6,6,0,405334016,EleutherAI/pythia-410m,step8,seed6,6,8
She saw the raised mole.,She saw the cute mole.,mole,mole,Different Sense,0.035605788230895996,14,0.625,6,6,0,405334016,EleutherAI/pythia-410m,step8,seed6,6,8
She saw the raised mole.,She saw the cute mole.,mole,mole,Different Sense,0.036734819412231445,15,0.625,6,6,0,405334016,EleutherAI/pythia-410m,step8,seed6,6,8
She saw the raised mole.,She saw the cute mole.,mole,mole,Different Sense,0.036045730113983154,16,0.625,6,6,0,405334016,EleutherAI/pythia-410m,step8,seed6,6,8
She saw the raised mole.,She saw the cute mole.,mole,mole,Different Sense,0.03705698251724243,17,0.625,6,6,0,405334016,EleutherAI/pythia-410m,step8,seed6,6,8
She saw the raised mole.,She saw the cute mole.,mole,mole,Different Sense,0.037372887134552,18,0.625,6,6,0,405334016,EleutherAI/pythia-410m,step8,seed6,6,8
She saw the raised mole.,She saw the cute mole.,mole,mole,Different Sense,0.03746962547302246,19,0.625,6,6,0,405334016,EleutherAI/pythia-410m,step8,seed6,6,8
She saw the raised mole.,She saw the cute mole.,mole,mole,Different Sense,0.03701251745223999,20,0.625,6,6,0,405334016,EleutherAI/pythia-410m,step8,seed6,6,8
She saw the raised mole.,She saw the cute mole.,mole,mole,Different Sense,0.03737223148345947,21,0.625,6,6,0,405334016,EleutherAI/pythia-410m,step8,seed6,6,8
She saw the raised mole.,She saw the cute mole.,mole,mole,Different Sense,0.035986244678497314,22,0.625,6,6,0,405334016,EleutherAI/pythia-410m,step8,seed6,6,8
She saw the raised mole.,She saw the cute mole.,mole,mole,Different Sense,0.035230278968811035,23,0.625,6,6,0,405334016,EleutherAI/pythia-410m,step8,seed6,6,8
She saw the raised mole.,She saw the cute mole.,mole,mole,Different Sense,0.03402996063232422,24,0.625,6,6,0,405334016,EleutherAI/pythia-410m,step8,seed6,6,8
She saw the raised mole.,She saw the fast mole.,mole,mole,Different Sense,0.0,0,1.15,6,6,0,405334016,EleutherAI/pythia-410m,step8,seed6,6,8
She saw the raised mole.,She saw the fast mole.,mole,mole,Different Sense,0.027546286582946777,1,1.15,6,6,0,405334016,EleutherAI/pythia-410m,step8,seed6,6,8
She saw the raised mole.,She saw the fast mole.,mole,mole,Different Sense,0.03440225124359131,2,1.15,6,6,0,405334016,EleutherAI/pythia-410m,step8,seed6,6,8
She saw the raised mole.,She saw the fast mole.,mole,mole,Different Sense,0.039578795433044434,3,1.15,6,6,0,405334016,EleutherAI/pythia-410m,step8,seed6,6,8
She saw the raised mole.,She saw the fast mole.,mole,mole,Different Sense,0.04341810941696167,4,1.15,6,6,0,405334016,EleutherAI/pythia-410m,step8,seed6,6,8
She saw the raised mole.,She saw the fast mole.,mole,mole,Different Sense,0.04434502124786377,5,1.15,6,6,0,405334016,EleutherAI/pythia-410m,step8,seed6,6,8
She saw the raised mole.,She saw the fast mole.,mole,mole,Different Sense,0.04485124349594116,6,1.15,6,6,0,405334016,EleutherAI/pythia-410m,step8,seed6,6,8
She saw the raised mole.,She saw the fast mole.,mole,mole,Different Sense,0.04458039999008179,7,1.15,6,6,0,405334016,EleutherAI/pythia-410m,step8,seed6,6,8
She saw the raised mole.,She saw the fast mole.,mole,mole,Different Sense,0.04419553279876709,8,1.15,6,6,0,405334016,EleutherAI/pythia-410m,step8,seed6,6,8
She saw the raised mole.,She saw the fast mole.,mole,mole,Different Sense,0.045072972774505615,9,1.15,6,6,0,405334016,EleutherAI/pythia-410m,step8,seed6,6,8
She saw the raised mole.,She saw the fast mole.,mole,mole,Different Sense,0.04481273889541626,10,1.15,6,6,0,405334016,EleutherAI/pythia-410m,step8,seed6,6,8
She saw the raised mole.,She saw the fast mole.,mole,mole,Different Sense,0.04357099533081055,11,1.15,6,6,0,405334016,EleutherAI/pythia-410m,step8,seed6,6,8
She saw the raised mole.,She saw the fast mole.,mole,mole,Different Sense,0.04392075538635254,12,1.15,6,6,0,405334016,EleutherAI/pythia-410m,step8,seed6,6,8
She saw the raised mole.,She saw the fast mole.,mole,mole,Different Sense,0.043480753898620605,13,1.15,6,6,0,405334016,EleutherAI/pythia-410m,step8,seed6,6,8
She saw the raised mole.,She saw the fast mole.,mole,mole,Different Sense,0.04264092445373535,14,1.15,6,6,0,405334016,EleutherAI/pythia-410m,step8,seed6,6,8
She saw the raised mole.,She saw the fast mole.,mole,mole,Different Sense,0.042406558990478516,15,1.15,6,6,0,405334016,EleutherAI/pythia-410m,step8,seed6,6,8
She saw the raised mole.,She saw the fast mole.,mole,mole,Different Sense,0.042345523834228516,16,1.15,6,6,0,405334016,EleutherAI/pythia-410m,step8,seed6,6,8
She saw the raised mole.,She saw the fast mole.,mole,mole,Different Sense,0.04282575845718384,17,1.15,6,6,0,405334016,EleutherAI/pythia-410m,step8,seed6,6,8
She saw the raised mole.,She saw the fast mole.,mole,mole,Different Sense,0.04437512159347534,18,1.15,6,6,0,405334016,EleutherAI/pythia-410m,step8,seed6,6,8
She saw the raised mole.,She saw the fast mole.,mole,mole,Different Sense,0.044074952602386475,19,1.15,6,6,0,405334016,EleutherAI/pythia-410m,step8,seed6,6,8
She saw the raised mole.,She saw the fast mole.,mole,mole,Different Sense,0.043677568435668945,20,1.15,6,6,0,405334016,EleutherAI/pythia-410m,step8,seed6,6,8
She saw the raised mole.,She saw the fast mole.,mole,mole,Different Sense,0.04444068670272827,21,1.15,6,6,0,405334016,EleutherAI/pythia-410m,step8,seed6,6,8
She saw the raised mole.,She saw the fast mole.,mole,mole,Different Sense,0.043494343757629395,22,1.15,6,6,0,405334016,EleutherAI/pythia-410m,step8,seed6,6,8
She saw the raised mole.,She saw the fast mole.,mole,mole,Different Sense,0.042455315589904785,23,1.15,6,6,0,405334016,EleutherAI/pythia-410m,step8,seed6,6,8
She saw the raised mole.,She saw the fast mole.,mole,mole,Different Sense,0.04200255870819092,24,1.15,6,6,0,405334016,EleutherAI/pythia-410m,step8,seed6,6,8
She saw the cancerous mole.,She saw the raised mole.,mole,mole,Same Sense,0.0,0,2.375,7,6,1,405334016,EleutherAI/pythia-410m,step8,seed6,6,8
She saw the cancerous mole.,She saw the raised mole.,mole,mole,Same Sense,0.033867478370666504,1,2.375,7,6,1,405334016,EleutherAI/pythia-410m,step8,seed6,6,8
She saw the cancerous mole.,She saw the raised mole.,mole,mole,Same Sense,0.04767519235610962,2,2.375,7,6,1,405334016,EleutherAI/pythia-410m,step8,seed6,6,8
She saw the cancerous mole.,She saw the raised mole.,mole,mole,Same Sense,0.052142977714538574,3,2.375,7,6,1,405334016,EleutherAI/pythia-410m,step8,seed6,6,8
She saw the cancerous mole.,She saw the raised mole.,mole,mole,Same Sense,0.054697632789611816,4,2.375,7,6,1,405334016,EleutherAI/pythia-410m,step8,seed6,6,8
She saw the cancerous mole.,She saw the raised mole.,mole,mole,Same Sense,0.05690181255340576,5,2.375,7,6,1,405334016,EleutherAI/pythia-410m,step8,seed6,6,8
She saw the cancerous mole.,She saw the raised mole.,mole,mole,Same Sense,0.0557788610458374,6,2.375,7,6,1,405334016,EleutherAI/pythia-410m,step8,seed6,6,8
She saw the cancerous mole.,She saw the raised mole.,mole,mole,Same Sense,0.05610471963882446,7,2.375,7,6,1,405334016,EleutherAI/pythia-410m,step8,seed6,6,8
She saw the cancerous mole.,She saw the raised mole.,mole,mole,Same Sense,0.05533832311630249,8,2.375,7,6,1,405334016,EleutherAI/pythia-410m,step8,seed6,6,8
She saw the cancerous mole.,She saw the raised mole.,mole,mole,Same Sense,0.05376839637756348,9,2.375,7,6,1,405334016,EleutherAI/pythia-410m,step8,seed6,6,8
She saw the cancerous mole.,She saw the raised mole.,mole,mole,Same Sense,0.05397719144821167,10,2.375,7,6,1,405334016,EleutherAI/pythia-410m,step8,seed6,6,8
She saw the cancerous mole.,She saw the raised mole.,mole,mole,Same Sense,0.051686882972717285,11,2.375,7,6,1,405334016,EleutherAI/pythia-410m,step8,seed6,6,8
She saw the cancerous mole.,She saw the raised mole.,mole,mole,Same Sense,0.05101686716079712,12,2.375,7,6,1,405334016,EleutherAI/pythia-410m,step8,seed6,6,8
She saw the cancerous mole.,She saw the raised mole.,mole,mole,Same Sense,0.0495111346244812,13,2.375,7,6,1,405334016,EleutherAI/pythia-410m,step8,seed6,6,8
She saw the cancerous mole.,She saw the raised mole.,mole,mole,Same Sense,0.04835313558578491,14,2.375,7,6,1,405334016,EleutherAI/pythia-410m,step8,seed6,6,8
She saw the cancerous mole.,She saw the raised mole.,mole,mole,Same Sense,0.04829716682434082,15,2.375,7,6,1,405334016,EleutherAI/pythia-410m,step8,seed6,6,8
She saw the cancerous mole.,She saw the raised mole.,mole,mole,Same Sense,0.04769277572631836,16,2.375,7,6,1,405334016,EleutherAI/pythia-410m,step8,seed6,6,8
She saw the cancerous mole.,She saw the raised mole.,mole,mole,Same Sense,0.047524988651275635,17,2.375,7,6,1,405334016,EleutherAI/pythia-410m,step8,seed6,6,8
She saw the cancerous mole.,She saw the raised mole.,mole,mole,Same Sense,0.04856395721435547,18,2.375,7,6,1,405334016,EleutherAI/pythia-410m,step8,seed6,6,8
She saw the cancerous mole.,She saw the raised mole.,mole,mole,Same Sense,0.04748421907424927,19,2.375,7,6,1,405334016,EleutherAI/pythia-410m,step8,seed6,6,8
She saw the cancerous mole.,She saw the raised mole.,mole,mole,Same Sense,0.046205341815948486,20,2.375,7,6,1,405334016,EleutherAI/pythia-410m,step8,seed6,6,8
She saw the cancerous mole.,She saw the raised mole.,mole,mole,Same Sense,0.046311259269714355,21,2.375,7,6,1,405334016,EleutherAI/pythia-410m,step8,seed6,6,8
She saw the cancerous mole.,She saw the raised mole.,mole,mole,Same Sense,0.04444009065628052,22,2.375,7,6,1,405334016,EleutherAI/pythia-410m,step8,seed6,6,8
She saw the cancerous mole.,She saw the raised mole.,mole,mole,Same Sense,0.043571412563323975,23,2.375,7,6,1,405334016,EleutherAI/pythia-410m,step8,seed6,6,8
She saw the cancerous mole.,She saw the raised mole.,mole,mole,Same Sense,0.04281383752822876,24,2.375,7,6,1,405334016,EleutherAI/pythia-410m,step8,seed6,6,8
She saw the cute mole.,She saw the fast mole.,mole,mole,Same Sense,0.0,0,2.375,6,6,0,405334016,EleutherAI/pythia-410m,step8,seed6,6,8
She saw the cute mole.,She saw the fast mole.,mole,mole,Same Sense,0.022043943405151367,1,2.375,6,6,0,405334016,EleutherAI/pythia-410m,step8,seed6,6,8
She saw the cute mole.,She saw the fast mole.,mole,mole,Same Sense,0.030254721641540527,2,2.375,6,6,0,405334016,EleutherAI/pythia-410m,step8,seed6,6,8
She saw the cute mole.,She saw the fast mole.,mole,mole,Same Sense,0.03398466110229492,3,2.375,6,6,0,405334016,EleutherAI/pythia-410m,step8,seed6,6,8
She saw the cute mole.,She saw the fast mole.,mole,mole,Same Sense,0.03679472208023071,4,2.375,6,6,0,405334016,EleutherAI/pythia-410m,step8,seed6,6,8
She saw the cute mole.,She saw the fast mole.,mole,mole,Same Sense,0.03844404220581055,5,2.375,6,6,0,405334016,EleutherAI/pythia-410m,step8,seed6,6,8
She saw the cute mole.,She saw the fast mole.,mole,mole,Same Sense,0.03956514596939087,6,2.375,6,6,0,405334016,EleutherAI/pythia-410m,step8,seed6,6,8
She saw the cute mole.,She saw the fast mole.,mole,mole,Same Sense,0.03984391689300537,7,2.375,6,6,0,405334016,EleutherAI/pythia-410m,step8,seed6,6,8
She saw the cute mole.,She saw the fast mole.,mole,mole,Same Sense,0.03936511278152466,8,2.375,6,6,0,405334016,EleutherAI/pythia-410m,step8,seed6,6,8
She saw the cute mole.,She saw the fast mole.,mole,mole,Same Sense,0.04054206609725952,9,2.375,6,6,0,405334016,EleutherAI/pythia-410m,step8,seed6,6,8
She saw the cute mole.,She saw the fast mole.,mole,mole,Same Sense,0.04144561290740967,10,2.375,6,6,0,405334016,EleutherAI/pythia-410m,step8,seed6,6,8
She saw the cute mole.,She saw the fast mole.,mole,mole,Same Sense,0.041585564613342285,11,2.375,6,6,0,405334016,EleutherAI/pythia-410m,step8,seed6,6,8
She saw the cute mole.,She saw the fast mole.,mole,mole,Same Sense,0.04094797372817993,12,2.375,6,6,0,405334016,EleutherAI/pythia-410m,step8,seed6,6,8
She saw the cute mole.,She saw the fast mole.,mole,mole,Same Sense,0.04032224416732788,13,2.375,6,6,0,405334016,EleutherAI/pythia-410m,step8,seed6,6,8
She saw the cute mole.,She saw the fast mole.,mole,mole,Same Sense,0.03838580846786499,14,2.375,6,6,0,405334016,EleutherAI/pythia-410m,step8,seed6,6,8
She saw the cute mole.,She saw the fast mole.,mole,mole,Same Sense,0.03852814435958862,15,2.375,6,6,0,405334016,EleutherAI/pythia-410m,step8,seed6,6,8
She saw the cute mole.,She saw the fast mole.,mole,mole,Same Sense,0.0379907488822937,16,2.375,6,6,0,405334016,EleutherAI/pythia-410m,step8,seed6,6,8
She saw the cute mole.,She saw the fast mole.,mole,mole,Same Sense,0.039120495319366455,17,2.375,6,6,0,405334016,EleutherAI/pythia-410m,step8,seed6,6,8
She saw the cute mole.,She saw the fast mole.,mole,mole,Same Sense,0.03954648971557617,18,2.375,6,6,0,405334016,EleutherAI/pythia-410m,step8,seed6,6,8
She saw the cute mole.,She saw the fast mole.,mole,mole,Same Sense,0.039715349674224854,19,2.375,6,6,0,405334016,EleutherAI/pythia-410m,step8,seed6,6,8
She saw the cute mole.,She saw the fast mole.,mole,mole,Same Sense,0.038607776165008545,20,2.375,6,6,0,405334016,EleutherAI/pythia-410m,step8,seed6,6,8
She saw the cute mole.,She saw the fast mole.,mole,mole,Same Sense,0.03880220651626587,21,2.375,6,6,0,405334016,EleutherAI/pythia-410m,step8,seed6,6,8
She saw the cute mole.,She saw the fast mole.,mole,mole,Same Sense,0.03745681047439575,22,2.375,6,6,0,405334016,EleutherAI/pythia-410m,step8,seed6,6,8
She saw the cute mole.,She saw the fast mole.,mole,mole,Same Sense,0.03626281023025513,23,2.375,6,6,0,405334016,EleutherAI/pythia-410m,step8,seed6,6,8
She saw the cute mole.,She saw the fast mole.,mole,mole,Same Sense,0.03521585464477539,24,2.375,6,6,0,405334016,EleutherAI/pythia-410m,step8,seed6,6,8
He liked the rhythmic movement.,He liked the feminist movement.,movement,movement,Different Sense,0.0,0,0.846153846,7,6,1,405334016,EleutherAI/pythia-410m,step8,seed6,6,8
He liked the rhythmic movement.,He liked the feminist movement.,movement,movement,Different Sense,0.029942333698272705,1,0.846153846,7,6,1,405334016,EleutherAI/pythia-410m,step8,seed6,6,8
He liked the rhythmic movement.,He liked the feminist movement.,movement,movement,Different Sense,0.04358547925949097,2,0.846153846,7,6,1,405334016,EleutherAI/pythia-410m,step8,seed6,6,8
He liked the rhythmic movement.,He liked the feminist movement.,movement,movement,Different Sense,0.050823211669921875,3,0.846153846,7,6,1,405334016,EleutherAI/pythia-410m,step8,seed6,6,8
He liked the rhythmic movement.,He liked the feminist movement.,movement,movement,Different Sense,0.053441524505615234,4,0.846153846,7,6,1,405334016,EleutherAI/pythia-410m,step8,seed6,6,8
He liked the rhythmic movement.,He liked the feminist movement.,movement,movement,Different Sense,0.05526608228683472,5,0.846153846,7,6,1,405334016,EleutherAI/pythia-410m,step8,seed6,6,8
He liked the rhythmic movement.,He liked the feminist movement.,movement,movement,Different Sense,0.051918983459472656,6,0.846153846,7,6,1,405334016,EleutherAI/pythia-410m,step8,seed6,6,8
He liked the rhythmic movement.,He liked the feminist movement.,movement,movement,Different Sense,0.05047696828842163,7,0.846153846,7,6,1,405334016,EleutherAI/pythia-410m,step8,seed6,6,8
He liked the rhythmic movement.,He liked the feminist movement.,movement,movement,Different Sense,0.05158829689025879,8,0.846153846,7,6,1,405334016,EleutherAI/pythia-410m,step8,seed6,6,8
He liked the rhythmic movement.,He liked the feminist movement.,movement,movement,Different Sense,0.05269122123718262,9,0.846153846,7,6,1,405334016,EleutherAI/pythia-410m,step8,seed6,6,8
He liked the rhythmic movement.,He liked the feminist movement.,movement,movement,Different Sense,0.05005848407745361,10,0.846153846,7,6,1,405334016,EleutherAI/pythia-410m,step8,seed6,6,8
He liked the rhythmic movement.,He liked the feminist movement.,movement,movement,Different Sense,0.04778730869293213,11,0.846153846,7,6,1,405334016,EleutherAI/pythia-410m,step8,seed6,6,8
He liked the rhythmic movement.,He liked the feminist movement.,movement,movement,Different Sense,0.04620784521102905,12,0.846153846,7,6,1,405334016,EleutherAI/pythia-410m,step8,seed6,6,8
He liked the rhythmic movement.,He liked the feminist movement.,movement,movement,Different Sense,0.04442352056503296,13,0.846153846,7,6,1,405334016,EleutherAI/pythia-410m,step8,seed6,6,8
He liked the rhythmic movement.,He liked the feminist movement.,movement,movement,Different Sense,0.043496668338775635,14,0.846153846,7,6,1,405334016,EleutherAI/pythia-410m,step8,seed6,6,8
He liked the rhythmic movement.,He liked the feminist movement.,movement,movement,Different Sense,0.041612327098846436,15,0.846153846,7,6,1,405334016,EleutherAI/pythia-410m,step8,seed6,6,8
He liked the rhythmic movement.,He liked the feminist movement.,movement,movement,Different Sense,0.0418662428855896,16,0.846153846,7,6,1,405334016,EleutherAI/pythia-410m,step8,seed6,6,8
He liked the rhythmic movement.,He liked the feminist movement.,movement,movement,Different Sense,0.04226106405258179,17,0.846153846,7,6,1,405334016,EleutherAI/pythia-410m,step8,seed6,6,8
He liked the rhythmic movement.,He liked the feminist movement.,movement,movement,Different Sense,0.041812777519226074,18,0.846153846,7,6,1,405334016,EleutherAI/pythia-410m,step8,seed6,6,8
He liked the rhythmic movement.,He liked the feminist movement.,movement,movement,Different Sense,0.041471660137176514,19,0.846153846,7,6,1,405334016,EleutherAI/pythia-410m,step8,seed6,6,8
He liked the rhythmic movement.,He liked the feminist movement.,movement,movement,Different Sense,0.04085850715637207,20,0.846153846,7,6,1,405334016,EleutherAI/pythia-410m,step8,seed6,6,8
He liked the rhythmic movement.,He liked the feminist movement.,movement,movement,Different Sense,0.0398179292678833,21,0.846153846,7,6,1,405334016,EleutherAI/pythia-410m,step8,seed6,6,8
He liked the rhythmic movement.,He liked the feminist movement.,movement,movement,Different Sense,0.03924494981765747,22,0.846153846,7,6,1,405334016,EleutherAI/pythia-410m,step8,seed6,6,8
He liked the rhythmic movement.,He liked the feminist movement.,movement,movement,Different Sense,0.038536131381988525,23,0.846153846,7,6,1,405334016,EleutherAI/pythia-410m,step8,seed6,6,8
He liked the rhythmic movement.,He liked the feminist movement.,movement,movement,Different Sense,0.03823059797286987,24,0.846153846,7,6,1,405334016,EleutherAI/pythia-410m,step8,seed6,6,8
He liked the rhythmic movement.,He liked the civil-rights movement.,movement,movement,Different Sense,0.0,0,0.538461538,7,8,1,405334016,EleutherAI/pythia-410m,step8,seed6,6,8
He liked the rhythmic movement.,He liked the civil-rights movement.,movement,movement,Different Sense,0.03329116106033325,1,0.538461538,7,8,1,405334016,EleutherAI/pythia-410m,step8,seed6,6,8
He liked the rhythmic movement.,He liked the civil-rights movement.,movement,movement,Different Sense,0.05678075551986694,2,0.538461538,7,8,1,405334016,EleutherAI/pythia-410m,step8,seed6,6,8
He liked the rhythmic movement.,He liked the civil-rights movement.,movement,movement,Different Sense,0.06060713529586792,3,0.538461538,7,8,1,405334016,EleutherAI/pythia-410m,step8,seed6,6,8
He liked the rhythmic movement.,He liked the civil-rights movement.,movement,movement,Different Sense,0.06274521350860596,4,0.538461538,7,8,1,405334016,EleutherAI/pythia-410m,step8,seed6,6,8
He liked the rhythmic movement.,He liked the civil-rights movement.,movement,movement,Different Sense,0.06754738092422485,5,0.538461538,7,8,1,405334016,EleutherAI/pythia-410m,step8,seed6,6,8
He liked the rhythmic movement.,He liked the civil-rights movement.,movement,movement,Different Sense,0.06726837158203125,6,0.538461538,7,8,1,405334016,EleutherAI/pythia-410m,step8,seed6,6,8
He liked the rhythmic movement.,He liked the civil-rights movement.,movement,movement,Different Sense,0.06667089462280273,7,0.538461538,7,8,1,405334016,EleutherAI/pythia-410m,step8,seed6,6,8
He liked the rhythmic movement.,He liked the civil-rights movement.,movement,movement,Different Sense,0.06850361824035645,8,0.538461538,7,8,1,405334016,EleutherAI/pythia-410m,step8,seed6,6,8
He liked the rhythmic movement.,He liked the civil-rights movement.,movement,movement,Different Sense,0.0675014853477478,9,0.538461538,7,8,1,405334016,EleutherAI/pythia-410m,step8,seed6,6,8
He liked the rhythmic movement.,He liked the civil-rights movement.,movement,movement,Different Sense,0.06538617610931396,10,0.538461538,7,8,1,405334016,EleutherAI/pythia-410m,step8,seed6,6,8
He liked the rhythmic movement.,He liked the civil-rights movement.,movement,movement,Different Sense,0.06309562921524048,11,0.538461538,7,8,1,405334016,EleutherAI/pythia-410m,step8,seed6,6,8
He liked the rhythmic movement.,He liked the civil-rights movement.,movement,movement,Different Sense,0.060940325260162354,12,0.538461538,7,8,1,405334016,EleutherAI/pythia-410m,step8,seed6,6,8
He liked the rhythmic movement.,He liked the civil-rights movement.,movement,movement,Different Sense,0.05910491943359375,13,0.538461538,7,8,1,405334016,EleutherAI/pythia-410m,step8,seed6,6,8
He liked the rhythmic movement.,He liked the civil-rights movement.,movement,movement,Different Sense,0.05679696798324585,14,0.538461538,7,8,1,405334016,EleutherAI/pythia-410m,step8,seed6,6,8
He liked the rhythmic movement.,He liked the civil-rights movement.,movement,movement,Different Sense,0.05682307481765747,15,0.538461538,7,8,1,405334016,EleutherAI/pythia-410m,step8,seed6,6,8
He liked the rhythmic movement.,He liked the civil-rights movement.,movement,movement,Different Sense,0.05588555335998535,16,0.538461538,7,8,1,405334016,EleutherAI/pythia-410m,step8,seed6,6,8
He liked the rhythmic movement.,He liked the civil-rights movement.,movement,movement,Different Sense,0.055209219455718994,17,0.538461538,7,8,1,405334016,EleutherAI/pythia-410m,step8,seed6,6,8
He liked the rhythmic movement.,He liked the civil-rights movement.,movement,movement,Different Sense,0.0551033616065979,18,0.538461538,7,8,1,405334016,EleutherAI/pythia-410m,step8,seed6,6,8
He liked the rhythmic movement.,He liked the civil-rights movement.,movement,movement,Different Sense,0.05385327339172363,19,0.538461538,7,8,1,405334016,EleutherAI/pythia-410m,step8,seed6,6,8
He liked the rhythmic movement.,He liked the civil-rights movement.,movement,movement,Different Sense,0.05339503288269043,20,0.538461538,7,8,1,405334016,EleutherAI/pythia-410m,step8,seed6,6,8
He liked the rhythmic movement.,He liked the civil-rights movement.,movement,movement,Different Sense,0.05295610427856445,21,0.538461538,7,8,1,405334016,EleutherAI/pythia-410m,step8,seed6,6,8
He liked the rhythmic movement.,He liked the civil-rights movement.,movement,movement,Different Sense,0.051655709743499756,22,0.538461538,7,8,1,405334016,EleutherAI/pythia-410m,step8,seed6,6,8
He liked the rhythmic movement.,He liked the civil-rights movement.,movement,movement,Different Sense,0.05018115043640137,23,0.538461538,7,8,1,405334016,EleutherAI/pythia-410m,step8,seed6,6,8
He liked the rhythmic movement.,He liked the civil-rights movement.,movement,movement,Different Sense,0.04972100257873535,24,0.538461538,7,8,1,405334016,EleutherAI/pythia-410m,step8,seed6,6,8
He liked the graceful movement.,He liked the feminist movement.,movement,movement,Different Sense,0.0,0,1.428571429,6,6,0,405334016,EleutherAI/pythia-410m,step8,seed6,6,8
He liked the graceful movement.,He liked the feminist movement.,movement,movement,Different Sense,0.02222466468811035,1,1.428571429,6,6,0,405334016,EleutherAI/pythia-410m,step8,seed6,6,8
He liked the graceful movement.,He liked the feminist movement.,movement,movement,Different Sense,0.037253737449645996,2,1.428571429,6,6,0,405334016,EleutherAI/pythia-410m,step8,seed6,6,8
He liked the graceful movement.,He liked the feminist movement.,movement,movement,Different Sense,0.040363967418670654,3,1.428571429,6,6,0,405334016,EleutherAI/pythia-410m,step8,seed6,6,8
He liked the graceful movement.,He liked the feminist movement.,movement,movement,Different Sense,0.040497779846191406,4,1.428571429,6,6,0,405334016,EleutherAI/pythia-410m,step8,seed6,6,8
He liked the graceful movement.,He liked the feminist movement.,movement,movement,Different Sense,0.040929973125457764,5,1.428571429,6,6,0,405334016,EleutherAI/pythia-410m,step8,seed6,6,8
He liked the graceful movement.,He liked the feminist movement.,movement,movement,Different Sense,0.04145359992980957,6,1.428571429,6,6,0,405334016,EleutherAI/pythia-410m,step8,seed6,6,8
He liked the graceful movement.,He liked the feminist movement.,movement,movement,Different Sense,0.03929561376571655,7,1.428571429,6,6,0,405334016,EleutherAI/pythia-410m,step8,seed6,6,8
He liked the graceful movement.,He liked the feminist movement.,movement,movement,Different Sense,0.04100358486175537,8,1.428571429,6,6,0,405334016,EleutherAI/pythia-410m,step8,seed6,6,8
He liked the graceful movement.,He liked the feminist movement.,movement,movement,Different Sense,0.041297733783721924,9,1.428571429,6,6,0,405334016,EleutherAI/pythia-410m,step8,seed6,6,8
He liked the graceful movement.,He liked the feminist movement.,movement,movement,Different Sense,0.04193437099456787,10,1.428571429,6,6,0,405334016,EleutherAI/pythia-410m,step8,seed6,6,8
He liked the graceful movement.,He liked the feminist movement.,movement,movement,Different Sense,0.04000312089920044,11,1.428571429,6,6,0,405334016,EleutherAI/pythia-410m,step8,seed6,6,8
He liked the graceful movement.,He liked the feminist movement.,movement,movement,Different Sense,0.03917962312698364,12,1.428571429,6,6,0,405334016,EleutherAI/pythia-410m,step8,seed6,6,8
He liked the graceful movement.,He liked the feminist movement.,movement,movement,Different Sense,0.03825944662094116,13,1.428571429,6,6,0,405334016,EleutherAI/pythia-410m,step8,seed6,6,8
He liked the graceful movement.,He liked the feminist movement.,movement,movement,Different Sense,0.03816324472427368,14,1.428571429,6,6,0,405334016,EleutherAI/pythia-410m,step8,seed6,6,8
He liked the graceful movement.,He liked the feminist movement.,movement,movement,Different Sense,0.036781251430511475,15,1.428571429,6,6,0,405334016,EleutherAI/pythia-410m,step8,seed6,6,8
He liked the graceful movement.,He liked the feminist movement.,movement,movement,Different Sense,0.03597116470336914,16,1.428571429,6,6,0,405334016,EleutherAI/pythia-410m,step8,seed6,6,8
He liked the graceful movement.,He liked the feminist movement.,movement,movement,Different Sense,0.03574013710021973,17,1.428571429,6,6,0,405334016,EleutherAI/pythia-410m,step8,seed6,6,8
He liked the graceful movement.,He liked the feminist movement.,movement,movement,Different Sense,0.03574848175048828,18,1.428571429,6,6,0,405334016,EleutherAI/pythia-410m,step8,seed6,6,8
He liked the graceful movement.,He liked the feminist movement.,movement,movement,Different Sense,0.03451460599899292,19,1.428571429,6,6,0,405334016,EleutherAI/pythia-410m,step8,seed6,6,8
He liked the graceful movement.,He liked the feminist movement.,movement,movement,Different Sense,0.033622562885284424,20,1.428571429,6,6,0,405334016,EleutherAI/pythia-410m,step8,seed6,6,8
He liked the graceful movement.,He liked the feminist movement.,movement,movement,Different Sense,0.03357917070388794,21,1.428571429,6,6,0,405334016,EleutherAI/pythia-410m,step8,seed6,6,8
He liked the graceful movement.,He liked the feminist movement.,movement,movement,Different Sense,0.033608078956604004,22,1.428571429,6,6,0,405334016,EleutherAI/pythia-410m,step8,seed6,6,8
He liked the graceful movement.,He liked the feminist movement.,movement,movement,Different Sense,0.033342719078063965,23,1.428571429,6,6,0,405334016,EleutherAI/pythia-410m,step8,seed6,6,8
He liked the graceful movement.,He liked the feminist movement.,movement,movement,Different Sense,0.03336411714553833,24,1.428571429,6,6,0,405334016,EleutherAI/pythia-410m,step8,seed6,6,8
He liked the graceful movement.,He liked the civil-rights movement.,movement,movement,Different Sense,0.0,0,0.833333333,6,8,2,405334016,EleutherAI/pythia-410m,step8,seed6,6,8
He liked the graceful movement.,He liked the civil-rights movement.,movement,movement,Different Sense,0.03484666347503662,1,0.833333333,6,8,2,405334016,EleutherAI/pythia-410m,step8,seed6,6,8
He liked the graceful movement.,He liked the civil-rights movement.,movement,movement,Different Sense,0.05736440420150757,2,0.833333333,6,8,2,405334016,EleutherAI/pythia-410m,step8,seed6,6,8
He liked the graceful movement.,He liked the civil-rights movement.,movement,movement,Different Sense,0.06331253051757812,3,0.833333333,6,8,2,405334016,EleutherAI/pythia-410m,step8,seed6,6,8
He liked the graceful movement.,He liked the civil-rights movement.,movement,movement,Different Sense,0.06644487380981445,4,0.833333333,6,8,2,405334016,EleutherAI/pythia-410m,step8,seed6,6,8
He liked the graceful movement.,He liked the civil-rights movement.,movement,movement,Different Sense,0.0703960657119751,5,0.833333333,6,8,2,405334016,EleutherAI/pythia-410m,step8,seed6,6,8
He liked the graceful movement.,He liked the civil-rights movement.,movement,movement,Different Sense,0.07214438915252686,6,0.833333333,6,8,2,405334016,EleutherAI/pythia-410m,step8,seed6,6,8
He liked the graceful movement.,He liked the civil-rights movement.,movement,movement,Different Sense,0.07160758972167969,7,0.833333333,6,8,2,405334016,EleutherAI/pythia-410m,step8,seed6,6,8
He liked the graceful movement.,He liked the civil-rights movement.,movement,movement,Different Sense,0.07355833053588867,8,0.833333333,6,8,2,405334016,EleutherAI/pythia-410m,step8,seed6,6,8
He liked the graceful movement.,He liked the civil-rights movement.,movement,movement,Different Sense,0.07392740249633789,9,0.833333333,6,8,2,405334016,EleutherAI/pythia-410m,step8,seed6,6,8
He liked the graceful movement.,He liked the civil-rights movement.,movement,movement,Different Sense,0.07287764549255371,10,0.833333333,6,8,2,405334016,EleutherAI/pythia-410m,step8,seed6,6,8
He liked the graceful movement.,He liked the civil-rights movement.,movement,movement,Different Sense,0.0688859224319458,11,0.833333333,6,8,2,405334016,EleutherAI/pythia-410m,step8,seed6,6,8
He liked the graceful movement.,He liked the civil-rights movement.,movement,movement,Different Sense,0.06874614953994751,12,0.833333333,6,8,2,405334016,EleutherAI/pythia-410m,step8,seed6,6,8
He liked the graceful movement.,He liked the civil-rights movement.,movement,movement,Different Sense,0.06699097156524658,13,0.833333333,6,8,2,405334016,EleutherAI/pythia-410m,step8,seed6,6,8
He liked the graceful movement.,He liked the civil-rights movement.,movement,movement,Different Sense,0.06586629152297974,14,0.833333333,6,8,2,405334016,EleutherAI/pythia-410m,step8,seed6,6,8
He liked the graceful movement.,He liked the civil-rights movement.,movement,movement,Different Sense,0.06433862447738647,15,0.833333333,6,8,2,405334016,EleutherAI/pythia-410m,step8,seed6,6,8
He liked the graceful movement.,He liked the civil-rights movement.,movement,movement,Different Sense,0.06413674354553223,16,0.833333333,6,8,2,405334016,EleutherAI/pythia-410m,step8,seed6,6,8
He liked the graceful movement.,He liked the civil-rights movement.,movement,movement,Different Sense,0.0639306902885437,17,0.833333333,6,8,2,405334016,EleutherAI/pythia-410m,step8,seed6,6,8
He liked the graceful movement.,He liked the civil-rights movement.,movement,movement,Different Sense,0.06543195247650146,18,0.833333333,6,8,2,405334016,EleutherAI/pythia-410m,step8,seed6,6,8
He liked the graceful movement.,He liked the civil-rights movement.,movement,movement,Different Sense,0.06392210721969604,19,0.833333333,6,8,2,405334016,EleutherAI/pythia-410m,step8,seed6,6,8
He liked the graceful movement.,He liked the civil-rights movement.,movement,movement,Different Sense,0.06189626455307007,20,0.833333333,6,8,2,405334016,EleutherAI/pythia-410m,step8,seed6,6,8
He liked the graceful movement.,He liked the civil-rights movement.,movement,movement,Different Sense,0.061550676822662354,21,0.833333333,6,8,2,405334016,EleutherAI/pythia-410m,step8,seed6,6,8
He liked the graceful movement.,He liked the civil-rights movement.,movement,movement,Different Sense,0.0616227388381958,22,0.833333333,6,8,2,405334016,EleutherAI/pythia-410m,step8,seed6,6,8
He liked the graceful movement.,He liked the civil-rights movement.,movement,movement,Different Sense,0.060869812965393066,23,0.833333333,6,8,2,405334016,EleutherAI/pythia-410m,step8,seed6,6,8
He liked the graceful movement.,He liked the civil-rights movement.,movement,movement,Different Sense,0.05938631296157837,24,0.833333333,6,8,2,405334016,EleutherAI/pythia-410m,step8,seed6,6,8
He liked the rhythmic movement.,He liked the graceful movement.,movement,movement,Same Sense,0.0,0,3.384615385,7,6,1,405334016,EleutherAI/pythia-410m,step8,seed6,6,8
He liked the rhythmic movement.,He liked the graceful movement.,movement,movement,Same Sense,0.02522754669189453,1,3.384615385,7,6,1,405334016,EleutherAI/pythia-410m,step8,seed6,6,8
He liked the rhythmic movement.,He liked the graceful movement.,movement,movement,Same Sense,0.04574960470199585,2,3.384615385,7,6,1,405334016,EleutherAI/pythia-410m,step8,seed6,6,8
He liked the rhythmic movement.,He liked the graceful movement.,movement,movement,Same Sense,0.05314981937408447,3,3.384615385,7,6,1,405334016,EleutherAI/pythia-410m,step8,seed6,6,8
He liked the rhythmic movement.,He liked the graceful movement.,movement,movement,Same Sense,0.05705219507217407,4,3.384615385,7,6,1,405334016,EleutherAI/pythia-410m,step8,seed6,6,8
He liked the rhythmic movement.,He liked the graceful movement.,movement,movement,Same Sense,0.05857962369918823,5,3.384615385,7,6,1,405334016,EleutherAI/pythia-410m,step8,seed6,6,8
He liked the rhythmic movement.,He liked the graceful movement.,movement,movement,Same Sense,0.05802649259567261,6,3.384615385,7,6,1,405334016,EleutherAI/pythia-410m,step8,seed6,6,8
He liked the rhythmic movement.,He liked the graceful movement.,movement,movement,Same Sense,0.057112693786621094,7,3.384615385,7,6,1,405334016,EleutherAI/pythia-410m,step8,seed6,6,8
He liked the rhythmic movement.,He liked the graceful movement.,movement,movement,Same Sense,0.05882120132446289,8,3.384615385,7,6,1,405334016,EleutherAI/pythia-410m,step8,seed6,6,8
He liked the rhythmic movement.,He liked the graceful movement.,movement,movement,Same Sense,0.06093096733093262,9,3.384615385,7,6,1,405334016,EleutherAI/pythia-410m,step8,seed6,6,8
He liked the rhythmic movement.,He liked the graceful movement.,movement,movement,Same Sense,0.06021273136138916,10,3.384615385,7,6,1,405334016,EleutherAI/pythia-410m,step8,seed6,6,8
He liked the rhythmic movement.,He liked the graceful movement.,movement,movement,Same Sense,0.0583423376083374,11,3.384615385,7,6,1,405334016,EleutherAI/pythia-410m,step8,seed6,6,8
He liked the rhythmic movement.,He liked the graceful movement.,movement,movement,Same Sense,0.05808460712432861,12,3.384615385,7,6,1,405334016,EleutherAI/pythia-410m,step8,seed6,6,8
He liked the rhythmic movement.,He liked the graceful movement.,movement,movement,Same Sense,0.05632728338241577,13,3.384615385,7,6,1,405334016,EleutherAI/pythia-410m,step8,seed6,6,8
He liked the rhythmic movement.,He liked the graceful movement.,movement,movement,Same Sense,0.053623855113983154,14,3.384615385,7,6,1,405334016,EleutherAI/pythia-410m,step8,seed6,6,8
He liked the rhythmic movement.,He liked the graceful movement.,movement,movement,Same Sense,0.05220377445220947,15,3.384615385,7,6,1,405334016,EleutherAI/pythia-410m,step8,seed6,6,8
He liked the rhythmic movement.,He liked the graceful movement.,movement,movement,Same Sense,0.05117529630661011,16,3.384615385,7,6,1,405334016,EleutherAI/pythia-410m,step8,seed6,6,8
He liked the rhythmic movement.,He liked the graceful movement.,movement,movement,Same Sense,0.04985707998275757,17,3.384615385,7,6,1,405334016,EleutherAI/pythia-410m,step8,seed6,6,8
He liked the rhythmic movement.,He liked the graceful movement.,movement,movement,Same Sense,0.04981732368469238,18,3.384615385,7,6,1,405334016,EleutherAI/pythia-410m,step8,seed6,6,8
He liked the rhythmic movement.,He liked the graceful movement.,movement,movement,Same Sense,0.049179136753082275,19,3.384615385,7,6,1,405334016,EleutherAI/pythia-410m,step8,seed6,6,8
He liked the rhythmic movement.,He liked the graceful movement.,movement,movement,Same Sense,0.048723578453063965,20,3.384615385,7,6,1,405334016,EleutherAI/pythia-410m,step8,seed6,6,8
He liked the rhythmic movement.,He liked the graceful movement.,movement,movement,Same Sense,0.0483434796333313,21,3.384615385,7,6,1,405334016,EleutherAI/pythia-410m,step8,seed6,6,8
He liked the rhythmic movement.,He liked the graceful movement.,movement,movement,Same Sense,0.04764676094055176,22,3.384615385,7,6,1,405334016,EleutherAI/pythia-410m,step8,seed6,6,8
He liked the rhythmic movement.,He liked the graceful movement.,movement,movement,Same Sense,0.04728424549102783,23,3.384615385,7,6,1,405334016,EleutherAI/pythia-410m,step8,seed6,6,8
He liked the rhythmic movement.,He liked the graceful movement.,movement,movement,Same Sense,0.04746222496032715,24,3.384615385,7,6,1,405334016,EleutherAI/pythia-410m,step8,seed6,6,8
He liked the feminist movement.,He liked the civil-rights movement.,movement,movement,Same Sense,0.0,0,4.0,6,8,2,405334016,EleutherAI/pythia-410m,step8,seed6,6,8
He liked the feminist movement.,He liked the civil-rights movement.,movement,movement,Same Sense,0.03461050987243652,1,4.0,6,8,2,405334016,EleutherAI/pythia-410m,step8,seed6,6,8
He liked the feminist movement.,He liked the civil-rights movement.,movement,movement,Same Sense,0.05152535438537598,2,4.0,6,8,2,405334016,EleutherAI/pythia-410m,step8,seed6,6,8
He liked the feminist movement.,He liked the civil-rights movement.,movement,movement,Same Sense,0.055143773555755615,3,4.0,6,8,2,405334016,EleutherAI/pythia-410m,step8,seed6,6,8
He liked the feminist movement.,He liked the civil-rights movement.,movement,movement,Same Sense,0.05759906768798828,4,4.0,6,8,2,405334016,EleutherAI/pythia-410m,step8,seed6,6,8
He liked the feminist movement.,He liked the civil-rights movement.,movement,movement,Same Sense,0.06232500076293945,5,4.0,6,8,2,405334016,EleutherAI/pythia-410m,step8,seed6,6,8
He liked the feminist movement.,He liked the civil-rights movement.,movement,movement,Same Sense,0.06301373243331909,6,4.0,6,8,2,405334016,EleutherAI/pythia-410m,step8,seed6,6,8
He liked the feminist movement.,He liked the civil-rights movement.,movement,movement,Same Sense,0.06302899122238159,7,4.0,6,8,2,405334016,EleutherAI/pythia-410m,step8,seed6,6,8
He liked the feminist movement.,He liked the civil-rights movement.,movement,movement,Same Sense,0.06538009643554688,8,4.0,6,8,2,405334016,EleutherAI/pythia-410m,step8,seed6,6,8
He liked the feminist movement.,He liked the civil-rights movement.,movement,movement,Same Sense,0.06612831354141235,9,4.0,6,8,2,405334016,EleutherAI/pythia-410m,step8,seed6,6,8
He liked the feminist movement.,He liked the civil-rights movement.,movement,movement,Same Sense,0.06327855587005615,10,4.0,6,8,2,405334016,EleutherAI/pythia-410m,step8,seed6,6,8
He liked the feminist movement.,He liked the civil-rights movement.,movement,movement,Same Sense,0.060937583446502686,11,4.0,6,8,2,405334016,EleutherAI/pythia-410m,step8,seed6,6,8
He liked the feminist movement.,He liked the civil-rights movement.,movement,movement,Same Sense,0.058841705322265625,12,4.0,6,8,2,405334016,EleutherAI/pythia-410m,step8,seed6,6,8
He liked the feminist movement.,He liked the civil-rights movement.,movement,movement,Same Sense,0.056931376457214355,13,4.0,6,8,2,405334016,EleutherAI/pythia-410m,step8,seed6,6,8
He liked the feminist movement.,He liked the civil-rights movement.,movement,movement,Same Sense,0.05485129356384277,14,4.0,6,8,2,405334016,EleutherAI/pythia-410m,step8,seed6,6,8
He liked the feminist movement.,He liked the civil-rights movement.,movement,movement,Same Sense,0.054398298263549805,15,4.0,6,8,2,405334016,EleutherAI/pythia-410m,step8,seed6,6,8
He liked the feminist movement.,He liked the civil-rights movement.,movement,movement,Same Sense,0.05358016490936279,16,4.0,6,8,2,405334016,EleutherAI/pythia-410m,step8,seed6,6,8
He liked the feminist movement.,He liked the civil-rights movement.,movement,movement,Same Sense,0.05497032403945923,17,4.0,6,8,2,405334016,EleutherAI/pythia-410m,step8,seed6,6,8
He liked the feminist movement.,He liked the civil-rights movement.,movement,movement,Same Sense,0.05716109275817871,18,4.0,6,8,2,405334016,EleutherAI/pythia-410m,step8,seed6,6,8
He liked the feminist movement.,He liked the civil-rights movement.,movement,movement,Same Sense,0.05626976490020752,19,4.0,6,8,2,405334016,EleutherAI/pythia-410m,step8,seed6,6,8
He liked the feminist movement.,He liked the civil-rights movement.,movement,movement,Same Sense,0.0545198917388916,20,4.0,6,8,2,405334016,EleutherAI/pythia-410m,step8,seed6,6,8
He liked the feminist movement.,He liked the civil-rights movement.,movement,movement,Same Sense,0.05473607778549194,21,4.0,6,8,2,405334016,EleutherAI/pythia-410m,step8,seed6,6,8
He liked the feminist movement.,He liked the civil-rights movement.,movement,movement,Same Sense,0.054257988929748535,22,4.0,6,8,2,405334016,EleutherAI/pythia-410m,step8,seed6,6,8
He liked the feminist movement.,He liked the civil-rights movement.,movement,movement,Same Sense,0.05316734313964844,23,4.0,6,8,2,405334016,EleutherAI/pythia-410m,step8,seed6,6,8
He liked the feminist movement.,He liked the civil-rights movement.,movement,movement,Same Sense,0.052094876766204834,24,4.0,6,8,2,405334016,EleutherAI/pythia-410m,step8,seed6,6,8
It was a national newspaper.,It was a faded newspaper.,newspaper,newspaper,Different Sense,0.0,0,3.9,6,6,0,405334016,EleutherAI/pythia-410m,step8,seed6,6,8
It was a national newspaper.,It was a faded newspaper.,newspaper,newspaper,Different Sense,0.023360729217529297,1,3.9,6,6,0,405334016,EleutherAI/pythia-410m,step8,seed6,6,8
It was a national newspaper.,It was a faded newspaper.,newspaper,newspaper,Different Sense,0.03350532054901123,2,3.9,6,6,0,405334016,EleutherAI/pythia-410m,step8,seed6,6,8
It was a national newspaper.,It was a faded newspaper.,newspaper,newspaper,Different Sense,0.03633850812911987,3,3.9,6,6,0,405334016,EleutherAI/pythia-410m,step8,seed6,6,8
It was a national newspaper.,It was a faded newspaper.,newspaper,newspaper,Different Sense,0.03526943922042847,4,3.9,6,6,0,405334016,EleutherAI/pythia-410m,step8,seed6,6,8
It was a national newspaper.,It was a faded newspaper.,newspaper,newspaper,Different Sense,0.036786675453186035,5,3.9,6,6,0,405334016,EleutherAI/pythia-410m,step8,seed6,6,8
It was a national newspaper.,It was a faded newspaper.,newspaper,newspaper,Different Sense,0.038127601146698,6,3.9,6,6,0,405334016,EleutherAI/pythia-410m,step8,seed6,6,8
It was a national newspaper.,It was a faded newspaper.,newspaper,newspaper,Different Sense,0.03790557384490967,7,3.9,6,6,0,405334016,EleutherAI/pythia-410m,step8,seed6,6,8
It was a national newspaper.,It was a faded newspaper.,newspaper,newspaper,Different Sense,0.03778964281082153,8,3.9,6,6,0,405334016,EleutherAI/pythia-410m,step8,seed6,6,8
It was a national newspaper.,It was a faded newspaper.,newspaper,newspaper,Different Sense,0.03709226846694946,9,3.9,6,6,0,405334016,EleutherAI/pythia-410m,step8,seed6,6,8
It was a national newspaper.,It was a faded newspaper.,newspaper,newspaper,Different Sense,0.036962687969207764,10,3.9,6,6,0,405334016,EleutherAI/pythia-410m,step8,seed6,6,8
It was a national newspaper.,It was a faded newspaper.,newspaper,newspaper,Different Sense,0.03491765260696411,11,3.9,6,6,0,405334016,EleutherAI/pythia-410m,step8,seed6,6,8
It was a national newspaper.,It was a faded newspaper.,newspaper,newspaper,Different Sense,0.03331655263900757,12,3.9,6,6,0,405334016,EleutherAI/pythia-410m,step8,seed6,6,8
It was a national newspaper.,It was a faded newspaper.,newspaper,newspaper,Different Sense,0.03266942501068115,13,3.9,6,6,0,405334016,EleutherAI/pythia-410m,step8,seed6,6,8
It was a national newspaper.,It was a faded newspaper.,newspaper,newspaper,Different Sense,0.03150910139083862,14,3.9,6,6,0,405334016,EleutherAI/pythia-410m,step8,seed6,6,8
It was a national newspaper.,It was a faded newspaper.,newspaper,newspaper,Different Sense,0.029537439346313477,15,3.9,6,6,0,405334016,EleutherAI/pythia-410m,step8,seed6,6,8
It was a national newspaper.,It was a faded newspaper.,newspaper,newspaper,Different Sense,0.02906423807144165,16,3.9,6,6,0,405334016,EleutherAI/pythia-410m,step8,seed6,6,8
It was a national newspaper.,It was a faded newspaper.,newspaper,newspaper,Different Sense,0.028667867183685303,17,3.9,6,6,0,405334016,EleutherAI/pythia-410m,step8,seed6,6,8
It was a national newspaper.,It was a faded newspaper.,newspaper,newspaper,Different Sense,0.027787506580352783,18,3.9,6,6,0,405334016,EleutherAI/pythia-410m,step8,seed6,6,8
It was a national newspaper.,It was a faded newspaper.,newspaper,newspaper,Different Sense,0.027035951614379883,19,3.9,6,6,0,405334016,EleutherAI/pythia-410m,step8,seed6,6,8
It was a national newspaper.,It was a faded newspaper.,newspaper,newspaper,Different Sense,0.02713489532470703,20,3.9,6,6,0,405334016,EleutherAI/pythia-410m,step8,seed6,6,8
It was a national newspaper.,It was a faded newspaper.,newspaper,newspaper,Different Sense,0.02715778350830078,21,3.9,6,6,0,405334016,EleutherAI/pythia-410m,step8,seed6,6,8
It was a national newspaper.,It was a faded newspaper.,newspaper,newspaper,Different Sense,0.0260239839553833,22,3.9,6,6,0,405334016,EleutherAI/pythia-410m,step8,seed6,6,8
It was a national newspaper.,It was a faded newspaper.,newspaper,newspaper,Different Sense,0.025246262550354004,23,3.9,6,6,0,405334016,EleutherAI/pythia-410m,step8,seed6,6,8
It was a national newspaper.,It was a faded newspaper.,newspaper,newspaper,Different Sense,0.025092244148254395,24,3.9,6,6,0,405334016,EleutherAI/pythia-410m,step8,seed6,6,8
It was a national newspaper.,It was a shredded newspaper.,newspaper,newspaper,Different Sense,0.0,0,3.647058824,6,6,0,405334016,EleutherAI/pythia-410m,step8,seed6,6,8
It was a national newspaper.,It was a shredded newspaper.,newspaper,newspaper,Different Sense,0.023236513137817383,1,3.647058824,6,6,0,405334016,EleutherAI/pythia-410m,step8,seed6,6,8
It was a national newspaper.,It was a shredded newspaper.,newspaper,newspaper,Different Sense,0.03531301021575928,2,3.647058824,6,6,0,405334016,EleutherAI/pythia-410m,step8,seed6,6,8
It was a national newspaper.,It was a shredded newspaper.,newspaper,newspaper,Different Sense,0.03716099262237549,3,3.647058824,6,6,0,405334016,EleutherAI/pythia-410m,step8,seed6,6,8
It was a national newspaper.,It was a shredded newspaper.,newspaper,newspaper,Different Sense,0.03644353151321411,4,3.647058824,6,6,0,405334016,EleutherAI/pythia-410m,step8,seed6,6,8
It was a national newspaper.,It was a shredded newspaper.,newspaper,newspaper,Different Sense,0.03702646493911743,5,3.647058824,6,6,0,405334016,EleutherAI/pythia-410m,step8,seed6,6,8
It was a national newspaper.,It was a shredded newspaper.,newspaper,newspaper,Different Sense,0.03822016716003418,6,3.647058824,6,6,0,405334016,EleutherAI/pythia-410m,step8,seed6,6,8
It was a national newspaper.,It was a shredded newspaper.,newspaper,newspaper,Different Sense,0.03792911767959595,7,3.647058824,6,6,0,405334016,EleutherAI/pythia-410m,step8,seed6,6,8
It was a national newspaper.,It was a shredded newspaper.,newspaper,newspaper,Different Sense,0.03693300485610962,8,3.647058824,6,6,0,405334016,EleutherAI/pythia-410m,step8,seed6,6,8
It was a national newspaper.,It was a shredded newspaper.,newspaper,newspaper,Different Sense,0.036131441593170166,9,3.647058824,6,6,0,405334016,EleutherAI/pythia-410m,step8,seed6,6,8
It was a national newspaper.,It was a shredded newspaper.,newspaper,newspaper,Different Sense,0.03615695238113403,10,3.647058824,6,6,0,405334016,EleutherAI/pythia-410m,step8,seed6,6,8
It was a national newspaper.,It was a shredded newspaper.,newspaper,newspaper,Different Sense,0.03465604782104492,11,3.647058824,6,6,0,405334016,EleutherAI/pythia-410m,step8,seed6,6,8
It was a national newspaper.,It was a shredded newspaper.,newspaper,newspaper,Different Sense,0.03405964374542236,12,3.647058824,6,6,0,405334016,EleutherAI/pythia-410m,step8,seed6,6,8
It was a national newspaper.,It was a shredded newspaper.,newspaper,newspaper,Different Sense,0.03393203020095825,13,3.647058824,6,6,0,405334016,EleutherAI/pythia-410m,step8,seed6,6,8
It was a national newspaper.,It was a shredded newspaper.,newspaper,newspaper,Different Sense,0.03293365240097046,14,3.647058824,6,6,0,405334016,EleutherAI/pythia-410m,step8,seed6,6,8
It was a national newspaper.,It was a shredded newspaper.,newspaper,newspaper,Different Sense,0.031450748443603516,15,3.647058824,6,6,0,405334016,EleutherAI/pythia-410m,step8,seed6,6,8
It was a national newspaper.,It was a shredded newspaper.,newspaper,newspaper,Different Sense,0.030972778797149658,16,3.647058824,6,6,0,405334016,EleutherAI/pythia-410m,step8,seed6,6,8
It was a national newspaper.,It was a shredded newspaper.,newspaper,newspaper,Different Sense,0.02972656488418579,17,3.647058824,6,6,0,405334016,EleutherAI/pythia-410m,step8,seed6,6,8
It was a national newspaper.,It was a shredded newspaper.,newspaper,newspaper,Different Sense,0.0291176438331604,18,3.647058824,6,6,0,405334016,EleutherAI/pythia-410m,step8,seed6,6,8
It was a national newspaper.,It was a shredded newspaper.,newspaper,newspaper,Different Sense,0.0284881591796875,19,3.647058824,6,6,0,405334016,EleutherAI/pythia-410m,step8,seed6,6,8
It was a national newspaper.,It was a shredded newspaper.,newspaper,newspaper,Different Sense,0.02871912717819214,20,3.647058824,6,6,0,405334016,EleutherAI/pythia-410m,step8,seed6,6,8
It was a national newspaper.,It was a shredded newspaper.,newspaper,newspaper,Different Sense,0.028770387172698975,21,3.647058824,6,6,0,405334016,EleutherAI/pythia-410m,step8,seed6,6,8
It was a national newspaper.,It was a shredded newspaper.,newspaper,newspaper,Different Sense,0.028102338314056396,22,3.647058824,6,6,0,405334016,EleutherAI/pythia-410m,step8,seed6,6,8
It was a national newspaper.,It was a shredded newspaper.,newspaper,newspaper,Different Sense,0.02697080373764038,23,3.647058824,6,6,0,405334016,EleutherAI/pythia-410m,step8,seed6,6,8
It was a national newspaper.,It was a shredded newspaper.,newspaper,newspaper,Different Sense,0.026710927486419678,24,3.647058824,6,6,0,405334016,EleutherAI/pythia-410m,step8,seed6,6,8
It was a daily newspaper.,It was a faded newspaper.,newspaper,newspaper,Different Sense,0.0,0,4.0,6,6,0,405334016,EleutherAI/pythia-410m,step8,seed6,6,8
It was a daily newspaper.,It was a faded newspaper.,newspaper,newspaper,Different Sense,0.021330714225769043,1,4.0,6,6,0,405334016,EleutherAI/pythia-410m,step8,seed6,6,8
It was a daily newspaper.,It was a faded newspaper.,newspaper,newspaper,Different Sense,0.031909167766571045,2,4.0,6,6,0,405334016,EleutherAI/pythia-410m,step8,seed6,6,8
It was a daily newspaper.,It was a faded newspaper.,newspaper,newspaper,Different Sense,0.03373110294342041,3,4.0,6,6,0,405334016,EleutherAI/pythia-410m,step8,seed6,6,8
It was a daily newspaper.,It was a faded newspaper.,newspaper,newspaper,Different Sense,0.03520083427429199,4,4.0,6,6,0,405334016,EleutherAI/pythia-410m,step8,seed6,6,8
It was a daily newspaper.,It was a faded newspaper.,newspaper,newspaper,Different Sense,0.0370098352432251,5,4.0,6,6,0,405334016,EleutherAI/pythia-410m,step8,seed6,6,8
It was a daily newspaper.,It was a faded newspaper.,newspaper,newspaper,Different Sense,0.03821909427642822,6,4.0,6,6,0,405334016,EleutherAI/pythia-410m,step8,seed6,6,8
It was a daily newspaper.,It was a faded newspaper.,newspaper,newspaper,Different Sense,0.03909200429916382,7,4.0,6,6,0,405334016,EleutherAI/pythia-410m,step8,seed6,6,8
It was a daily newspaper.,It was a faded newspaper.,newspaper,newspaper,Different Sense,0.04006582498550415,8,4.0,6,6,0,405334016,EleutherAI/pythia-410m,step8,seed6,6,8
It was a daily newspaper.,It was a faded newspaper.,newspaper,newspaper,Different Sense,0.040151238441467285,9,4.0,6,6,0,405334016,EleutherAI/pythia-410m,step8,seed6,6,8
It was a daily newspaper.,It was a faded newspaper.,newspaper,newspaper,Different Sense,0.039093732833862305,10,4.0,6,6,0,405334016,EleutherAI/pythia-410m,step8,seed6,6,8
It was a daily newspaper.,It was a faded newspaper.,newspaper,newspaper,Different Sense,0.03764688968658447,11,4.0,6,6,0,405334016,EleutherAI/pythia-410m,step8,seed6,6,8
It was a daily newspaper.,It was a faded newspaper.,newspaper,newspaper,Different Sense,0.03580749034881592,12,4.0,6,6,0,405334016,EleutherAI/pythia-410m,step8,seed6,6,8
It was a daily newspaper.,It was a faded newspaper.,newspaper,newspaper,Different Sense,0.03537750244140625,13,4.0,6,6,0,405334016,EleutherAI/pythia-410m,step8,seed6,6,8
It was a daily newspaper.,It was a faded newspaper.,newspaper,newspaper,Different Sense,0.033808887004852295,14,4.0,6,6,0,405334016,EleutherAI/pythia-410m,step8,seed6,6,8
It was a daily newspaper.,It was a faded newspaper.,newspaper,newspaper,Different Sense,0.032419800758361816,15,4.0,6,6,0,405334016,EleutherAI/pythia-410m,step8,seed6,6,8
It was a daily newspaper.,It was a faded newspaper.,newspaper,newspaper,Different Sense,0.03211009502410889,16,4.0,6,6,0,405334016,EleutherAI/pythia-410m,step8,seed6,6,8
It was a daily newspaper.,It was a faded newspaper.,newspaper,newspaper,Different Sense,0.03197747468948364,17,4.0,6,6,0,405334016,EleutherAI/pythia-410m,step8,seed6,6,8
It was a daily newspaper.,It was a faded newspaper.,newspaper,newspaper,Different Sense,0.03204488754272461,18,4.0,6,6,0,405334016,EleutherAI/pythia-410m,step8,seed6,6,8
It was a daily newspaper.,It was a faded newspaper.,newspaper,newspaper,Different Sense,0.03172057867050171,19,4.0,6,6,0,405334016,EleutherAI/pythia-410m,step8,seed6,6,8
It was a daily newspaper.,It was a faded newspaper.,newspaper,newspaper,Different Sense,0.030962467193603516,20,4.0,6,6,0,405334016,EleutherAI/pythia-410m,step8,seed6,6,8
It was a daily newspaper.,It was a faded newspaper.,newspaper,newspaper,Different Sense,0.031119346618652344,21,4.0,6,6,0,405334016,EleutherAI/pythia-410m,step8,seed6,6,8
It was a daily newspaper.,It was a faded newspaper.,newspaper,newspaper,Different Sense,0.03017181158065796,22,4.0,6,6,0,405334016,EleutherAI/pythia-410m,step8,seed6,6,8
It was a daily newspaper.,It was a faded newspaper.,newspaper,newspaper,Different Sense,0.0287056565284729,23,4.0,6,6,0,405334016,EleutherAI/pythia-410m,step8,seed6,6,8
It was a daily newspaper.,It was a faded newspaper.,newspaper,newspaper,Different Sense,0.028597533702850342,24,4.0,6,6,0,405334016,EleutherAI/pythia-410m,step8,seed6,6,8
It was a daily newspaper.,It was a shredded newspaper.,newspaper,newspaper,Different Sense,0.0,0,3.777777778,6,6,0,405334016,EleutherAI/pythia-410m,step8,seed6,6,8
It was a daily newspaper.,It was a shredded newspaper.,newspaper,newspaper,Different Sense,0.02307993173599243,1,3.777777778,6,6,0,405334016,EleutherAI/pythia-410m,step8,seed6,6,8
It was a daily newspaper.,It was a shredded newspaper.,newspaper,newspaper,Different Sense,0.03581821918487549,2,3.777777778,6,6,0,405334016,EleutherAI/pythia-410m,step8,seed6,6,8
It was a daily newspaper.,It was a shredded newspaper.,newspaper,newspaper,Different Sense,0.03851330280303955,3,3.777777778,6,6,0,405334016,EleutherAI/pythia-410m,step8,seed6,6,8
It was a daily newspaper.,It was a shredded newspaper.,newspaper,newspaper,Different Sense,0.037323594093322754,4,3.777777778,6,6,0,405334016,EleutherAI/pythia-410m,step8,seed6,6,8
It was a daily newspaper.,It was a shredded newspaper.,newspaper,newspaper,Different Sense,0.037851572036743164,5,3.777777778,6,6,0,405334016,EleutherAI/pythia-410m,step8,seed6,6,8
It was a daily newspaper.,It was a shredded newspaper.,newspaper,newspaper,Different Sense,0.0395960807800293,6,3.777777778,6,6,0,405334016,EleutherAI/pythia-410m,step8,seed6,6,8
It was a daily newspaper.,It was a shredded newspaper.,newspaper,newspaper,Different Sense,0.03975909948348999,7,3.777777778,6,6,0,405334016,EleutherAI/pythia-410m,step8,seed6,6,8
It was a daily newspaper.,It was a shredded newspaper.,newspaper,newspaper,Different Sense,0.03953862190246582,8,3.777777778,6,6,0,405334016,EleutherAI/pythia-410m,step8,seed6,6,8
It was a daily newspaper.,It was a shredded newspaper.,newspaper,newspaper,Different Sense,0.04178506135940552,9,3.777777778,6,6,0,405334016,EleutherAI/pythia-410m,step8,seed6,6,8
It was a daily newspaper.,It was a shredded newspaper.,newspaper,newspaper,Different Sense,0.04066342115402222,10,3.777777778,6,6,0,405334016,EleutherAI/pythia-410m,step8,seed6,6,8
It was a daily newspaper.,It was a shredded newspaper.,newspaper,newspaper,Different Sense,0.039354145526885986,11,3.777777778,6,6,0,405334016,EleutherAI/pythia-410m,step8,seed6,6,8
It was a daily newspaper.,It was a shredded newspaper.,newspaper,newspaper,Different Sense,0.03859257698059082,12,3.777777778,6,6,0,405334016,EleutherAI/pythia-410m,step8,seed6,6,8
It was a daily newspaper.,It was a shredded newspaper.,newspaper,newspaper,Different Sense,0.03764224052429199,13,3.777777778,6,6,0,405334016,EleutherAI/pythia-410m,step8,seed6,6,8
It was a daily newspaper.,It was a shredded newspaper.,newspaper,newspaper,Different Sense,0.035951077938079834,14,3.777777778,6,6,0,405334016,EleutherAI/pythia-410m,step8,seed6,6,8
It was a daily newspaper.,It was a shredded newspaper.,newspaper,newspaper,Different Sense,0.03496146202087402,15,3.777777778,6,6,0,405334016,EleutherAI/pythia-410m,step8,seed6,6,8
It was a daily newspaper.,It was a shredded newspaper.,newspaper,newspaper,Different Sense,0.033534348011016846,16,3.777777778,6,6,0,405334016,EleutherAI/pythia-410m,step8,seed6,6,8
It was a daily newspaper.,It was a shredded newspaper.,newspaper,newspaper,Different Sense,0.03363358974456787,17,3.777777778,6,6,0,405334016,EleutherAI/pythia-410m,step8,seed6,6,8
It was a daily newspaper.,It was a shredded newspaper.,newspaper,newspaper,Different Sense,0.03345823287963867,18,3.777777778,6,6,0,405334016,EleutherAI/pythia-410m,step8,seed6,6,8
It was a daily newspaper.,It was a shredded newspaper.,newspaper,newspaper,Different Sense,0.032592058181762695,19,3.777777778,6,6,0,405334016,EleutherAI/pythia-410m,step8,seed6,6,8
It was a daily newspaper.,It was a shredded newspaper.,newspaper,newspaper,Different Sense,0.03209376335144043,20,3.777777778,6,6,0,405334016,EleutherAI/pythia-410m,step8,seed6,6,8
It was a daily newspaper.,It was a shredded newspaper.,newspaper,newspaper,Different Sense,0.032063841819763184,21,3.777777778,6,6,0,405334016,EleutherAI/pythia-410m,step8,seed6,6,8
It was a daily newspaper.,It was a shredded newspaper.,newspaper,newspaper,Different Sense,0.03085494041442871,22,3.777777778,6,6,0,405334016,EleutherAI/pythia-410m,step8,seed6,6,8
It was a daily newspaper.,It was a shredded newspaper.,newspaper,newspaper,Different Sense,0.029965221881866455,23,3.777777778,6,6,0,405334016,EleutherAI/pythia-410m,step8,seed6,6,8
It was a daily newspaper.,It was a shredded newspaper.,newspaper,newspaper,Different Sense,0.029723048210144043,24,3.777777778,6,6,0,405334016,EleutherAI/pythia-410m,step8,seed6,6,8
It was a national newspaper.,It was a daily newspaper.,newspaper,newspaper,Same Sense,0.0,0,4.0,6,6,0,405334016,EleutherAI/pythia-410m,step8,seed6,6,8
It was a national newspaper.,It was a daily newspaper.,newspaper,newspaper,Same Sense,0.016602039337158203,1,4.0,6,6,0,405334016,EleutherAI/pythia-410m,step8,seed6,6,8
It was a national newspaper.,It was a daily newspaper.,newspaper,newspaper,Same Sense,0.028057634830474854,2,4.0,6,6,0,405334016,EleutherAI/pythia-410m,step8,seed6,6,8
It was a national newspaper.,It was a daily newspaper.,newspaper,newspaper,Same Sense,0.03198796510696411,3,4.0,6,6,0,405334016,EleutherAI/pythia-410m,step8,seed6,6,8
It was a national newspaper.,It was a daily newspaper.,newspaper,newspaper,Same Sense,0.03278553485870361,4,4.0,6,6,0,405334016,EleutherAI/pythia-410m,step8,seed6,6,8
It was a national newspaper.,It was a daily newspaper.,newspaper,newspaper,Same Sense,0.03328639268875122,5,4.0,6,6,0,405334016,EleutherAI/pythia-410m,step8,seed6,6,8
It was a national newspaper.,It was a daily newspaper.,newspaper,newspaper,Same Sense,0.03347146511077881,6,4.0,6,6,0,405334016,EleutherAI/pythia-410m,step8,seed6,6,8
It was a national newspaper.,It was a daily newspaper.,newspaper,newspaper,Same Sense,0.033103227615356445,7,4.0,6,6,0,405334016,EleutherAI/pythia-410m,step8,seed6,6,8
It was a national newspaper.,It was a daily newspaper.,newspaper,newspaper,Same Sense,0.03201407194137573,8,4.0,6,6,0,405334016,EleutherAI/pythia-410m,step8,seed6,6,8
It was a national newspaper.,It was a daily newspaper.,newspaper,newspaper,Same Sense,0.03177499771118164,9,4.0,6,6,0,405334016,EleutherAI/pythia-410m,step8,seed6,6,8
It was a national newspaper.,It was a daily newspaper.,newspaper,newspaper,Same Sense,0.03154408931732178,10,4.0,6,6,0,405334016,EleutherAI/pythia-410m,step8,seed6,6,8
It was a national newspaper.,It was a daily newspaper.,newspaper,newspaper,Same Sense,0.03007686138153076,11,4.0,6,6,0,405334016,EleutherAI/pythia-410m,step8,seed6,6,8
It was a national newspaper.,It was a daily newspaper.,newspaper,newspaper,Same Sense,0.029943645000457764,12,4.0,6,6,0,405334016,EleutherAI/pythia-410m,step8,seed6,6,8
It was a national newspaper.,It was a daily newspaper.,newspaper,newspaper,Same Sense,0.030243515968322754,13,4.0,6,6,0,405334016,EleutherAI/pythia-410m,step8,seed6,6,8
It was a national newspaper.,It was a daily newspaper.,newspaper,newspaper,Same Sense,0.03005814552307129,14,4.0,6,6,0,405334016,EleutherAI/pythia-410m,step8,seed6,6,8
It was a national newspaper.,It was a daily newspaper.,newspaper,newspaper,Same Sense,0.02894580364227295,15,4.0,6,6,0,405334016,EleutherAI/pythia-410m,step8,seed6,6,8
It was a national newspaper.,It was a daily newspaper.,newspaper,newspaper,Same Sense,0.02856576442718506,16,4.0,6,6,0,405334016,EleutherAI/pythia-410m,step8,seed6,6,8
It was a national newspaper.,It was a daily newspaper.,newspaper,newspaper,Same Sense,0.028441250324249268,17,4.0,6,6,0,405334016,EleutherAI/pythia-410m,step8,seed6,6,8
It was a national newspaper.,It was a daily newspaper.,newspaper,newspaper,Same Sense,0.027570724487304688,18,4.0,6,6,0,405334016,EleutherAI/pythia-410m,step8,seed6,6,8
It was a national newspaper.,It was a daily newspaper.,newspaper,newspaper,Same Sense,0.02743697166442871,19,4.0,6,6,0,405334016,EleutherAI/pythia-410m,step8,seed6,6,8
It was a national newspaper.,It was a daily newspaper.,newspaper,newspaper,Same Sense,0.02753317356109619,20,4.0,6,6,0,405334016,EleutherAI/pythia-410m,step8,seed6,6,8
It was a national newspaper.,It was a daily newspaper.,newspaper,newspaper,Same Sense,0.027294158935546875,21,4.0,6,6,0,405334016,EleutherAI/pythia-410m,step8,seed6,6,8
It was a national newspaper.,It was a daily newspaper.,newspaper,newspaper,Same Sense,0.025934219360351562,22,4.0,6,6,0,405334016,EleutherAI/pythia-410m,step8,seed6,6,8
It was a national newspaper.,It was a daily newspaper.,newspaper,newspaper,Same Sense,0.02517986297607422,23,4.0,6,6,0,405334016,EleutherAI/pythia-410m,step8,seed6,6,8
It was a national newspaper.,It was a daily newspaper.,newspaper,newspaper,Same Sense,0.024677395820617676,24,4.0,6,6,0,405334016,EleutherAI/pythia-410m,step8,seed6,6,8
It was a faded newspaper.,It was a shredded newspaper.,newspaper,newspaper,Same Sense,0.0,0,3.833333333,6,6,0,405334016,EleutherAI/pythia-410m,step8,seed6,6,8
It was a faded newspaper.,It was a shredded newspaper.,newspaper,newspaper,Same Sense,0.026286065578460693,1,3.833333333,6,6,0,405334016,EleutherAI/pythia-410m,step8,seed6,6,8
It was a faded newspaper.,It was a shredded newspaper.,newspaper,newspaper,Same Sense,0.03622853755950928,2,3.833333333,6,6,0,405334016,EleutherAI/pythia-410m,step8,seed6,6,8
It was a faded newspaper.,It was a shredded newspaper.,newspaper,newspaper,Same Sense,0.037513017654418945,3,3.833333333,6,6,0,405334016,EleutherAI/pythia-410m,step8,seed6,6,8
It was a faded newspaper.,It was a shredded newspaper.,newspaper,newspaper,Same Sense,0.038410067558288574,4,3.833333333,6,6,0,405334016,EleutherAI/pythia-410m,step8,seed6,6,8
It was a faded newspaper.,It was a shredded newspaper.,newspaper,newspaper,Same Sense,0.03835195302963257,5,3.833333333,6,6,0,405334016,EleutherAI/pythia-410m,step8,seed6,6,8
It was a faded newspaper.,It was a shredded newspaper.,newspaper,newspaper,Same Sense,0.039339542388916016,6,3.833333333,6,6,0,405334016,EleutherAI/pythia-410m,step8,seed6,6,8
It was a faded newspaper.,It was a shredded newspaper.,newspaper,newspaper,Same Sense,0.041036367416381836,7,3.833333333,6,6,0,405334016,EleutherAI/pythia-410m,step8,seed6,6,8
It was a faded newspaper.,It was a shredded newspaper.,newspaper,newspaper,Same Sense,0.03952527046203613,8,3.833333333,6,6,0,405334016,EleutherAI/pythia-410m,step8,seed6,6,8
It was a faded newspaper.,It was a shredded newspaper.,newspaper,newspaper,Same Sense,0.04001903533935547,9,3.833333333,6,6,0,405334016,EleutherAI/pythia-410m,step8,seed6,6,8
It was a faded newspaper.,It was a shredded newspaper.,newspaper,newspaper,Same Sense,0.03906428813934326,10,3.833333333,6,6,0,405334016,EleutherAI/pythia-410m,step8,seed6,6,8
It was a faded newspaper.,It was a shredded newspaper.,newspaper,newspaper,Same Sense,0.03636610507965088,11,3.833333333,6,6,0,405334016,EleutherAI/pythia-410m,step8,seed6,6,8
It was a faded newspaper.,It was a shredded newspaper.,newspaper,newspaper,Same Sense,0.03516495227813721,12,3.833333333,6,6,0,405334016,EleutherAI/pythia-410m,step8,seed6,6,8
It was a faded newspaper.,It was a shredded newspaper.,newspaper,newspaper,Same Sense,0.034538984298706055,13,3.833333333,6,6,0,405334016,EleutherAI/pythia-410m,step8,seed6,6,8
It was a faded newspaper.,It was a shredded newspaper.,newspaper,newspaper,Same Sense,0.03350335359573364,14,3.833333333,6,6,0,405334016,EleutherAI/pythia-410m,step8,seed6,6,8
It was a faded newspaper.,It was a shredded newspaper.,newspaper,newspaper,Same Sense,0.031882405281066895,15,3.833333333,6,6,0,405334016,EleutherAI/pythia-410m,step8,seed6,6,8
It was a faded newspaper.,It was a shredded newspaper.,newspaper,newspaper,Same Sense,0.031068027019500732,16,3.833333333,6,6,0,405334016,EleutherAI/pythia-410m,step8,seed6,6,8
It was a faded newspaper.,It was a shredded newspaper.,newspaper,newspaper,Same Sense,0.030641555786132812,17,3.833333333,6,6,0,405334016,EleutherAI/pythia-410m,step8,seed6,6,8
It was a faded newspaper.,It was a shredded newspaper.,newspaper,newspaper,Same Sense,0.030312180519104004,18,3.833333333,6,6,0,405334016,EleutherAI/pythia-410m,step8,seed6,6,8
It was a faded newspaper.,It was a shredded newspaper.,newspaper,newspaper,Same Sense,0.02985471487045288,19,3.833333333,6,6,0,405334016,EleutherAI/pythia-410m,step8,seed6,6,8
It was a faded newspaper.,It was a shredded newspaper.,newspaper,newspaper,Same Sense,0.029926180839538574,20,3.833333333,6,6,0,405334016,EleutherAI/pythia-410m,step8,seed6,6,8
It was a faded newspaper.,It was a shredded newspaper.,newspaper,newspaper,Same Sense,0.030451416969299316,21,3.833333333,6,6,0,405334016,EleutherAI/pythia-410m,step8,seed6,6,8
It was a faded newspaper.,It was a shredded newspaper.,newspaper,newspaper,Same Sense,0.029877126216888428,22,3.833333333,6,6,0,405334016,EleutherAI/pythia-410m,step8,seed6,6,8
It was a faded newspaper.,It was a shredded newspaper.,newspaper,newspaper,Same Sense,0.02888178825378418,23,3.833333333,6,6,0,405334016,EleutherAI/pythia-410m,step8,seed6,6,8
It was a faded newspaper.,It was a shredded newspaper.,newspaper,newspaper,Same Sense,0.028985977172851562,24,3.833333333,6,6,0,405334016,EleutherAI/pythia-410m,step8,seed6,6,8
It was a juicy orange.,It was a bright orange.,orange,orange,Different Sense,0.0,0,2.0,7,6,1,405334016,EleutherAI/pythia-410m,step8,seed6,6,8
It was a juicy orange.,It was a bright orange.,orange,orange,Different Sense,0.030785441398620605,1,2.0,7,6,1,405334016,EleutherAI/pythia-410m,step8,seed6,6,8
It was a juicy orange.,It was a bright orange.,orange,orange,Different Sense,0.03843677043914795,2,2.0,7,6,1,405334016,EleutherAI/pythia-410m,step8,seed6,6,8
It was a juicy orange.,It was a bright orange.,orange,orange,Different Sense,0.04566317796707153,3,2.0,7,6,1,405334016,EleutherAI/pythia-410m,step8,seed6,6,8
It was a juicy orange.,It was a bright orange.,orange,orange,Different Sense,0.04724997282028198,4,2.0,7,6,1,405334016,EleutherAI/pythia-410m,step8,seed6,6,8
It was a juicy orange.,It was a bright orange.,orange,orange,Different Sense,0.05076313018798828,5,2.0,7,6,1,405334016,EleutherAI/pythia-410m,step8,seed6,6,8
It was a juicy orange.,It was a bright orange.,orange,orange,Different Sense,0.05044811964035034,6,2.0,7,6,1,405334016,EleutherAI/pythia-410m,step8,seed6,6,8
It was a juicy orange.,It was a bright orange.,orange,orange,Different Sense,0.051086246967315674,7,2.0,7,6,1,405334016,EleutherAI/pythia-410m,step8,seed6,6,8
It was a juicy orange.,It was a bright orange.,orange,orange,Different Sense,0.049102067947387695,8,2.0,7,6,1,405334016,EleutherAI/pythia-410m,step8,seed6,6,8
It was a juicy orange.,It was a bright orange.,orange,orange,Different Sense,0.04864490032196045,9,2.0,7,6,1,405334016,EleutherAI/pythia-410m,step8,seed6,6,8
It was a juicy orange.,It was a bright orange.,orange,orange,Different Sense,0.051466941833496094,10,2.0,7,6,1,405334016,EleutherAI/pythia-410m,step8,seed6,6,8
It was a juicy orange.,It was a bright orange.,orange,orange,Different Sense,0.05000948905944824,11,2.0,7,6,1,405334016,EleutherAI/pythia-410m,step8,seed6,6,8
It was a juicy orange.,It was a bright orange.,orange,orange,Different Sense,0.0497550368309021,12,2.0,7,6,1,405334016,EleutherAI/pythia-410m,step8,seed6,6,8
It was a juicy orange.,It was a bright orange.,orange,orange,Different Sense,0.04858678579330444,13,2.0,7,6,1,405334016,EleutherAI/pythia-410m,step8,seed6,6,8
It was a juicy orange.,It was a bright orange.,orange,orange,Different Sense,0.04717588424682617,14,2.0,7,6,1,405334016,EleutherAI/pythia-410m,step8,seed6,6,8
It was a juicy orange.,It was a bright orange.,orange,orange,Different Sense,0.04612553119659424,15,2.0,7,6,1,405334016,EleutherAI/pythia-410m,step8,seed6,6,8
It was a juicy orange.,It was a bright orange.,orange,orange,Different Sense,0.045821309089660645,16,2.0,7,6,1,405334016,EleutherAI/pythia-410m,step8,seed6,6,8
It was a juicy orange.,It was a bright orange.,orange,orange,Different Sense,0.04518020153045654,17,2.0,7,6,1,405334016,EleutherAI/pythia-410m,step8,seed6,6,8
It was a juicy orange.,It was a bright orange.,orange,orange,Different Sense,0.04378485679626465,18,2.0,7,6,1,405334016,EleutherAI/pythia-410m,step8,seed6,6,8
It was a juicy orange.,It was a bright orange.,orange,orange,Different Sense,0.044854044914245605,19,2.0,7,6,1,405334016,EleutherAI/pythia-410m,step8,seed6,6,8
It was a juicy orange.,It was a bright orange.,orange,orange,Different Sense,0.04462480545043945,20,2.0,7,6,1,405334016,EleutherAI/pythia-410m,step8,seed6,6,8
It was a juicy orange.,It was a bright orange.,orange,orange,Different Sense,0.04504495859146118,21,2.0,7,6,1,405334016,EleutherAI/pythia-410m,step8,seed6,6,8
It was a juicy orange.,It was a bright orange.,orange,orange,Different Sense,0.044484615325927734,22,2.0,7,6,1,405334016,EleutherAI/pythia-410m,step8,seed6,6,8
It was a juicy orange.,It was a bright orange.,orange,orange,Different Sense,0.04359346628189087,23,2.0,7,6,1,405334016,EleutherAI/pythia-410m,step8,seed6,6,8
It was a juicy orange.,It was a bright orange.,orange,orange,Different Sense,0.04160761833190918,24,2.0,7,6,1,405334016,EleutherAI/pythia-410m,step8,seed6,6,8
It was a juicy orange.,It was a reddish orange.,orange,orange,Different Sense,0.0,0,1.0,7,7,0,405334016,EleutherAI/pythia-410m,step8,seed6,6,8
It was a juicy orange.,It was a reddish orange.,orange,orange,Different Sense,0.03980588912963867,1,1.0,7,7,0,405334016,EleutherAI/pythia-410m,step8,seed6,6,8
It was a juicy orange.,It was a reddish orange.,orange,orange,Different Sense,0.05343061685562134,2,1.0,7,7,0,405334016,EleutherAI/pythia-410m,step8,seed6,6,8
It was a juicy orange.,It was a reddish orange.,orange,orange,Different Sense,0.057587623596191406,3,1.0,7,7,0,405334016,EleutherAI/pythia-410m,step8,seed6,6,8
It was a juicy orange.,It was a reddish orange.,orange,orange,Different Sense,0.060188472270965576,4,1.0,7,7,0,405334016,EleutherAI/pythia-410m,step8,seed6,6,8
It was a juicy orange.,It was a reddish orange.,orange,orange,Different Sense,0.062187910079956055,5,1.0,7,7,0,405334016,EleutherAI/pythia-410m,step8,seed6,6,8
It was a juicy orange.,It was a reddish orange.,orange,orange,Different Sense,0.06138569116592407,6,1.0,7,7,0,405334016,EleutherAI/pythia-410m,step8,seed6,6,8
It was a juicy orange.,It was a reddish orange.,orange,orange,Different Sense,0.061696648597717285,7,1.0,7,7,0,405334016,EleutherAI/pythia-410m,step8,seed6,6,8
It was a juicy orange.,It was a reddish orange.,orange,orange,Different Sense,0.061594605445861816,8,1.0,7,7,0,405334016,EleutherAI/pythia-410m,step8,seed6,6,8
It was a juicy orange.,It was a reddish orange.,orange,orange,Different Sense,0.06073111295700073,9,1.0,7,7,0,405334016,EleutherAI/pythia-410m,step8,seed6,6,8
It was a juicy orange.,It was a reddish orange.,orange,orange,Different Sense,0.06347250938415527,10,1.0,7,7,0,405334016,EleutherAI/pythia-410m,step8,seed6,6,8
It was a juicy orange.,It was a reddish orange.,orange,orange,Different Sense,0.06054532527923584,11,1.0,7,7,0,405334016,EleutherAI/pythia-410m,step8,seed6,6,8
It was a juicy orange.,It was a reddish orange.,orange,orange,Different Sense,0.06033998727798462,12,1.0,7,7,0,405334016,EleutherAI/pythia-410m,step8,seed6,6,8
It was a juicy orange.,It was a reddish orange.,orange,orange,Different Sense,0.058175623416900635,13,1.0,7,7,0,405334016,EleutherAI/pythia-410m,step8,seed6,6,8
It was a juicy orange.,It was a reddish orange.,orange,orange,Different Sense,0.056777775287628174,14,1.0,7,7,0,405334016,EleutherAI/pythia-410m,step8,seed6,6,8
It was a juicy orange.,It was a reddish orange.,orange,orange,Different Sense,0.05508410930633545,15,1.0,7,7,0,405334016,EleutherAI/pythia-410m,step8,seed6,6,8
It was a juicy orange.,It was a reddish orange.,orange,orange,Different Sense,0.05423009395599365,16,1.0,7,7,0,405334016,EleutherAI/pythia-410m,step8,seed6,6,8
It was a juicy orange.,It was a reddish orange.,orange,orange,Different Sense,0.05491209030151367,17,1.0,7,7,0,405334016,EleutherAI/pythia-410m,step8,seed6,6,8
It was a juicy orange.,It was a reddish orange.,orange,orange,Different Sense,0.05379211902618408,18,1.0,7,7,0,405334016,EleutherAI/pythia-410m,step8,seed6,6,8
It was a juicy orange.,It was a reddish orange.,orange,orange,Different Sense,0.054422736167907715,19,1.0,7,7,0,405334016,EleutherAI/pythia-410m,step8,seed6,6,8
It was a juicy orange.,It was a reddish orange.,orange,orange,Different Sense,0.053271472454071045,20,1.0,7,7,0,405334016,EleutherAI/pythia-410m,step8,seed6,6,8
It was a juicy orange.,It was a reddish orange.,orange,orange,Different Sense,0.05385708808898926,21,1.0,7,7,0,405334016,EleutherAI/pythia-410m,step8,seed6,6,8
It was a juicy orange.,It was a reddish orange.,orange,orange,Different Sense,0.054128825664520264,22,1.0,7,7,0,405334016,EleutherAI/pythia-410m,step8,seed6,6,8
It was a juicy orange.,It was a reddish orange.,orange,orange,Different Sense,0.0535053014755249,23,1.0,7,7,0,405334016,EleutherAI/pythia-410m,step8,seed6,6,8
It was a juicy orange.,It was a reddish orange.,orange,orange,Different Sense,0.05165457725524902,24,1.0,7,7,0,405334016,EleutherAI/pythia-410m,step8,seed6,6,8
It was a ripe orange.,It was a bright orange.,orange,orange,Different Sense,0.0,0,2.5,6,6,0,405334016,EleutherAI/pythia-410m,step8,seed6,6,8
It was a ripe orange.,It was a bright orange.,orange,orange,Different Sense,0.019872725009918213,1,2.5,6,6,0,405334016,EleutherAI/pythia-410m,step8,seed6,6,8
It was a ripe orange.,It was a bright orange.,orange,orange,Different Sense,0.027276456356048584,2,2.5,6,6,0,405334016,EleutherAI/pythia-410m,step8,seed6,6,8
It was a ripe orange.,It was a bright orange.,orange,orange,Different Sense,0.028731346130371094,3,2.5,6,6,0,405334016,EleutherAI/pythia-410m,step8,seed6,6,8
It was a ripe orange.,It was a bright orange.,orange,orange,Different Sense,0.031101465225219727,4,2.5,6,6,0,405334016,EleutherAI/pythia-410m,step8,seed6,6,8
It was a ripe orange.,It was a bright orange.,orange,orange,Different Sense,0.031659483909606934,5,2.5,6,6,0,405334016,EleutherAI/pythia-410m,step8,seed6,6,8
It was a ripe orange.,It was a bright orange.,orange,orange,Different Sense,0.03267943859100342,6,2.5,6,6,0,405334016,EleutherAI/pythia-410m,step8,seed6,6,8
It was a ripe orange.,It was a bright orange.,orange,orange,Different Sense,0.03341585397720337,7,2.5,6,6,0,405334016,EleutherAI/pythia-410m,step8,seed6,6,8
It was a ripe orange.,It was a bright orange.,orange,orange,Different Sense,0.032558321952819824,8,2.5,6,6,0,405334016,EleutherAI/pythia-410m,step8,seed6,6,8
It was a ripe orange.,It was a bright orange.,orange,orange,Different Sense,0.0340152382850647,9,2.5,6,6,0,405334016,EleutherAI/pythia-410m,step8,seed6,6,8
It was a ripe orange.,It was a bright orange.,orange,orange,Different Sense,0.03345245122909546,10,2.5,6,6,0,405334016,EleutherAI/pythia-410m,step8,seed6,6,8
It was a ripe orange.,It was a bright orange.,orange,orange,Different Sense,0.032291948795318604,11,2.5,6,6,0,405334016,EleutherAI/pythia-410m,step8,seed6,6,8
It was a ripe orange.,It was a bright orange.,orange,orange,Different Sense,0.03306722640991211,12,2.5,6,6,0,405334016,EleutherAI/pythia-410m,step8,seed6,6,8
It was a ripe orange.,It was a bright orange.,orange,orange,Different Sense,0.032592833042144775,13,2.5,6,6,0,405334016,EleutherAI/pythia-410m,step8,seed6,6,8
It was a ripe orange.,It was a bright orange.,orange,orange,Different Sense,0.03187251091003418,14,2.5,6,6,0,405334016,EleutherAI/pythia-410m,step8,seed6,6,8
It was a ripe orange.,It was a bright orange.,orange,orange,Different Sense,0.03178638219833374,15,2.5,6,6,0,405334016,EleutherAI/pythia-410m,step8,seed6,6,8
It was a ripe orange.,It was a bright orange.,orange,orange,Different Sense,0.03130197525024414,16,2.5,6,6,0,405334016,EleutherAI/pythia-410m,step8,seed6,6,8
It was a ripe orange.,It was a bright orange.,orange,orange,Different Sense,0.03160583972930908,17,2.5,6,6,0,405334016,EleutherAI/pythia-410m,step8,seed6,6,8
It was a ripe orange.,It was a bright orange.,orange,orange,Different Sense,0.03195488452911377,18,2.5,6,6,0,405334016,EleutherAI/pythia-410m,step8,seed6,6,8
It was a ripe orange.,It was a bright orange.,orange,orange,Different Sense,0.032057225704193115,19,2.5,6,6,0,405334016,EleutherAI/pythia-410m,step8,seed6,6,8
It was a ripe orange.,It was a bright orange.,orange,orange,Different Sense,0.032084524631500244,20,2.5,6,6,0,405334016,EleutherAI/pythia-410m,step8,seed6,6,8
It was a ripe orange.,It was a bright orange.,orange,orange,Different Sense,0.0316891074180603,21,2.5,6,6,0,405334016,EleutherAI/pythia-410m,step8,seed6,6,8
It was a ripe orange.,It was a bright orange.,orange,orange,Different Sense,0.03028106689453125,22,2.5,6,6,0,405334016,EleutherAI/pythia-410m,step8,seed6,6,8
It was a ripe orange.,It was a bright orange.,orange,orange,Different Sense,0.02976202964782715,23,2.5,6,6,0,405334016,EleutherAI/pythia-410m,step8,seed6,6,8
It was a ripe orange.,It was a bright orange.,orange,orange,Different Sense,0.028164803981781006,24,2.5,6,6,0,405334016,EleutherAI/pythia-410m,step8,seed6,6,8
It was a ripe orange.,It was a reddish orange.,orange,orange,Different Sense,0.0,0,1.916666667,6,7,1,405334016,EleutherAI/pythia-410m,step8,seed6,6,8
It was a ripe orange.,It was a reddish orange.,orange,orange,Different Sense,0.031511545181274414,1,1.916666667,6,7,1,405334016,EleutherAI/pythia-410m,step8,seed6,6,8
It was a ripe orange.,It was a reddish orange.,orange,orange,Different Sense,0.04167133569717407,2,1.916666667,6,7,1,405334016,EleutherAI/pythia-410m,step8,seed6,6,8
It was a ripe orange.,It was a reddish orange.,orange,orange,Different Sense,0.04386401176452637,3,1.916666667,6,7,1,405334016,EleutherAI/pythia-410m,step8,seed6,6,8
It was a ripe orange.,It was a reddish orange.,orange,orange,Different Sense,0.04412013292312622,4,1.916666667,6,7,1,405334016,EleutherAI/pythia-410m,step8,seed6,6,8
It was a ripe orange.,It was a reddish orange.,orange,orange,Different Sense,0.04463750123977661,5,1.916666667,6,7,1,405334016,EleutherAI/pythia-410m,step8,seed6,6,8
It was a ripe orange.,It was a reddish orange.,orange,orange,Different Sense,0.044132769107818604,6,1.916666667,6,7,1,405334016,EleutherAI/pythia-410m,step8,seed6,6,8
It was a ripe orange.,It was a reddish orange.,orange,orange,Different Sense,0.046568214893341064,7,1.916666667,6,7,1,405334016,EleutherAI/pythia-410m,step8,seed6,6,8
It was a ripe orange.,It was a reddish orange.,orange,orange,Different Sense,0.04651153087615967,8,1.916666667,6,7,1,405334016,EleutherAI/pythia-410m,step8,seed6,6,8
It was a ripe orange.,It was a reddish orange.,orange,orange,Different Sense,0.04700613021850586,9,1.916666667,6,7,1,405334016,EleutherAI/pythia-410m,step8,seed6,6,8
It was a ripe orange.,It was a reddish orange.,orange,orange,Different Sense,0.04635262489318848,10,1.916666667,6,7,1,405334016,EleutherAI/pythia-410m,step8,seed6,6,8
It was a ripe orange.,It was a reddish orange.,orange,orange,Different Sense,0.045040130615234375,11,1.916666667,6,7,1,405334016,EleutherAI/pythia-410m,step8,seed6,6,8
It was a ripe orange.,It was a reddish orange.,orange,orange,Different Sense,0.045354366302490234,12,1.916666667,6,7,1,405334016,EleutherAI/pythia-410m,step8,seed6,6,8
It was a ripe orange.,It was a reddish orange.,orange,orange,Different Sense,0.04521971940994263,13,1.916666667,6,7,1,405334016,EleutherAI/pythia-410m,step8,seed6,6,8
It was a ripe orange.,It was a reddish orange.,orange,orange,Different Sense,0.0456620454788208,14,1.916666667,6,7,1,405334016,EleutherAI/pythia-410m,step8,seed6,6,8
It was a ripe orange.,It was a reddish orange.,orange,orange,Different Sense,0.04511374235153198,15,1.916666667,6,7,1,405334016,EleutherAI/pythia-410m,step8,seed6,6,8
It was a ripe orange.,It was a reddish orange.,orange,orange,Different Sense,0.04460638761520386,16,1.916666667,6,7,1,405334016,EleutherAI/pythia-410m,step8,seed6,6,8
It was a ripe orange.,It was a reddish orange.,orange,orange,Different Sense,0.04527682065963745,17,1.916666667,6,7,1,405334016,EleutherAI/pythia-410m,step8,seed6,6,8
It was a ripe orange.,It was a reddish orange.,orange,orange,Different Sense,0.04525613784790039,18,1.916666667,6,7,1,405334016,EleutherAI/pythia-410m,step8,seed6,6,8
It was a ripe orange.,It was a reddish orange.,orange,orange,Different Sense,0.04378640651702881,19,1.916666667,6,7,1,405334016,EleutherAI/pythia-410m,step8,seed6,6,8
It was a ripe orange.,It was a reddish orange.,orange,orange,Different Sense,0.04320305585861206,20,1.916666667,6,7,1,405334016,EleutherAI/pythia-410m,step8,seed6,6,8
It was a ripe orange.,It was a reddish orange.,orange,orange,Different Sense,0.043455421924591064,21,1.916666667,6,7,1,405334016,EleutherAI/pythia-410m,step8,seed6,6,8
It was a ripe orange.,It was a reddish orange.,orange,orange,Different Sense,0.042592644691467285,22,1.916666667,6,7,1,405334016,EleutherAI/pythia-410m,step8,seed6,6,8
It was a ripe orange.,It was a reddish orange.,orange,orange,Different Sense,0.04161238670349121,23,1.916666667,6,7,1,405334016,EleutherAI/pythia-410m,step8,seed6,6,8
It was a ripe orange.,It was a reddish orange.,orange,orange,Different Sense,0.04107552766799927,24,1.916666667,6,7,1,405334016,EleutherAI/pythia-410m,step8,seed6,6,8
It was a juicy orange.,It was a ripe orange.,orange,orange,Same Sense,0.0,0,3.65,7,6,1,405334016,EleutherAI/pythia-410m,step8,seed6,6,8
It was a juicy orange.,It was a ripe orange.,orange,orange,Same Sense,0.028245151042938232,1,3.65,7,6,1,405334016,EleutherAI/pythia-410m,step8,seed6,6,8
It was a juicy orange.,It was a ripe orange.,orange,orange,Same Sense,0.04006946086883545,2,3.65,7,6,1,405334016,EleutherAI/pythia-410m,step8,seed6,6,8
It was a juicy orange.,It was a ripe orange.,orange,orange,Same Sense,0.04559248685836792,3,3.65,7,6,1,405334016,EleutherAI/pythia-410m,step8,seed6,6,8
It was a juicy orange.,It was a ripe orange.,orange,orange,Same Sense,0.045558393001556396,4,3.65,7,6,1,405334016,EleutherAI/pythia-410m,step8,seed6,6,8
It was a juicy orange.,It was a ripe orange.,orange,orange,Same Sense,0.04784190654754639,5,3.65,7,6,1,405334016,EleutherAI/pythia-410m,step8,seed6,6,8
It was a juicy orange.,It was a ripe orange.,orange,orange,Same Sense,0.04784435033798218,6,3.65,7,6,1,405334016,EleutherAI/pythia-410m,step8,seed6,6,8
It was a juicy orange.,It was a ripe orange.,orange,orange,Same Sense,0.0489310622215271,7,3.65,7,6,1,405334016,EleutherAI/pythia-410m,step8,seed6,6,8
It was a juicy orange.,It was a ripe orange.,orange,orange,Same Sense,0.049572885036468506,8,3.65,7,6,1,405334016,EleutherAI/pythia-410m,step8,seed6,6,8
It was a juicy orange.,It was a ripe orange.,orange,orange,Same Sense,0.049673497676849365,9,3.65,7,6,1,405334016,EleutherAI/pythia-410m,step8,seed6,6,8
It was a juicy orange.,It was a ripe orange.,orange,orange,Same Sense,0.05101817846298218,10,3.65,7,6,1,405334016,EleutherAI/pythia-410m,step8,seed6,6,8
It was a juicy orange.,It was a ripe orange.,orange,orange,Same Sense,0.04807192087173462,11,3.65,7,6,1,405334016,EleutherAI/pythia-410m,step8,seed6,6,8
It was a juicy orange.,It was a ripe orange.,orange,orange,Same Sense,0.047876060009002686,12,3.65,7,6,1,405334016,EleutherAI/pythia-410m,step8,seed6,6,8
It was a juicy orange.,It was a ripe orange.,orange,orange,Same Sense,0.047733843326568604,13,3.65,7,6,1,405334016,EleutherAI/pythia-410m,step8,seed6,6,8
It was a juicy orange.,It was a ripe orange.,orange,orange,Same Sense,0.04673504829406738,14,3.65,7,6,1,405334016,EleutherAI/pythia-410m,step8,seed6,6,8
It was a juicy orange.,It was a ripe orange.,orange,orange,Same Sense,0.04526644945144653,15,3.65,7,6,1,405334016,EleutherAI/pythia-410m,step8,seed6,6,8
It was a juicy orange.,It was a ripe orange.,orange,orange,Same Sense,0.04460257291793823,16,3.65,7,6,1,405334016,EleutherAI/pythia-410m,step8,seed6,6,8
It was a juicy orange.,It was a ripe orange.,orange,orange,Same Sense,0.04456669092178345,17,3.65,7,6,1,405334016,EleutherAI/pythia-410m,step8,seed6,6,8
It was a juicy orange.,It was a ripe orange.,orange,orange,Same Sense,0.0439227819442749,18,3.65,7,6,1,405334016,EleutherAI/pythia-410m,step8,seed6,6,8
It was a juicy orange.,It was a ripe orange.,orange,orange,Same Sense,0.04440939426422119,19,3.65,7,6,1,405334016,EleutherAI/pythia-410m,step8,seed6,6,8
It was a juicy orange.,It was a ripe orange.,orange,orange,Same Sense,0.0443568229675293,20,3.65,7,6,1,405334016,EleutherAI/pythia-410m,step8,seed6,6,8
It was a juicy orange.,It was a ripe orange.,orange,orange,Same Sense,0.044581055641174316,21,3.65,7,6,1,405334016,EleutherAI/pythia-410m,step8,seed6,6,8
It was a juicy orange.,It was a ripe orange.,orange,orange,Same Sense,0.04293787479400635,22,3.65,7,6,1,405334016,EleutherAI/pythia-410m,step8,seed6,6,8
It was a juicy orange.,It was a ripe orange.,orange,orange,Same Sense,0.04301232099533081,23,3.65,7,6,1,405334016,EleutherAI/pythia-410m,step8,seed6,6,8
It was a juicy orange.,It was a ripe orange.,orange,orange,Same Sense,0.04172110557556152,24,3.65,7,6,1,405334016,EleutherAI/pythia-410m,step8,seed6,6,8
It was a bright orange.,It was a reddish orange.,orange,orange,Same Sense,0.0,0,4.0,6,7,1,405334016,EleutherAI/pythia-410m,step8,seed6,6,8
It was a bright orange.,It was a reddish orange.,orange,orange,Same Sense,0.029467225074768066,1,4.0,6,7,1,405334016,EleutherAI/pythia-410m,step8,seed6,6,8
It was a bright orange.,It was a reddish orange.,orange,orange,Same Sense,0.03890138864517212,2,4.0,6,7,1,405334016,EleutherAI/pythia-410m,step8,seed6,6,8
It was a bright orange.,It was a reddish orange.,orange,orange,Same Sense,0.040927886962890625,3,4.0,6,7,1,405334016,EleutherAI/pythia-410m,step8,seed6,6,8
It was a bright orange.,It was a reddish orange.,orange,orange,Same Sense,0.041531503200531006,4,4.0,6,7,1,405334016,EleutherAI/pythia-410m,step8,seed6,6,8
It was a bright orange.,It was a reddish orange.,orange,orange,Same Sense,0.04159116744995117,5,4.0,6,7,1,405334016,EleutherAI/pythia-410m,step8,seed6,6,8
It was a bright orange.,It was a reddish orange.,orange,orange,Same Sense,0.04171723127365112,6,4.0,6,7,1,405334016,EleutherAI/pythia-410m,step8,seed6,6,8
It was a bright orange.,It was a reddish orange.,orange,orange,Same Sense,0.04249793291091919,7,4.0,6,7,1,405334016,EleutherAI/pythia-410m,step8,seed6,6,8
It was a bright orange.,It was a reddish orange.,orange,orange,Same Sense,0.04127019643783569,8,4.0,6,7,1,405334016,EleutherAI/pythia-410m,step8,seed6,6,8
It was a bright orange.,It was a reddish orange.,orange,orange,Same Sense,0.040612995624542236,9,4.0,6,7,1,405334016,EleutherAI/pythia-410m,step8,seed6,6,8
It was a bright orange.,It was a reddish orange.,orange,orange,Same Sense,0.04321718215942383,10,4.0,6,7,1,405334016,EleutherAI/pythia-410m,step8,seed6,6,8
It was a bright orange.,It was a reddish orange.,orange,orange,Same Sense,0.041558265686035156,11,4.0,6,7,1,405334016,EleutherAI/pythia-410m,step8,seed6,6,8
It was a bright orange.,It was a reddish orange.,orange,orange,Same Sense,0.04165583848953247,12,4.0,6,7,1,405334016,EleutherAI/pythia-410m,step8,seed6,6,8
It was a bright orange.,It was a reddish orange.,orange,orange,Same Sense,0.04077714681625366,13,4.0,6,7,1,405334016,EleutherAI/pythia-410m,step8,seed6,6,8
It was a bright orange.,It was a reddish orange.,orange,orange,Same Sense,0.039997398853302,14,4.0,6,7,1,405334016,EleutherAI/pythia-410m,step8,seed6,6,8
It was a bright orange.,It was a reddish orange.,orange,orange,Same Sense,0.038580119609832764,15,4.0,6,7,1,405334016,EleutherAI/pythia-410m,step8,seed6,6,8
It was a bright orange.,It was a reddish orange.,orange,orange,Same Sense,0.038310468196868896,16,4.0,6,7,1,405334016,EleutherAI/pythia-410m,step8,seed6,6,8
It was a bright orange.,It was a reddish orange.,orange,orange,Same Sense,0.03852957487106323,17,4.0,6,7,1,405334016,EleutherAI/pythia-410m,step8,seed6,6,8
It was a bright orange.,It was a reddish orange.,orange,orange,Same Sense,0.038385212421417236,18,4.0,6,7,1,405334016,EleutherAI/pythia-410m,step8,seed6,6,8
It was a bright orange.,It was a reddish orange.,orange,orange,Same Sense,0.03735768795013428,19,4.0,6,7,1,405334016,EleutherAI/pythia-410m,step8,seed6,6,8
It was a bright orange.,It was a reddish orange.,orange,orange,Same Sense,0.037061095237731934,20,4.0,6,7,1,405334016,EleutherAI/pythia-410m,step8,seed6,6,8
It was a bright orange.,It was a reddish orange.,orange,orange,Same Sense,0.03823751211166382,21,4.0,6,7,1,405334016,EleutherAI/pythia-410m,step8,seed6,6,8
It was a bright orange.,It was a reddish orange.,orange,orange,Same Sense,0.03688347339630127,22,4.0,6,7,1,405334016,EleutherAI/pythia-410m,step8,seed6,6,8
It was a bright orange.,It was a reddish orange.,orange,orange,Same Sense,0.03672915697097778,23,4.0,6,7,1,405334016,EleutherAI/pythia-410m,step8,seed6,6,8
It was a bright orange.,It was a reddish orange.,orange,orange,Same Sense,0.035992324352264404,24,4.0,6,7,1,405334016,EleutherAI/pythia-410m,step8,seed6,6,8
He saw the young page.,He saw the blank page.,page,page,Different Sense,0.0,0,0.166666667,6,6,0,405334016,EleutherAI/pythia-410m,step8,seed6,6,8
He saw the young page.,He saw the blank page.,page,page,Different Sense,0.024138927459716797,1,0.166666667,6,6,0,405334016,EleutherAI/pythia-410m,step8,seed6,6,8
He saw the young page.,He saw the blank page.,page,page,Different Sense,0.034106552600860596,2,0.166666667,6,6,0,405334016,EleutherAI/pythia-410m,step8,seed6,6,8
He saw the young page.,He saw the blank page.,page,page,Different Sense,0.03681826591491699,3,0.166666667,6,6,0,405334016,EleutherAI/pythia-410m,step8,seed6,6,8
He saw the young page.,He saw the blank page.,page,page,Different Sense,0.04275238513946533,4,0.166666667,6,6,0,405334016,EleutherAI/pythia-410m,step8,seed6,6,8
He saw the young page.,He saw the blank page.,page,page,Different Sense,0.04475510120391846,5,0.166666667,6,6,0,405334016,EleutherAI/pythia-410m,step8,seed6,6,8
He saw the young page.,He saw the blank page.,page,page,Different Sense,0.04581928253173828,6,0.166666667,6,6,0,405334016,EleutherAI/pythia-410m,step8,seed6,6,8
He saw the young page.,He saw the blank page.,page,page,Different Sense,0.042999088764190674,7,0.166666667,6,6,0,405334016,EleutherAI/pythia-410m,step8,seed6,6,8
He saw the young page.,He saw the blank page.,page,page,Different Sense,0.04163408279418945,8,0.166666667,6,6,0,405334016,EleutherAI/pythia-410m,step8,seed6,6,8
He saw the young page.,He saw the blank page.,page,page,Different Sense,0.042394399642944336,9,0.166666667,6,6,0,405334016,EleutherAI/pythia-410m,step8,seed6,6,8
He saw the young page.,He saw the blank page.,page,page,Different Sense,0.044197022914886475,10,0.166666667,6,6,0,405334016,EleutherAI/pythia-410m,step8,seed6,6,8
He saw the young page.,He saw the blank page.,page,page,Different Sense,0.04358363151550293,11,0.166666667,6,6,0,405334016,EleutherAI/pythia-410m,step8,seed6,6,8
He saw the young page.,He saw the blank page.,page,page,Different Sense,0.044419705867767334,12,0.166666667,6,6,0,405334016,EleutherAI/pythia-410m,step8,seed6,6,8
He saw the young page.,He saw the blank page.,page,page,Different Sense,0.04497981071472168,13,0.166666667,6,6,0,405334016,EleutherAI/pythia-410m,step8,seed6,6,8
He saw the young page.,He saw the blank page.,page,page,Different Sense,0.04380238056182861,14,0.166666667,6,6,0,405334016,EleutherAI/pythia-410m,step8,seed6,6,8
He saw the young page.,He saw the blank page.,page,page,Different Sense,0.04381376504898071,15,0.166666667,6,6,0,405334016,EleutherAI/pythia-410m,step8,seed6,6,8
He saw the young page.,He saw the blank page.,page,page,Different Sense,0.044515252113342285,16,0.166666667,6,6,0,405334016,EleutherAI/pythia-410m,step8,seed6,6,8
He saw the young page.,He saw the blank page.,page,page,Different Sense,0.04349297285079956,17,0.166666667,6,6,0,405334016,EleutherAI/pythia-410m,step8,seed6,6,8
He saw the young page.,He saw the blank page.,page,page,Different Sense,0.04335939884185791,18,0.166666667,6,6,0,405334016,EleutherAI/pythia-410m,step8,seed6,6,8
He saw the young page.,He saw the blank page.,page,page,Different Sense,0.04325133562088013,19,0.166666667,6,6,0,405334016,EleutherAI/pythia-410m,step8,seed6,6,8
He saw the young page.,He saw the blank page.,page,page,Different Sense,0.043206751346588135,20,0.166666667,6,6,0,405334016,EleutherAI/pythia-410m,step8,seed6,6,8
He saw the young page.,He saw the blank page.,page,page,Different Sense,0.04309314489364624,21,0.166666667,6,6,0,405334016,EleutherAI/pythia-410m,step8,seed6,6,8
He saw the young page.,He saw the blank page.,page,page,Different Sense,0.041797101497650146,22,0.166666667,6,6,0,405334016,EleutherAI/pythia-410m,step8,seed6,6,8
He saw the young page.,He saw the blank page.,page,page,Different Sense,0.04129910469055176,23,0.166666667,6,6,0,405334016,EleutherAI/pythia-410m,step8,seed6,6,8
He saw the young page.,He saw the blank page.,page,page,Different Sense,0.04156690835952759,24,0.166666667,6,6,0,405334016,EleutherAI/pythia-410m,step8,seed6,6,8
He saw the young page.,He saw the ripped page.,page,page,Different Sense,0.0,0,0.333333333,6,6,0,405334016,EleutherAI/pythia-410m,step8,seed6,6,8
He saw the young page.,He saw the ripped page.,page,page,Different Sense,0.024060070514678955,1,0.333333333,6,6,0,405334016,EleutherAI/pythia-410m,step8,seed6,6,8
He saw the young page.,He saw the ripped page.,page,page,Different Sense,0.03311491012573242,2,0.333333333,6,6,0,405334016,EleutherAI/pythia-410m,step8,seed6,6,8
He saw the young page.,He saw the ripped page.,page,page,Different Sense,0.03525799512863159,3,0.333333333,6,6,0,405334016,EleutherAI/pythia-410m,step8,seed6,6,8
He saw the young page.,He saw the ripped page.,page,page,Different Sense,0.038690388202667236,4,0.333333333,6,6,0,405334016,EleutherAI/pythia-410m,step8,seed6,6,8
He saw the young page.,He saw the ripped page.,page,page,Different Sense,0.041122257709503174,5,0.333333333,6,6,0,405334016,EleutherAI/pythia-410m,step8,seed6,6,8
He saw the young page.,He saw the ripped page.,page,page,Different Sense,0.040907442569732666,6,0.333333333,6,6,0,405334016,EleutherAI/pythia-410m,step8,seed6,6,8
He saw the young page.,He saw the ripped page.,page,page,Different Sense,0.03891235589981079,7,0.333333333,6,6,0,405334016,EleutherAI/pythia-410m,step8,seed6,6,8
He saw the young page.,He saw the ripped page.,page,page,Different Sense,0.03742021322250366,8,0.333333333,6,6,0,405334016,EleutherAI/pythia-410m,step8,seed6,6,8
He saw the young page.,He saw the ripped page.,page,page,Different Sense,0.037323176860809326,9,0.333333333,6,6,0,405334016,EleutherAI/pythia-410m,step8,seed6,6,8
He saw the young page.,He saw the ripped page.,page,page,Different Sense,0.03733092546463013,10,0.333333333,6,6,0,405334016,EleutherAI/pythia-410m,step8,seed6,6,8
He saw the young page.,He saw the ripped page.,page,page,Different Sense,0.03543895483016968,11,0.333333333,6,6,0,405334016,EleutherAI/pythia-410m,step8,seed6,6,8
He saw the young page.,He saw the ripped page.,page,page,Different Sense,0.03589409589767456,12,0.333333333,6,6,0,405334016,EleutherAI/pythia-410m,step8,seed6,6,8
He saw the young page.,He saw the ripped page.,page,page,Different Sense,0.037037432193756104,13,0.333333333,6,6,0,405334016,EleutherAI/pythia-410m,step8,seed6,6,8
He saw the young page.,He saw the ripped page.,page,page,Different Sense,0.036619603633880615,14,0.333333333,6,6,0,405334016,EleutherAI/pythia-410m,step8,seed6,6,8
He saw the young page.,He saw the ripped page.,page,page,Different Sense,0.03796321153640747,15,0.333333333,6,6,0,405334016,EleutherAI/pythia-410m,step8,seed6,6,8
He saw the young page.,He saw the ripped page.,page,page,Different Sense,0.03725630044937134,16,0.333333333,6,6,0,405334016,EleutherAI/pythia-410m,step8,seed6,6,8
He saw the young page.,He saw the ripped page.,page,page,Different Sense,0.03663003444671631,17,0.333333333,6,6,0,405334016,EleutherAI/pythia-410m,step8,seed6,6,8
He saw the young page.,He saw the ripped page.,page,page,Different Sense,0.035855114459991455,18,0.333333333,6,6,0,405334016,EleutherAI/pythia-410m,step8,seed6,6,8
He saw the young page.,He saw the ripped page.,page,page,Different Sense,0.034821271896362305,19,0.333333333,6,6,0,405334016,EleutherAI/pythia-410m,step8,seed6,6,8
He saw the young page.,He saw the ripped page.,page,page,Different Sense,0.034513652324676514,20,0.333333333,6,6,0,405334016,EleutherAI/pythia-410m,step8,seed6,6,8
He saw the young page.,He saw the ripped page.,page,page,Different Sense,0.03472870588302612,21,0.333333333,6,6,0,405334016,EleutherAI/pythia-410m,step8,seed6,6,8
He saw the young page.,He saw the ripped page.,page,page,Different Sense,0.033384501934051514,22,0.333333333,6,6,0,405334016,EleutherAI/pythia-410m,step8,seed6,6,8
He saw the young page.,He saw the ripped page.,page,page,Different Sense,0.03296816349029541,23,0.333333333,6,6,0,405334016,EleutherAI/pythia-410m,step8,seed6,6,8
He saw the young page.,He saw the ripped page.,page,page,Different Sense,0.033226847648620605,24,0.333333333,6,6,0,405334016,EleutherAI/pythia-410m,step8,seed6,6,8
He saw the loyal page.,He saw the blank page.,page,page,Different Sense,0.0,0,0.388888889,6,6,0,405334016,EleutherAI/pythia-410m,step8,seed6,6,8
He saw the loyal page.,He saw the blank page.,page,page,Different Sense,0.027231454849243164,1,0.388888889,6,6,0,405334016,EleutherAI/pythia-410m,step8,seed6,6,8
He saw the loyal page.,He saw the blank page.,page,page,Different Sense,0.03686779737472534,2,0.388888889,6,6,0,405334016,EleutherAI/pythia-410m,step8,seed6,6,8
He saw the loyal page.,He saw the blank page.,page,page,Different Sense,0.04171133041381836,3,0.388888889,6,6,0,405334016,EleutherAI/pythia-410m,step8,seed6,6,8
He saw the loyal page.,He saw the blank page.,page,page,Different Sense,0.04951876401901245,4,0.388888889,6,6,0,405334016,EleutherAI/pythia-410m,step8,seed6,6,8
He saw the loyal page.,He saw the blank page.,page,page,Different Sense,0.052144408226013184,5,0.388888889,6,6,0,405334016,EleutherAI/pythia-410m,step8,seed6,6,8
He saw the loyal page.,He saw the blank page.,page,page,Different Sense,0.05454528331756592,6,0.388888889,6,6,0,405334016,EleutherAI/pythia-410m,step8,seed6,6,8
He saw the loyal page.,He saw the blank page.,page,page,Different Sense,0.053810954093933105,7,0.388888889,6,6,0,405334016,EleutherAI/pythia-410m,step8,seed6,6,8
He saw the loyal page.,He saw the blank page.,page,page,Different Sense,0.05376988649368286,8,0.388888889,6,6,0,405334016,EleutherAI/pythia-410m,step8,seed6,6,8
He saw the loyal page.,He saw the blank page.,page,page,Different Sense,0.05543160438537598,9,0.388888889,6,6,0,405334016,EleutherAI/pythia-410m,step8,seed6,6,8
He saw the loyal page.,He saw the blank page.,page,page,Different Sense,0.05563479661941528,10,0.388888889,6,6,0,405334016,EleutherAI/pythia-410m,step8,seed6,6,8
He saw the loyal page.,He saw the blank page.,page,page,Different Sense,0.053439557552337646,11,0.388888889,6,6,0,405334016,EleutherAI/pythia-410m,step8,seed6,6,8
He saw the loyal page.,He saw the blank page.,page,page,Different Sense,0.05375468730926514,12,0.388888889,6,6,0,405334016,EleutherAI/pythia-410m,step8,seed6,6,8
He saw the loyal page.,He saw the blank page.,page,page,Different Sense,0.053277015686035156,13,0.388888889,6,6,0,405334016,EleutherAI/pythia-410m,step8,seed6,6,8
He saw the loyal page.,He saw the blank page.,page,page,Different Sense,0.05173671245574951,14,0.388888889,6,6,0,405334016,EleutherAI/pythia-410m,step8,seed6,6,8
He saw the loyal page.,He saw the blank page.,page,page,Different Sense,0.050857484340667725,15,0.388888889,6,6,0,405334016,EleutherAI/pythia-410m,step8,seed6,6,8
He saw the loyal page.,He saw the blank page.,page,page,Different Sense,0.04922795295715332,16,0.388888889,6,6,0,405334016,EleutherAI/pythia-410m,step8,seed6,6,8
He saw the loyal page.,He saw the blank page.,page,page,Different Sense,0.04887855052947998,17,0.388888889,6,6,0,405334016,EleutherAI/pythia-410m,step8,seed6,6,8
He saw the loyal page.,He saw the blank page.,page,page,Different Sense,0.04981297254562378,18,0.388888889,6,6,0,405334016,EleutherAI/pythia-410m,step8,seed6,6,8
He saw the loyal page.,He saw the blank page.,page,page,Different Sense,0.0483475923538208,19,0.388888889,6,6,0,405334016,EleutherAI/pythia-410m,step8,seed6,6,8
He saw the loyal page.,He saw the blank page.,page,page,Different Sense,0.04815816879272461,20,0.388888889,6,6,0,405334016,EleutherAI/pythia-410m,step8,seed6,6,8
He saw the loyal page.,He saw the blank page.,page,page,Different Sense,0.04905325174331665,21,0.388888889,6,6,0,405334016,EleutherAI/pythia-410m,step8,seed6,6,8
He saw the loyal page.,He saw the blank page.,page,page,Different Sense,0.046888649463653564,22,0.388888889,6,6,0,405334016,EleutherAI/pythia-410m,step8,seed6,6,8
He saw the loyal page.,He saw the blank page.,page,page,Different Sense,0.04683887958526611,23,0.388888889,6,6,0,405334016,EleutherAI/pythia-410m,step8,seed6,6,8
He saw the loyal page.,He saw the blank page.,page,page,Different Sense,0.04657745361328125,24,0.388888889,6,6,0,405334016,EleutherAI/pythia-410m,step8,seed6,6,8
He saw the loyal page.,He saw the ripped page.,page,page,Different Sense,0.0,0,0.545454545,6,6,0,405334016,EleutherAI/pythia-410m,step8,seed6,6,8
He saw the loyal page.,He saw the ripped page.,page,page,Different Sense,0.026616036891937256,1,0.545454545,6,6,0,405334016,EleutherAI/pythia-410m,step8,seed6,6,8
He saw the loyal page.,He saw the ripped page.,page,page,Different Sense,0.03243476152420044,2,0.545454545,6,6,0,405334016,EleutherAI/pythia-410m,step8,seed6,6,8
He saw the loyal page.,He saw the ripped page.,page,page,Different Sense,0.037646353244781494,3,0.545454545,6,6,0,405334016,EleutherAI/pythia-410m,step8,seed6,6,8
He saw the loyal page.,He saw the ripped page.,page,page,Different Sense,0.0391581654548645,4,0.545454545,6,6,0,405334016,EleutherAI/pythia-410m,step8,seed6,6,8
He saw the loyal page.,He saw the ripped page.,page,page,Different Sense,0.04142063856124878,5,0.545454545,6,6,0,405334016,EleutherAI/pythia-410m,step8,seed6,6,8
He saw the loyal page.,He saw the ripped page.,page,page,Different Sense,0.04274249076843262,6,0.545454545,6,6,0,405334016,EleutherAI/pythia-410m,step8,seed6,6,8
He saw the loyal page.,He saw the ripped page.,page,page,Different Sense,0.040386736392974854,7,0.545454545,6,6,0,405334016,EleutherAI/pythia-410m,step8,seed6,6,8
He saw the loyal page.,He saw the ripped page.,page,page,Different Sense,0.03944885730743408,8,0.545454545,6,6,0,405334016,EleutherAI/pythia-410m,step8,seed6,6,8
He saw the loyal page.,He saw the ripped page.,page,page,Different Sense,0.04004085063934326,9,0.545454545,6,6,0,405334016,EleutherAI/pythia-410m,step8,seed6,6,8
He saw the loyal page.,He saw the ripped page.,page,page,Different Sense,0.038277626037597656,10,0.545454545,6,6,0,405334016,EleutherAI/pythia-410m,step8,seed6,6,8
He saw the loyal page.,He saw the ripped page.,page,page,Different Sense,0.037576913833618164,11,0.545454545,6,6,0,405334016,EleutherAI/pythia-410m,step8,seed6,6,8
He saw the loyal page.,He saw the ripped page.,page,page,Different Sense,0.03789663314819336,12,0.545454545,6,6,0,405334016,EleutherAI/pythia-410m,step8,seed6,6,8
He saw the loyal page.,He saw the ripped page.,page,page,Different Sense,0.03745383024215698,13,0.545454545,6,6,0,405334016,EleutherAI/pythia-410m,step8,seed6,6,8
He saw the loyal page.,He saw the ripped page.,page,page,Different Sense,0.03668123483657837,14,0.545454545,6,6,0,405334016,EleutherAI/pythia-410m,step8,seed6,6,8
He saw the loyal page.,He saw the ripped page.,page,page,Different Sense,0.03718209266662598,15,0.545454545,6,6,0,405334016,EleutherAI/pythia-410m,step8,seed6,6,8
He saw the loyal page.,He saw the ripped page.,page,page,Different Sense,0.036009013652801514,16,0.545454545,6,6,0,405334016,EleutherAI/pythia-410m,step8,seed6,6,8
He saw the loyal page.,He saw the ripped page.,page,page,Different Sense,0.035375773906707764,17,0.545454545,6,6,0,405334016,EleutherAI/pythia-410m,step8,seed6,6,8
He saw the loyal page.,He saw the ripped page.,page,page,Different Sense,0.03620648384094238,18,0.545454545,6,6,0,405334016,EleutherAI/pythia-410m,step8,seed6,6,8
He saw the loyal page.,He saw the ripped page.,page,page,Different Sense,0.03461962938308716,19,0.545454545,6,6,0,405334016,EleutherAI/pythia-410m,step8,seed6,6,8
He saw the loyal page.,He saw the ripped page.,page,page,Different Sense,0.033892810344696045,20,0.545454545,6,6,0,405334016,EleutherAI/pythia-410m,step8,seed6,6,8
He saw the loyal page.,He saw the ripped page.,page,page,Different Sense,0.034278690814971924,21,0.545454545,6,6,0,405334016,EleutherAI/pythia-410m,step8,seed6,6,8
He saw the loyal page.,He saw the ripped page.,page,page,Different Sense,0.032526493072509766,22,0.545454545,6,6,0,405334016,EleutherAI/pythia-410m,step8,seed6,6,8
He saw the loyal page.,He saw the ripped page.,page,page,Different Sense,0.032729268074035645,23,0.545454545,6,6,0,405334016,EleutherAI/pythia-410m,step8,seed6,6,8
He saw the loyal page.,He saw the ripped page.,page,page,Different Sense,0.032961487770080566,24,0.545454545,6,6,0,405334016,EleutherAI/pythia-410m,step8,seed6,6,8
He saw the young page.,He saw the loyal page.,page,page,Same Sense,0.0,0,3.071428571,6,6,0,405334016,EleutherAI/pythia-410m,step8,seed6,6,8
He saw the young page.,He saw the loyal page.,page,page,Same Sense,0.026013612747192383,1,3.071428571,6,6,0,405334016,EleutherAI/pythia-410m,step8,seed6,6,8
He saw the young page.,He saw the loyal page.,page,page,Same Sense,0.03138977289199829,2,3.071428571,6,6,0,405334016,EleutherAI/pythia-410m,step8,seed6,6,8
He saw the young page.,He saw the loyal page.,page,page,Same Sense,0.035545170307159424,3,3.071428571,6,6,0,405334016,EleutherAI/pythia-410m,step8,seed6,6,8
He saw the young page.,He saw the loyal page.,page,page,Same Sense,0.03869575262069702,4,3.071428571,6,6,0,405334016,EleutherAI/pythia-410m,step8,seed6,6,8
He saw the young page.,He saw the loyal page.,page,page,Same Sense,0.04019033908843994,5,3.071428571,6,6,0,405334016,EleutherAI/pythia-410m,step8,seed6,6,8
He saw the young page.,He saw the loyal page.,page,page,Same Sense,0.04291701316833496,6,3.071428571,6,6,0,405334016,EleutherAI/pythia-410m,step8,seed6,6,8
He saw the young page.,He saw the loyal page.,page,page,Same Sense,0.04144859313964844,7,3.071428571,6,6,0,405334016,EleutherAI/pythia-410m,step8,seed6,6,8
He saw the young page.,He saw the loyal page.,page,page,Same Sense,0.039595603942871094,8,3.071428571,6,6,0,405334016,EleutherAI/pythia-410m,step8,seed6,6,8
He saw the young page.,He saw the loyal page.,page,page,Same Sense,0.03958183526992798,9,3.071428571,6,6,0,405334016,EleutherAI/pythia-410m,step8,seed6,6,8
He saw the young page.,He saw the loyal page.,page,page,Same Sense,0.040369629859924316,10,3.071428571,6,6,0,405334016,EleutherAI/pythia-410m,step8,seed6,6,8
He saw the young page.,He saw the loyal page.,page,page,Same Sense,0.04045456647872925,11,3.071428571,6,6,0,405334016,EleutherAI/pythia-410m,step8,seed6,6,8
He saw the young page.,He saw the loyal page.,page,page,Same Sense,0.041190922260284424,12,3.071428571,6,6,0,405334016,EleutherAI/pythia-410m,step8,seed6,6,8
He saw the young page.,He saw the loyal page.,page,page,Same Sense,0.04212844371795654,13,3.071428571,6,6,0,405334016,EleutherAI/pythia-410m,step8,seed6,6,8
He saw the young page.,He saw the loyal page.,page,page,Same Sense,0.04031115770339966,14,3.071428571,6,6,0,405334016,EleutherAI/pythia-410m,step8,seed6,6,8
He saw the young page.,He saw the loyal page.,page,page,Same Sense,0.039769649505615234,15,3.071428571,6,6,0,405334016,EleutherAI/pythia-410m,step8,seed6,6,8
He saw the young page.,He saw the loyal page.,page,page,Same Sense,0.03952741622924805,16,3.071428571,6,6,0,405334016,EleutherAI/pythia-410m,step8,seed6,6,8
He saw the young page.,He saw the loyal page.,page,page,Same Sense,0.03892272710800171,17,3.071428571,6,6,0,405334016,EleutherAI/pythia-410m,step8,seed6,6,8
He saw the young page.,He saw the loyal page.,page,page,Same Sense,0.039076387882232666,18,3.071428571,6,6,0,405334016,EleutherAI/pythia-410m,step8,seed6,6,8
He saw the young page.,He saw the loyal page.,page,page,Same Sense,0.03820610046386719,19,3.071428571,6,6,0,405334016,EleutherAI/pythia-410m,step8,seed6,6,8
He saw the young page.,He saw the loyal page.,page,page,Same Sense,0.03733748197555542,20,3.071428571,6,6,0,405334016,EleutherAI/pythia-410m,step8,seed6,6,8
He saw the young page.,He saw the loyal page.,page,page,Same Sense,0.03767669200897217,21,3.071428571,6,6,0,405334016,EleutherAI/pythia-410m,step8,seed6,6,8
He saw the young page.,He saw the loyal page.,page,page,Same Sense,0.0361940860748291,22,3.071428571,6,6,0,405334016,EleutherAI/pythia-410m,step8,seed6,6,8
He saw the young page.,He saw the loyal page.,page,page,Same Sense,0.03607463836669922,23,3.071428571,6,6,0,405334016,EleutherAI/pythia-410m,step8,seed6,6,8
He saw the young page.,He saw the loyal page.,page,page,Same Sense,0.03587222099304199,24,3.071428571,6,6,0,405334016,EleutherAI/pythia-410m,step8,seed6,6,8
He saw the blank page.,He saw the ripped page.,page,page,Same Sense,0.0,0,3.384615385,6,6,0,405334016,EleutherAI/pythia-410m,step8,seed6,6,8
He saw the blank page.,He saw the ripped page.,page,page,Same Sense,0.022949695587158203,1,3.384615385,6,6,0,405334016,EleutherAI/pythia-410m,step8,seed6,6,8
He saw the blank page.,He saw the ripped page.,page,page,Same Sense,0.035320281982421875,2,3.384615385,6,6,0,405334016,EleutherAI/pythia-410m,step8,seed6,6,8
He saw the blank page.,He saw the ripped page.,page,page,Same Sense,0.038316965103149414,3,3.384615385,6,6,0,405334016,EleutherAI/pythia-410m,step8,seed6,6,8
He saw the blank page.,He saw the ripped page.,page,page,Same Sense,0.0423012375831604,4,3.384615385,6,6,0,405334016,EleutherAI/pythia-410m,step8,seed6,6,8
He saw the blank page.,He saw the ripped page.,page,page,Same Sense,0.045420169830322266,5,3.384615385,6,6,0,405334016,EleutherAI/pythia-410m,step8,seed6,6,8
He saw the blank page.,He saw the ripped page.,page,page,Same Sense,0.04505312442779541,6,3.384615385,6,6,0,405334016,EleutherAI/pythia-410m,step8,seed6,6,8
He saw the blank page.,He saw the ripped page.,page,page,Same Sense,0.04202461242675781,7,3.384615385,6,6,0,405334016,EleutherAI/pythia-410m,step8,seed6,6,8
He saw the blank page.,He saw the ripped page.,page,page,Same Sense,0.040377914905548096,8,3.384615385,6,6,0,405334016,EleutherAI/pythia-410m,step8,seed6,6,8
He saw the blank page.,He saw the ripped page.,page,page,Same Sense,0.04053312540054321,9,3.384615385,6,6,0,405334016,EleutherAI/pythia-410m,step8,seed6,6,8
He saw the blank page.,He saw the ripped page.,page,page,Same Sense,0.04086369276046753,10,3.384615385,6,6,0,405334016,EleutherAI/pythia-410m,step8,seed6,6,8
He saw the blank page.,He saw the ripped page.,page,page,Same Sense,0.03933882713317871,11,3.384615385,6,6,0,405334016,EleutherAI/pythia-410m,step8,seed6,6,8
He saw the blank page.,He saw the ripped page.,page,page,Same Sense,0.039673686027526855,12,3.384615385,6,6,0,405334016,EleutherAI/pythia-410m,step8,seed6,6,8
He saw the blank page.,He saw the ripped page.,page,page,Same Sense,0.038539230823516846,13,3.384615385,6,6,0,405334016,EleutherAI/pythia-410m,step8,seed6,6,8
He saw the blank page.,He saw the ripped page.,page,page,Same Sense,0.037049055099487305,14,3.384615385,6,6,0,405334016,EleutherAI/pythia-410m,step8,seed6,6,8
He saw the blank page.,He saw the ripped page.,page,page,Same Sense,0.03730416297912598,15,3.384615385,6,6,0,405334016,EleutherAI/pythia-410m,step8,seed6,6,8
He saw the blank page.,He saw the ripped page.,page,page,Same Sense,0.035764336585998535,16,3.384615385,6,6,0,405334016,EleutherAI/pythia-410m,step8,seed6,6,8
He saw the blank page.,He saw the ripped page.,page,page,Same Sense,0.03497731685638428,17,3.384615385,6,6,0,405334016,EleutherAI/pythia-410m,step8,seed6,6,8
He saw the blank page.,He saw the ripped page.,page,page,Same Sense,0.03450798988342285,18,3.384615385,6,6,0,405334016,EleutherAI/pythia-410m,step8,seed6,6,8
He saw the blank page.,He saw the ripped page.,page,page,Same Sense,0.034516751766204834,19,3.384615385,6,6,0,405334016,EleutherAI/pythia-410m,step8,seed6,6,8
He saw the blank page.,He saw the ripped page.,page,page,Same Sense,0.03442120552062988,20,3.384615385,6,6,0,405334016,EleutherAI/pythia-410m,step8,seed6,6,8
He saw the blank page.,He saw the ripped page.,page,page,Same Sense,0.03432971239089966,21,3.384615385,6,6,0,405334016,EleutherAI/pythia-410m,step8,seed6,6,8
He saw the blank page.,He saw the ripped page.,page,page,Same Sense,0.03308820724487305,22,3.384615385,6,6,0,405334016,EleutherAI/pythia-410m,step8,seed6,6,8
He saw the blank page.,He saw the ripped page.,page,page,Same Sense,0.032948315143585205,23,3.384615385,6,6,0,405334016,EleutherAI/pythia-410m,step8,seed6,6,8
He saw the blank page.,He saw the ripped page.,page,page,Same Sense,0.0328747034072876,24,3.384615385,6,6,0,405334016,EleutherAI/pythia-410m,step8,seed6,6,8
It was a calloused palm.,It was a tropical palm.,palm,palm,Different Sense,0.0,0,0.235294118,7,6,1,405334016,EleutherAI/pythia-410m,step8,seed6,6,8
It was a calloused palm.,It was a tropical palm.,palm,palm,Different Sense,0.0324474573135376,1,0.235294118,7,6,1,405334016,EleutherAI/pythia-410m,step8,seed6,6,8
It was a calloused palm.,It was a tropical palm.,palm,palm,Different Sense,0.04615980386734009,2,0.235294118,7,6,1,405334016,EleutherAI/pythia-410m,step8,seed6,6,8
It was a calloused palm.,It was a tropical palm.,palm,palm,Different Sense,0.05385875701904297,3,0.235294118,7,6,1,405334016,EleutherAI/pythia-410m,step8,seed6,6,8
It was a calloused palm.,It was a tropical palm.,palm,palm,Different Sense,0.05574822425842285,4,0.235294118,7,6,1,405334016,EleutherAI/pythia-410m,step8,seed6,6,8
It was a calloused palm.,It was a tropical palm.,palm,palm,Different Sense,0.05730700492858887,5,0.235294118,7,6,1,405334016,EleutherAI/pythia-410m,step8,seed6,6,8
It was a calloused palm.,It was a tropical palm.,palm,palm,Different Sense,0.05900365114212036,6,0.235294118,7,6,1,405334016,EleutherAI/pythia-410m,step8,seed6,6,8
It was a calloused palm.,It was a tropical palm.,palm,palm,Different Sense,0.06067836284637451,7,0.235294118,7,6,1,405334016,EleutherAI/pythia-410m,step8,seed6,6,8
It was a calloused palm.,It was a tropical palm.,palm,palm,Different Sense,0.06082284450531006,8,0.235294118,7,6,1,405334016,EleutherAI/pythia-410m,step8,seed6,6,8
It was a calloused palm.,It was a tropical palm.,palm,palm,Different Sense,0.05851501226425171,9,0.235294118,7,6,1,405334016,EleutherAI/pythia-410m,step8,seed6,6,8
It was a calloused palm.,It was a tropical palm.,palm,palm,Different Sense,0.06029731035232544,10,0.235294118,7,6,1,405334016,EleutherAI/pythia-410m,step8,seed6,6,8
It was a calloused palm.,It was a tropical palm.,palm,palm,Different Sense,0.05893898010253906,11,0.235294118,7,6,1,405334016,EleutherAI/pythia-410m,step8,seed6,6,8
It was a calloused palm.,It was a tropical palm.,palm,palm,Different Sense,0.05908167362213135,12,0.235294118,7,6,1,405334016,EleutherAI/pythia-410m,step8,seed6,6,8
It was a calloused palm.,It was a tropical palm.,palm,palm,Different Sense,0.05915248394012451,13,0.235294118,7,6,1,405334016,EleutherAI/pythia-410m,step8,seed6,6,8
It was a calloused palm.,It was a tropical palm.,palm,palm,Different Sense,0.058917462825775146,14,0.235294118,7,6,1,405334016,EleutherAI/pythia-410m,step8,seed6,6,8
It was a calloused palm.,It was a tropical palm.,palm,palm,Different Sense,0.05674678087234497,15,0.235294118,7,6,1,405334016,EleutherAI/pythia-410m,step8,seed6,6,8
It was a calloused palm.,It was a tropical palm.,palm,palm,Different Sense,0.05457413196563721,16,0.235294118,7,6,1,405334016,EleutherAI/pythia-410m,step8,seed6,6,8
It was a calloused palm.,It was a tropical palm.,palm,palm,Different Sense,0.053575336933135986,17,0.235294118,7,6,1,405334016,EleutherAI/pythia-410m,step8,seed6,6,8
It was a calloused palm.,It was a tropical palm.,palm,palm,Different Sense,0.05079841613769531,18,0.235294118,7,6,1,405334016,EleutherAI/pythia-410m,step8,seed6,6,8
It was a calloused palm.,It was a tropical palm.,palm,palm,Different Sense,0.05091768503189087,19,0.235294118,7,6,1,405334016,EleutherAI/pythia-410m,step8,seed6,6,8
It was a calloused palm.,It was a tropical palm.,palm,palm,Different Sense,0.05098491907119751,20,0.235294118,7,6,1,405334016,EleutherAI/pythia-410m,step8,seed6,6,8
It was a calloused palm.,It was a tropical palm.,palm,palm,Different Sense,0.05033385753631592,21,0.235294118,7,6,1,405334016,EleutherAI/pythia-410m,step8,seed6,6,8
It was a calloused palm.,It was a tropical palm.,palm,palm,Different Sense,0.0487709641456604,22,0.235294118,7,6,1,405334016,EleutherAI/pythia-410m,step8,seed6,6,8
It was a calloused palm.,It was a tropical palm.,palm,palm,Different Sense,0.04661184549331665,23,0.235294118,7,6,1,405334016,EleutherAI/pythia-410m,step8,seed6,6,8
It was a calloused palm.,It was a tropical palm.,palm,palm,Different Sense,0.0458870530128479,24,0.235294118,7,6,1,405334016,EleutherAI/pythia-410m,step8,seed6,6,8
It was a calloused palm.,It was a tree palm.,palm,palm,Different Sense,0.0,0,0.2,7,6,1,405334016,EleutherAI/pythia-410m,step8,seed6,6,8
It was a calloused palm.,It was a tree palm.,palm,palm,Different Sense,0.03096836805343628,1,0.2,7,6,1,405334016,EleutherAI/pythia-410m,step8,seed6,6,8
It was a calloused palm.,It was a tree palm.,palm,palm,Different Sense,0.04456496238708496,2,0.2,7,6,1,405334016,EleutherAI/pythia-410m,step8,seed6,6,8
It was a calloused palm.,It was a tree palm.,palm,palm,Different Sense,0.05180966854095459,3,0.2,7,6,1,405334016,EleutherAI/pythia-410m,step8,seed6,6,8
It was a calloused palm.,It was a tree palm.,palm,palm,Different Sense,0.051223695278167725,4,0.2,7,6,1,405334016,EleutherAI/pythia-410m,step8,seed6,6,8
It was a calloused palm.,It was a tree palm.,palm,palm,Different Sense,0.05105400085449219,5,0.2,7,6,1,405334016,EleutherAI/pythia-410m,step8,seed6,6,8
It was a calloused palm.,It was a tree palm.,palm,palm,Different Sense,0.05430716276168823,6,0.2,7,6,1,405334016,EleutherAI/pythia-410m,step8,seed6,6,8
It was a calloused palm.,It was a tree palm.,palm,palm,Different Sense,0.05655848979949951,7,0.2,7,6,1,405334016,EleutherAI/pythia-410m,step8,seed6,6,8
It was a calloused palm.,It was a tree palm.,palm,palm,Different Sense,0.05478030443191528,8,0.2,7,6,1,405334016,EleutherAI/pythia-410m,step8,seed6,6,8
It was a calloused palm.,It was a tree palm.,palm,palm,Different Sense,0.05287492275238037,9,0.2,7,6,1,405334016,EleutherAI/pythia-410m,step8,seed6,6,8
It was a calloused palm.,It was a tree palm.,palm,palm,Different Sense,0.05271196365356445,10,0.2,7,6,1,405334016,EleutherAI/pythia-410m,step8,seed6,6,8
It was a calloused palm.,It was a tree palm.,palm,palm,Different Sense,0.05349308252334595,11,0.2,7,6,1,405334016,EleutherAI/pythia-410m,step8,seed6,6,8
It was a calloused palm.,It was a tree palm.,palm,palm,Different Sense,0.053073763847351074,12,0.2,7,6,1,405334016,EleutherAI/pythia-410m,step8,seed6,6,8
It was a calloused palm.,It was a tree palm.,palm,palm,Different Sense,0.053341567516326904,13,0.2,7,6,1,405334016,EleutherAI/pythia-410m,step8,seed6,6,8
It was a calloused palm.,It was a tree palm.,palm,palm,Different Sense,0.05389612913131714,14,0.2,7,6,1,405334016,EleutherAI/pythia-410m,step8,seed6,6,8
It was a calloused palm.,It was a tree palm.,palm,palm,Different Sense,0.05370473861694336,15,0.2,7,6,1,405334016,EleutherAI/pythia-410m,step8,seed6,6,8
It was a calloused palm.,It was a tree palm.,palm,palm,Different Sense,0.05196481943130493,16,0.2,7,6,1,405334016,EleutherAI/pythia-410m,step8,seed6,6,8
It was a calloused palm.,It was a tree palm.,palm,palm,Different Sense,0.05155867338180542,17,0.2,7,6,1,405334016,EleutherAI/pythia-410m,step8,seed6,6,8
It was a calloused palm.,It was a tree palm.,palm,palm,Different Sense,0.049014151096343994,18,0.2,7,6,1,405334016,EleutherAI/pythia-410m,step8,seed6,6,8
It was a calloused palm.,It was a tree palm.,palm,palm,Different Sense,0.04877668619155884,19,0.2,7,6,1,405334016,EleutherAI/pythia-410m,step8,seed6,6,8
It was a calloused palm.,It was a tree palm.,palm,palm,Different Sense,0.048084139823913574,20,0.2,7,6,1,405334016,EleutherAI/pythia-410m,step8,seed6,6,8
It was a calloused palm.,It was a tree palm.,palm,palm,Different Sense,0.04796725511550903,21,0.2,7,6,1,405334016,EleutherAI/pythia-410m,step8,seed6,6,8
It was a calloused palm.,It was a tree palm.,palm,palm,Different Sense,0.0465846061706543,22,0.2,7,6,1,405334016,EleutherAI/pythia-410m,step8,seed6,6,8
It was a calloused palm.,It was a tree palm.,palm,palm,Different Sense,0.04468792676925659,23,0.2,7,6,1,405334016,EleutherAI/pythia-410m,step8,seed6,6,8
It was a calloused palm.,It was a tree palm.,palm,palm,Different Sense,0.04522591829299927,24,0.2,7,6,1,405334016,EleutherAI/pythia-410m,step8,seed6,6,8
It was a wrinkled palm.,It was a tropical palm.,palm,palm,Different Sense,0.0,0,0.285714286,7,6,1,405334016,EleutherAI/pythia-410m,step8,seed6,6,8
It was a wrinkled palm.,It was a tropical palm.,palm,palm,Different Sense,0.029350459575653076,1,0.285714286,7,6,1,405334016,EleutherAI/pythia-410m,step8,seed6,6,8
It was a wrinkled palm.,It was a tropical palm.,palm,palm,Different Sense,0.04047870635986328,2,0.285714286,7,6,1,405334016,EleutherAI/pythia-410m,step8,seed6,6,8
It was a wrinkled palm.,It was a tropical palm.,palm,palm,Different Sense,0.047595977783203125,3,0.285714286,7,6,1,405334016,EleutherAI/pythia-410m,step8,seed6,6,8
It was a wrinkled palm.,It was a tropical palm.,palm,palm,Different Sense,0.05006575584411621,4,0.285714286,7,6,1,405334016,EleutherAI/pythia-410m,step8,seed6,6,8
It was a wrinkled palm.,It was a tropical palm.,palm,palm,Different Sense,0.051750361919403076,5,0.285714286,7,6,1,405334016,EleutherAI/pythia-410m,step8,seed6,6,8
It was a wrinkled palm.,It was a tropical palm.,palm,palm,Different Sense,0.05155932903289795,6,0.285714286,7,6,1,405334016,EleutherAI/pythia-410m,step8,seed6,6,8
It was a wrinkled palm.,It was a tropical palm.,palm,palm,Different Sense,0.052076518535614014,7,0.285714286,7,6,1,405334016,EleutherAI/pythia-410m,step8,seed6,6,8
It was a wrinkled palm.,It was a tropical palm.,palm,palm,Different Sense,0.05035066604614258,8,0.285714286,7,6,1,405334016,EleutherAI/pythia-410m,step8,seed6,6,8
It was a wrinkled palm.,It was a tropical palm.,palm,palm,Different Sense,0.04916566610336304,9,0.285714286,7,6,1,405334016,EleutherAI/pythia-410m,step8,seed6,6,8
It was a wrinkled palm.,It was a tropical palm.,palm,palm,Different Sense,0.05054575204849243,10,0.285714286,7,6,1,405334016,EleutherAI/pythia-410m,step8,seed6,6,8
It was a wrinkled palm.,It was a tropical palm.,palm,palm,Different Sense,0.04796409606933594,11,0.285714286,7,6,1,405334016,EleutherAI/pythia-410m,step8,seed6,6,8
It was a wrinkled palm.,It was a tropical palm.,palm,palm,Different Sense,0.048207640647888184,12,0.285714286,7,6,1,405334016,EleutherAI/pythia-410m,step8,seed6,6,8
It was a wrinkled palm.,It was a tropical palm.,palm,palm,Different Sense,0.0500483512878418,13,0.285714286,7,6,1,405334016,EleutherAI/pythia-410m,step8,seed6,6,8
It was a wrinkled palm.,It was a tropical palm.,palm,palm,Different Sense,0.05069887638092041,14,0.285714286,7,6,1,405334016,EleutherAI/pythia-410m,step8,seed6,6,8
It was a wrinkled palm.,It was a tropical palm.,palm,palm,Different Sense,0.04843419790267944,15,0.285714286,7,6,1,405334016,EleutherAI/pythia-410m,step8,seed6,6,8
It was a wrinkled palm.,It was a tropical palm.,palm,palm,Different Sense,0.04756873846054077,16,0.285714286,7,6,1,405334016,EleutherAI/pythia-410m,step8,seed6,6,8
It was a wrinkled palm.,It was a tropical palm.,palm,palm,Different Sense,0.046045005321502686,17,0.285714286,7,6,1,405334016,EleutherAI/pythia-410m,step8,seed6,6,8
It was a wrinkled palm.,It was a tropical palm.,palm,palm,Different Sense,0.04419386386871338,18,0.285714286,7,6,1,405334016,EleutherAI/pythia-410m,step8,seed6,6,8
It was a wrinkled palm.,It was a tropical palm.,palm,palm,Different Sense,0.0441167950630188,19,0.285714286,7,6,1,405334016,EleutherAI/pythia-410m,step8,seed6,6,8
It was a wrinkled palm.,It was a tropical palm.,palm,palm,Different Sense,0.043658673763275146,20,0.285714286,7,6,1,405334016,EleutherAI/pythia-410m,step8,seed6,6,8
It was a wrinkled palm.,It was a tropical palm.,palm,palm,Different Sense,0.0442999005317688,21,0.285714286,7,6,1,405334016,EleutherAI/pythia-410m,step8,seed6,6,8
It was a wrinkled palm.,It was a tropical palm.,palm,palm,Different Sense,0.042978763580322266,22,0.285714286,7,6,1,405334016,EleutherAI/pythia-410m,step8,seed6,6,8
It was a wrinkled palm.,It was a tropical palm.,palm,palm,Different Sense,0.04033327102661133,23,0.285714286,7,6,1,405334016,EleutherAI/pythia-410m,step8,seed6,6,8
It was a wrinkled palm.,It was a tropical palm.,palm,palm,Different Sense,0.039944589138031006,24,0.285714286,7,6,1,405334016,EleutherAI/pythia-410m,step8,seed6,6,8
It was a wrinkled palm.,It was a tree palm.,palm,palm,Different Sense,0.0,0,0.25,7,6,1,405334016,EleutherAI/pythia-410m,step8,seed6,6,8
It was a wrinkled palm.,It was a tree palm.,palm,palm,Different Sense,0.031047046184539795,1,0.25,7,6,1,405334016,EleutherAI/pythia-410m,step8,seed6,6,8
It was a wrinkled palm.,It was a tree palm.,palm,palm,Different Sense,0.041951000690460205,2,0.25,7,6,1,405334016,EleutherAI/pythia-410m,step8,seed6,6,8
It was a wrinkled palm.,It was a tree palm.,palm,palm,Different Sense,0.04764503240585327,3,0.25,7,6,1,405334016,EleutherAI/pythia-410m,step8,seed6,6,8
It was a wrinkled palm.,It was a tree palm.,palm,palm,Different Sense,0.04826551675796509,4,0.25,7,6,1,405334016,EleutherAI/pythia-410m,step8,seed6,6,8
It was a wrinkled palm.,It was a tree palm.,palm,palm,Different Sense,0.04805779457092285,5,0.25,7,6,1,405334016,EleutherAI/pythia-410m,step8,seed6,6,8
It was a wrinkled palm.,It was a tree palm.,palm,palm,Different Sense,0.046846747398376465,6,0.25,7,6,1,405334016,EleutherAI/pythia-410m,step8,seed6,6,8
It was a wrinkled palm.,It was a tree palm.,palm,palm,Different Sense,0.048133671283721924,7,0.25,7,6,1,405334016,EleutherAI/pythia-410m,step8,seed6,6,8
It was a wrinkled palm.,It was a tree palm.,palm,palm,Different Sense,0.04609447717666626,8,0.25,7,6,1,405334016,EleutherAI/pythia-410m,step8,seed6,6,8
It was a wrinkled palm.,It was a tree palm.,palm,palm,Different Sense,0.045360565185546875,9,0.25,7,6,1,405334016,EleutherAI/pythia-410m,step8,seed6,6,8
It was a wrinkled palm.,It was a tree palm.,palm,palm,Different Sense,0.04628157615661621,10,0.25,7,6,1,405334016,EleutherAI/pythia-410m,step8,seed6,6,8
It was a wrinkled palm.,It was a tree palm.,palm,palm,Different Sense,0.04555100202560425,11,0.25,7,6,1,405334016,EleutherAI/pythia-410m,step8,seed6,6,8
It was a wrinkled palm.,It was a tree palm.,palm,palm,Different Sense,0.04499763250350952,12,0.25,7,6,1,405334016,EleutherAI/pythia-410m,step8,seed6,6,8
It was a wrinkled palm.,It was a tree palm.,palm,palm,Different Sense,0.04546290636062622,13,0.25,7,6,1,405334016,EleutherAI/pythia-410m,step8,seed6,6,8
It was a wrinkled palm.,It was a tree palm.,palm,palm,Different Sense,0.045235514640808105,14,0.25,7,6,1,405334016,EleutherAI/pythia-410m,step8,seed6,6,8
It was a wrinkled palm.,It was a tree palm.,palm,palm,Different Sense,0.04394310712814331,15,0.25,7,6,1,405334016,EleutherAI/pythia-410m,step8,seed6,6,8
It was a wrinkled palm.,It was a tree palm.,palm,palm,Different Sense,0.04345226287841797,16,0.25,7,6,1,405334016,EleutherAI/pythia-410m,step8,seed6,6,8
It was a wrinkled palm.,It was a tree palm.,palm,palm,Different Sense,0.042462706565856934,17,0.25,7,6,1,405334016,EleutherAI/pythia-410m,step8,seed6,6,8
It was a wrinkled palm.,It was a tree palm.,palm,palm,Different Sense,0.04100966453552246,18,0.25,7,6,1,405334016,EleutherAI/pythia-410m,step8,seed6,6,8
It was a wrinkled palm.,It was a tree palm.,palm,palm,Different Sense,0.040995657444000244,19,0.25,7,6,1,405334016,EleutherAI/pythia-410m,step8,seed6,6,8
It was a wrinkled palm.,It was a tree palm.,palm,palm,Different Sense,0.0402073860168457,20,0.25,7,6,1,405334016,EleutherAI/pythia-410m,step8,seed6,6,8
It was a wrinkled palm.,It was a tree palm.,palm,palm,Different Sense,0.0412256121635437,21,0.25,7,6,1,405334016,EleutherAI/pythia-410m,step8,seed6,6,8
It was a wrinkled palm.,It was a tree palm.,palm,palm,Different Sense,0.039295732975006104,22,0.25,7,6,1,405334016,EleutherAI/pythia-410m,step8,seed6,6,8
It was a wrinkled palm.,It was a tree palm.,palm,palm,Different Sense,0.03686678409576416,23,0.25,7,6,1,405334016,EleutherAI/pythia-410m,step8,seed6,6,8
It was a wrinkled palm.,It was a tree palm.,palm,palm,Different Sense,0.037390828132629395,24,0.25,7,6,1,405334016,EleutherAI/pythia-410m,step8,seed6,6,8
It was a calloused palm.,It was a wrinkled palm.,palm,palm,Same Sense,0.0,0,3.0,7,7,0,405334016,EleutherAI/pythia-410m,step8,seed6,6,8
It was a calloused palm.,It was a wrinkled palm.,palm,palm,Same Sense,0.037223219871520996,1,3.0,7,7,0,405334016,EleutherAI/pythia-410m,step8,seed6,6,8
It was a calloused palm.,It was a wrinkled palm.,palm,palm,Same Sense,0.05131775140762329,2,3.0,7,7,0,405334016,EleutherAI/pythia-410m,step8,seed6,6,8
It was a calloused palm.,It was a wrinkled palm.,palm,palm,Same Sense,0.062051594257354736,3,3.0,7,7,0,405334016,EleutherAI/pythia-410m,step8,seed6,6,8
It was a calloused palm.,It was a wrinkled palm.,palm,palm,Same Sense,0.0637550950050354,4,3.0,7,7,0,405334016,EleutherAI/pythia-410m,step8,seed6,6,8
It was a calloused palm.,It was a wrinkled palm.,palm,palm,Same Sense,0.06331688165664673,5,3.0,7,7,0,405334016,EleutherAI/pythia-410m,step8,seed6,6,8
It was a calloused palm.,It was a wrinkled palm.,palm,palm,Same Sense,0.06352132558822632,6,3.0,7,7,0,405334016,EleutherAI/pythia-410m,step8,seed6,6,8
It was a calloused palm.,It was a wrinkled palm.,palm,palm,Same Sense,0.06623578071594238,7,3.0,7,7,0,405334016,EleutherAI/pythia-410m,step8,seed6,6,8
It was a calloused palm.,It was a wrinkled palm.,palm,palm,Same Sense,0.06465137004852295,8,3.0,7,7,0,405334016,EleutherAI/pythia-410m,step8,seed6,6,8
It was a calloused palm.,It was a wrinkled palm.,palm,palm,Same Sense,0.06002998352050781,9,3.0,7,7,0,405334016,EleutherAI/pythia-410m,step8,seed6,6,8
It was a calloused palm.,It was a wrinkled palm.,palm,palm,Same Sense,0.05877828598022461,10,3.0,7,7,0,405334016,EleutherAI/pythia-410m,step8,seed6,6,8
It was a calloused palm.,It was a wrinkled palm.,palm,palm,Same Sense,0.05818045139312744,11,3.0,7,7,0,405334016,EleutherAI/pythia-410m,step8,seed6,6,8
It was a calloused palm.,It was a wrinkled palm.,palm,palm,Same Sense,0.056166768074035645,12,3.0,7,7,0,405334016,EleutherAI/pythia-410m,step8,seed6,6,8
It was a calloused palm.,It was a wrinkled palm.,palm,palm,Same Sense,0.056676506996154785,13,3.0,7,7,0,405334016,EleutherAI/pythia-410m,step8,seed6,6,8
It was a calloused palm.,It was a wrinkled palm.,palm,palm,Same Sense,0.055752575397491455,14,3.0,7,7,0,405334016,EleutherAI/pythia-410m,step8,seed6,6,8
It was a calloused palm.,It was a wrinkled palm.,palm,palm,Same Sense,0.05492478609085083,15,3.0,7,7,0,405334016,EleutherAI/pythia-410m,step8,seed6,6,8
It was a calloused palm.,It was a wrinkled palm.,palm,palm,Same Sense,0.05351531505584717,16,3.0,7,7,0,405334016,EleutherAI/pythia-410m,step8,seed6,6,8
It was a calloused palm.,It was a wrinkled palm.,palm,palm,Same Sense,0.05149358510971069,17,3.0,7,7,0,405334016,EleutherAI/pythia-410m,step8,seed6,6,8
It was a calloused palm.,It was a wrinkled palm.,palm,palm,Same Sense,0.04922062158584595,18,3.0,7,7,0,405334016,EleutherAI/pythia-410m,step8,seed6,6,8
It was a calloused palm.,It was a wrinkled palm.,palm,palm,Same Sense,0.04853963851928711,19,3.0,7,7,0,405334016,EleutherAI/pythia-410m,step8,seed6,6,8
It was a calloused palm.,It was a wrinkled palm.,palm,palm,Same Sense,0.04760944843292236,20,3.0,7,7,0,405334016,EleutherAI/pythia-410m,step8,seed6,6,8
It was a calloused palm.,It was a wrinkled palm.,palm,palm,Same Sense,0.04732412099838257,21,3.0,7,7,0,405334016,EleutherAI/pythia-410m,step8,seed6,6,8
It was a calloused palm.,It was a wrinkled palm.,palm,palm,Same Sense,0.046051204204559326,22,3.0,7,7,0,405334016,EleutherAI/pythia-410m,step8,seed6,6,8
It was a calloused palm.,It was a wrinkled palm.,palm,palm,Same Sense,0.043271422386169434,23,3.0,7,7,0,405334016,EleutherAI/pythia-410m,step8,seed6,6,8
It was a calloused palm.,It was a wrinkled palm.,palm,palm,Same Sense,0.04361337423324585,24,3.0,7,7,0,405334016,EleutherAI/pythia-410m,step8,seed6,6,8
It was a tropical palm.,It was a tree palm.,palm,palm,Same Sense,0.0,0,3.916666667,6,6,0,405334016,EleutherAI/pythia-410m,step8,seed6,6,8
It was a tropical palm.,It was a tree palm.,palm,palm,Same Sense,0.021517038345336914,1,3.916666667,6,6,0,405334016,EleutherAI/pythia-410m,step8,seed6,6,8
It was a tropical palm.,It was a tree palm.,palm,palm,Same Sense,0.029933035373687744,2,3.916666667,6,6,0,405334016,EleutherAI/pythia-410m,step8,seed6,6,8
It was a tropical palm.,It was a tree palm.,palm,palm,Same Sense,0.03489559888839722,3,3.916666667,6,6,0,405334016,EleutherAI/pythia-410m,step8,seed6,6,8
It was a tropical palm.,It was a tree palm.,palm,palm,Same Sense,0.03558337688446045,4,3.916666667,6,6,0,405334016,EleutherAI/pythia-410m,step8,seed6,6,8
It was a tropical palm.,It was a tree palm.,palm,palm,Same Sense,0.035492122173309326,5,3.916666667,6,6,0,405334016,EleutherAI/pythia-410m,step8,seed6,6,8
It was a tropical palm.,It was a tree palm.,palm,palm,Same Sense,0.03560072183609009,6,3.916666667,6,6,0,405334016,EleutherAI/pythia-410m,step8,seed6,6,8
It was a tropical palm.,It was a tree palm.,palm,palm,Same Sense,0.0376664400100708,7,3.916666667,6,6,0,405334016,EleutherAI/pythia-410m,step8,seed6,6,8
It was a tropical palm.,It was a tree palm.,palm,palm,Same Sense,0.03504157066345215,8,3.916666667,6,6,0,405334016,EleutherAI/pythia-410m,step8,seed6,6,8
It was a tropical palm.,It was a tree palm.,palm,palm,Same Sense,0.03410041332244873,9,3.916666667,6,6,0,405334016,EleutherAI/pythia-410m,step8,seed6,6,8
It was a tropical palm.,It was a tree palm.,palm,palm,Same Sense,0.034469425678253174,10,3.916666667,6,6,0,405334016,EleutherAI/pythia-410m,step8,seed6,6,8
It was a tropical palm.,It was a tree palm.,palm,palm,Same Sense,0.0335766077041626,11,3.916666667,6,6,0,405334016,EleutherAI/pythia-410m,step8,seed6,6,8
It was a tropical palm.,It was a tree palm.,palm,palm,Same Sense,0.03339570760726929,12,3.916666667,6,6,0,405334016,EleutherAI/pythia-410m,step8,seed6,6,8
It was a tropical palm.,It was a tree palm.,palm,palm,Same Sense,0.03367877006530762,13,3.916666667,6,6,0,405334016,EleutherAI/pythia-410m,step8,seed6,6,8
It was a tropical palm.,It was a tree palm.,palm,palm,Same Sense,0.03335428237915039,14,3.916666667,6,6,0,405334016,EleutherAI/pythia-410m,step8,seed6,6,8
It was a tropical palm.,It was a tree palm.,palm,palm,Same Sense,0.03206413984298706,15,3.916666667,6,6,0,405334016,EleutherAI/pythia-410m,step8,seed6,6,8
It was a tropical palm.,It was a tree palm.,palm,palm,Same Sense,0.03145116567611694,16,3.916666667,6,6,0,405334016,EleutherAI/pythia-410m,step8,seed6,6,8
It was a tropical palm.,It was a tree palm.,palm,palm,Same Sense,0.030916810035705566,17,3.916666667,6,6,0,405334016,EleutherAI/pythia-410m,step8,seed6,6,8
It was a tropical palm.,It was a tree palm.,palm,palm,Same Sense,0.030090153217315674,18,3.916666667,6,6,0,405334016,EleutherAI/pythia-410m,step8,seed6,6,8
It was a tropical palm.,It was a tree palm.,palm,palm,Same Sense,0.03052365779876709,19,3.916666667,6,6,0,405334016,EleutherAI/pythia-410m,step8,seed6,6,8
It was a tropical palm.,It was a tree palm.,palm,palm,Same Sense,0.030458509922027588,20,3.916666667,6,6,0,405334016,EleutherAI/pythia-410m,step8,seed6,6,8
It was a tropical palm.,It was a tree palm.,palm,palm,Same Sense,0.030305922031402588,21,3.916666667,6,6,0,405334016,EleutherAI/pythia-410m,step8,seed6,6,8
It was a tropical palm.,It was a tree palm.,palm,palm,Same Sense,0.0290108323097229,22,3.916666667,6,6,0,405334016,EleutherAI/pythia-410m,step8,seed6,6,8
It was a tropical palm.,It was a tree palm.,palm,palm,Same Sense,0.028189241886138916,23,3.916666667,6,6,0,405334016,EleutherAI/pythia-410m,step8,seed6,6,8
It was a tropical palm.,It was a tree palm.,palm,palm,Same Sense,0.027404308319091797,24,3.916666667,6,6,0,405334016,EleutherAI/pythia-410m,step8,seed6,6,8
It was a control panel.,It was an advisory panel.,panel,panel,Different Sense,0.0,0,0.8,6,6,0,405334016,EleutherAI/pythia-410m,step8,seed6,6,8
It was a control panel.,It was an advisory panel.,panel,panel,Different Sense,0.03894925117492676,1,0.8,6,6,0,405334016,EleutherAI/pythia-410m,step8,seed6,6,8
It was a control panel.,It was an advisory panel.,panel,panel,Different Sense,0.06237137317657471,2,0.8,6,6,0,405334016,EleutherAI/pythia-410m,step8,seed6,6,8
It was a control panel.,It was an advisory panel.,panel,panel,Different Sense,0.07505512237548828,3,0.8,6,6,0,405334016,EleutherAI/pythia-410m,step8,seed6,6,8
It was a control panel.,It was an advisory panel.,panel,panel,Different Sense,0.08119946718215942,4,0.8,6,6,0,405334016,EleutherAI/pythia-410m,step8,seed6,6,8
It was a control panel.,It was an advisory panel.,panel,panel,Different Sense,0.08620357513427734,5,0.8,6,6,0,405334016,EleutherAI/pythia-410m,step8,seed6,6,8
It was a control panel.,It was an advisory panel.,panel,panel,Different Sense,0.08859586715698242,6,0.8,6,6,0,405334016,EleutherAI/pythia-410m,step8,seed6,6,8
It was a control panel.,It was an advisory panel.,panel,panel,Different Sense,0.08821767568588257,7,0.8,6,6,0,405334016,EleutherAI/pythia-410m,step8,seed6,6,8
It was a control panel.,It was an advisory panel.,panel,panel,Different Sense,0.0881757140159607,8,0.8,6,6,0,405334016,EleutherAI/pythia-410m,step8,seed6,6,8
It was a control panel.,It was an advisory panel.,panel,panel,Different Sense,0.08744305372238159,9,0.8,6,6,0,405334016,EleutherAI/pythia-410m,step8,seed6,6,8
It was a control panel.,It was an advisory panel.,panel,panel,Different Sense,0.09120160341262817,10,0.8,6,6,0,405334016,EleutherAI/pythia-410m,step8,seed6,6,8
It was a control panel.,It was an advisory panel.,panel,panel,Different Sense,0.0881950855255127,11,0.8,6,6,0,405334016,EleutherAI/pythia-410m,step8,seed6,6,8
It was a control panel.,It was an advisory panel.,panel,panel,Different Sense,0.08870869874954224,12,0.8,6,6,0,405334016,EleutherAI/pythia-410m,step8,seed6,6,8
It was a control panel.,It was an advisory panel.,panel,panel,Different Sense,0.08497416973114014,13,0.8,6,6,0,405334016,EleutherAI/pythia-410m,step8,seed6,6,8
It was a control panel.,It was an advisory panel.,panel,panel,Different Sense,0.08375120162963867,14,0.8,6,6,0,405334016,EleutherAI/pythia-410m,step8,seed6,6,8
It was a control panel.,It was an advisory panel.,panel,panel,Different Sense,0.0834243893623352,15,0.8,6,6,0,405334016,EleutherAI/pythia-410m,step8,seed6,6,8
It was a control panel.,It was an advisory panel.,panel,panel,Different Sense,0.08171665668487549,16,0.8,6,6,0,405334016,EleutherAI/pythia-410m,step8,seed6,6,8
It was a control panel.,It was an advisory panel.,panel,panel,Different Sense,0.0817217230796814,17,0.8,6,6,0,405334016,EleutherAI/pythia-410m,step8,seed6,6,8
It was a control panel.,It was an advisory panel.,panel,panel,Different Sense,0.0811152458190918,18,0.8,6,6,0,405334016,EleutherAI/pythia-410m,step8,seed6,6,8
It was a control panel.,It was an advisory panel.,panel,panel,Different Sense,0.08039826154708862,19,0.8,6,6,0,405334016,EleutherAI/pythia-410m,step8,seed6,6,8
It was a control panel.,It was an advisory panel.,panel,panel,Different Sense,0.07906246185302734,20,0.8,6,6,0,405334016,EleutherAI/pythia-410m,step8,seed6,6,8
It was a control panel.,It was an advisory panel.,panel,panel,Different Sense,0.07936149835586548,21,0.8,6,6,0,405334016,EleutherAI/pythia-410m,step8,seed6,6,8
It was a control panel.,It was an advisory panel.,panel,panel,Different Sense,0.0770907998085022,22,0.8,6,6,0,405334016,EleutherAI/pythia-410m,step8,seed6,6,8
It was a control panel.,It was an advisory panel.,panel,panel,Different Sense,0.07437443733215332,23,0.8,6,6,0,405334016,EleutherAI/pythia-410m,step8,seed6,6,8
It was a control panel.,It was an advisory panel.,panel,panel,Different Sense,0.0733335018157959,24,0.8,6,6,0,405334016,EleutherAI/pythia-410m,step8,seed6,6,8
It was a control panel.,It was a consumer panel.,panel,panel,Different Sense,0.0,0,1.222222222,6,6,0,405334016,EleutherAI/pythia-410m,step8,seed6,6,8
It was a control panel.,It was a consumer panel.,panel,panel,Different Sense,0.02055370807647705,1,1.222222222,6,6,0,405334016,EleutherAI/pythia-410m,step8,seed6,6,8
It was a control panel.,It was a consumer panel.,panel,panel,Different Sense,0.03080040216445923,2,1.222222222,6,6,0,405334016,EleutherAI/pythia-410m,step8,seed6,6,8
It was a control panel.,It was a consumer panel.,panel,panel,Different Sense,0.03658246994018555,3,1.222222222,6,6,0,405334016,EleutherAI/pythia-410m,step8,seed6,6,8
It was a control panel.,It was a consumer panel.,panel,panel,Different Sense,0.03928709030151367,4,1.222222222,6,6,0,405334016,EleutherAI/pythia-410m,step8,seed6,6,8
It was a control panel.,It was a consumer panel.,panel,panel,Different Sense,0.0437922477722168,5,1.222222222,6,6,0,405334016,EleutherAI/pythia-410m,step8,seed6,6,8
It was a control panel.,It was a consumer panel.,panel,panel,Different Sense,0.045465290546417236,6,1.222222222,6,6,0,405334016,EleutherAI/pythia-410m,step8,seed6,6,8
It was a control panel.,It was a consumer panel.,panel,panel,Different Sense,0.043642520904541016,7,1.222222222,6,6,0,405334016,EleutherAI/pythia-410m,step8,seed6,6,8
It was a control panel.,It was a consumer panel.,panel,panel,Different Sense,0.04216128587722778,8,1.222222222,6,6,0,405334016,EleutherAI/pythia-410m,step8,seed6,6,8
It was a control panel.,It was a consumer panel.,panel,panel,Different Sense,0.040975332260131836,9,1.222222222,6,6,0,405334016,EleutherAI/pythia-410m,step8,seed6,6,8
It was a control panel.,It was a consumer panel.,panel,panel,Different Sense,0.03988450765609741,10,1.222222222,6,6,0,405334016,EleutherAI/pythia-410m,step8,seed6,6,8
It was a control panel.,It was a consumer panel.,panel,panel,Different Sense,0.039528489112854004,11,1.222222222,6,6,0,405334016,EleutherAI/pythia-410m,step8,seed6,6,8
It was a control panel.,It was a consumer panel.,panel,panel,Different Sense,0.040159761905670166,12,1.222222222,6,6,0,405334016,EleutherAI/pythia-410m,step8,seed6,6,8
It was a control panel.,It was a consumer panel.,panel,panel,Different Sense,0.03864806890487671,13,1.222222222,6,6,0,405334016,EleutherAI/pythia-410m,step8,seed6,6,8
It was a control panel.,It was a consumer panel.,panel,panel,Different Sense,0.038887083530426025,14,1.222222222,6,6,0,405334016,EleutherAI/pythia-410m,step8,seed6,6,8
It was a control panel.,It was a consumer panel.,panel,panel,Different Sense,0.038736581802368164,15,1.222222222,6,6,0,405334016,EleutherAI/pythia-410m,step8,seed6,6,8
It was a control panel.,It was a consumer panel.,panel,panel,Different Sense,0.0387568473815918,16,1.222222222,6,6,0,405334016,EleutherAI/pythia-410m,step8,seed6,6,8
It was a control panel.,It was a consumer panel.,panel,panel,Different Sense,0.03848755359649658,17,1.222222222,6,6,0,405334016,EleutherAI/pythia-410m,step8,seed6,6,8
It was a control panel.,It was a consumer panel.,panel,panel,Different Sense,0.037478506565093994,18,1.222222222,6,6,0,405334016,EleutherAI/pythia-410m,step8,seed6,6,8
It was a control panel.,It was a consumer panel.,panel,panel,Different Sense,0.03713226318359375,19,1.222222222,6,6,0,405334016,EleutherAI/pythia-410m,step8,seed6,6,8
It was a control panel.,It was a consumer panel.,panel,panel,Different Sense,0.03599131107330322,20,1.222222222,6,6,0,405334016,EleutherAI/pythia-410m,step8,seed6,6,8
It was a control panel.,It was a consumer panel.,panel,panel,Different Sense,0.0361599326133728,21,1.222222222,6,6,0,405334016,EleutherAI/pythia-410m,step8,seed6,6,8
It was a control panel.,It was a consumer panel.,panel,panel,Different Sense,0.034671783447265625,22,1.222222222,6,6,0,405334016,EleutherAI/pythia-410m,step8,seed6,6,8
It was a control panel.,It was a consumer panel.,panel,panel,Different Sense,0.032740771770477295,23,1.222222222,6,6,0,405334016,EleutherAI/pythia-410m,step8,seed6,6,8
It was a control panel.,It was a consumer panel.,panel,panel,Different Sense,0.031653404235839844,24,1.222222222,6,6,0,405334016,EleutherAI/pythia-410m,step8,seed6,6,8
It was an instrument panel.,It was an advisory panel.,panel,panel,Different Sense,0.0,0,1.5,6,6,0,405334016,EleutherAI/pythia-410m,step8,seed6,6,8
It was an instrument panel.,It was an advisory panel.,panel,panel,Different Sense,0.02296656370162964,1,1.5,6,6,0,405334016,EleutherAI/pythia-410m,step8,seed6,6,8
It was an instrument panel.,It was an advisory panel.,panel,panel,Different Sense,0.029952287673950195,2,1.5,6,6,0,405334016,EleutherAI/pythia-410m,step8,seed6,6,8
It was an instrument panel.,It was an advisory panel.,panel,panel,Different Sense,0.03411215543746948,3,1.5,6,6,0,405334016,EleutherAI/pythia-410m,step8,seed6,6,8
It was an instrument panel.,It was an advisory panel.,panel,panel,Different Sense,0.03477823734283447,4,1.5,6,6,0,405334016,EleutherAI/pythia-410m,step8,seed6,6,8
It was an instrument panel.,It was an advisory panel.,panel,panel,Different Sense,0.03743171691894531,5,1.5,6,6,0,405334016,EleutherAI/pythia-410m,step8,seed6,6,8
It was an instrument panel.,It was an advisory panel.,panel,panel,Different Sense,0.03784054517745972,6,1.5,6,6,0,405334016,EleutherAI/pythia-410m,step8,seed6,6,8
It was an instrument panel.,It was an advisory panel.,panel,panel,Different Sense,0.037880778312683105,7,1.5,6,6,0,405334016,EleutherAI/pythia-410m,step8,seed6,6,8
It was an instrument panel.,It was an advisory panel.,panel,panel,Different Sense,0.037055373191833496,8,1.5,6,6,0,405334016,EleutherAI/pythia-410m,step8,seed6,6,8
It was an instrument panel.,It was an advisory panel.,panel,panel,Different Sense,0.0358431339263916,9,1.5,6,6,0,405334016,EleutherAI/pythia-410m,step8,seed6,6,8
It was an instrument panel.,It was an advisory panel.,panel,panel,Different Sense,0.03478884696960449,10,1.5,6,6,0,405334016,EleutherAI/pythia-410m,step8,seed6,6,8
It was an instrument panel.,It was an advisory panel.,panel,panel,Different Sense,0.034395456314086914,11,1.5,6,6,0,405334016,EleutherAI/pythia-410m,step8,seed6,6,8
It was an instrument panel.,It was an advisory panel.,panel,panel,Different Sense,0.03501063585281372,12,1.5,6,6,0,405334016,EleutherAI/pythia-410m,step8,seed6,6,8
It was an instrument panel.,It was an advisory panel.,panel,panel,Different Sense,0.03461354970932007,13,1.5,6,6,0,405334016,EleutherAI/pythia-410m,step8,seed6,6,8
It was an instrument panel.,It was an advisory panel.,panel,panel,Different Sense,0.033767759799957275,14,1.5,6,6,0,405334016,EleutherAI/pythia-410m,step8,seed6,6,8
It was an instrument panel.,It was an advisory panel.,panel,panel,Different Sense,0.03433018922805786,15,1.5,6,6,0,405334016,EleutherAI/pythia-410m,step8,seed6,6,8
It was an instrument panel.,It was an advisory panel.,panel,panel,Different Sense,0.03391653299331665,16,1.5,6,6,0,405334016,EleutherAI/pythia-410m,step8,seed6,6,8
It was an instrument panel.,It was an advisory panel.,panel,panel,Different Sense,0.03545737266540527,17,1.5,6,6,0,405334016,EleutherAI/pythia-410m,step8,seed6,6,8
It was an instrument panel.,It was an advisory panel.,panel,panel,Different Sense,0.03591948747634888,18,1.5,6,6,0,405334016,EleutherAI/pythia-410m,step8,seed6,6,8
It was an instrument panel.,It was an advisory panel.,panel,panel,Different Sense,0.03615516424179077,19,1.5,6,6,0,405334016,EleutherAI/pythia-410m,step8,seed6,6,8
It was an instrument panel.,It was an advisory panel.,panel,panel,Different Sense,0.03608602285385132,20,1.5,6,6,0,405334016,EleutherAI/pythia-410m,step8,seed6,6,8
It was an instrument panel.,It was an advisory panel.,panel,panel,Different Sense,0.03612661361694336,21,1.5,6,6,0,405334016,EleutherAI/pythia-410m,step8,seed6,6,8
It was an instrument panel.,It was an advisory panel.,panel,panel,Different Sense,0.03503084182739258,22,1.5,6,6,0,405334016,EleutherAI/pythia-410m,step8,seed6,6,8
It was an instrument panel.,It was an advisory panel.,panel,panel,Different Sense,0.0337565541267395,23,1.5,6,6,0,405334016,EleutherAI/pythia-410m,step8,seed6,6,8
It was an instrument panel.,It was an advisory panel.,panel,panel,Different Sense,0.03311872482299805,24,1.5,6,6,0,405334016,EleutherAI/pythia-410m,step8,seed6,6,8
It was an instrument panel.,It was a consumer panel.,panel,panel,Different Sense,0.0,0,1.076923077,6,6,0,405334016,EleutherAI/pythia-410m,step8,seed6,6,8
It was an instrument panel.,It was a consumer panel.,panel,panel,Different Sense,0.044847309589385986,1,1.076923077,6,6,0,405334016,EleutherAI/pythia-410m,step8,seed6,6,8
It was an instrument panel.,It was a consumer panel.,panel,panel,Different Sense,0.06294786930084229,2,1.076923077,6,6,0,405334016,EleutherAI/pythia-410m,step8,seed6,6,8
It was an instrument panel.,It was a consumer panel.,panel,panel,Different Sense,0.07102882862091064,3,1.076923077,6,6,0,405334016,EleutherAI/pythia-410m,step8,seed6,6,8
It was an instrument panel.,It was a consumer panel.,panel,panel,Different Sense,0.07168018817901611,4,1.076923077,6,6,0,405334016,EleutherAI/pythia-410m,step8,seed6,6,8
It was an instrument panel.,It was a consumer panel.,panel,panel,Different Sense,0.07576477527618408,5,1.076923077,6,6,0,405334016,EleutherAI/pythia-410m,step8,seed6,6,8
It was an instrument panel.,It was a consumer panel.,panel,panel,Different Sense,0.08028441667556763,6,1.076923077,6,6,0,405334016,EleutherAI/pythia-410m,step8,seed6,6,8
It was an instrument panel.,It was a consumer panel.,panel,panel,Different Sense,0.08265680074691772,7,1.076923077,6,6,0,405334016,EleutherAI/pythia-410m,step8,seed6,6,8
It was an instrument panel.,It was a consumer panel.,panel,panel,Different Sense,0.0821237564086914,8,1.076923077,6,6,0,405334016,EleutherAI/pythia-410m,step8,seed6,6,8
It was an instrument panel.,It was a consumer panel.,panel,panel,Different Sense,0.07994627952575684,9,1.076923077,6,6,0,405334016,EleutherAI/pythia-410m,step8,seed6,6,8
It was an instrument panel.,It was a consumer panel.,panel,panel,Different Sense,0.08361512422561646,10,1.076923077,6,6,0,405334016,EleutherAI/pythia-410m,step8,seed6,6,8
It was an instrument panel.,It was a consumer panel.,panel,panel,Different Sense,0.0809251070022583,11,1.076923077,6,6,0,405334016,EleutherAI/pythia-410m,step8,seed6,6,8
It was an instrument panel.,It was a consumer panel.,panel,panel,Different Sense,0.08103114366531372,12,1.076923077,6,6,0,405334016,EleutherAI/pythia-410m,step8,seed6,6,8
It was an instrument panel.,It was a consumer panel.,panel,panel,Different Sense,0.07988971471786499,13,1.076923077,6,6,0,405334016,EleutherAI/pythia-410m,step8,seed6,6,8
It was an instrument panel.,It was a consumer panel.,panel,panel,Different Sense,0.07773202657699585,14,1.076923077,6,6,0,405334016,EleutherAI/pythia-410m,step8,seed6,6,8
It was an instrument panel.,It was a consumer panel.,panel,panel,Different Sense,0.07721465826034546,15,1.076923077,6,6,0,405334016,EleutherAI/pythia-410m,step8,seed6,6,8
It was an instrument panel.,It was a consumer panel.,panel,panel,Different Sense,0.07551980018615723,16,1.076923077,6,6,0,405334016,EleutherAI/pythia-410m,step8,seed6,6,8
It was an instrument panel.,It was a consumer panel.,panel,panel,Different Sense,0.07550835609436035,17,1.076923077,6,6,0,405334016,EleutherAI/pythia-410m,step8,seed6,6,8
It was an instrument panel.,It was a consumer panel.,panel,panel,Different Sense,0.07270753383636475,18,1.076923077,6,6,0,405334016,EleutherAI/pythia-410m,step8,seed6,6,8
It was an instrument panel.,It was a consumer panel.,panel,panel,Different Sense,0.07083261013031006,19,1.076923077,6,6,0,405334016,EleutherAI/pythia-410m,step8,seed6,6,8
It was an instrument panel.,It was a consumer panel.,panel,panel,Different Sense,0.07053714990615845,20,1.076923077,6,6,0,405334016,EleutherAI/pythia-410m,step8,seed6,6,8
It was an instrument panel.,It was a consumer panel.,panel,panel,Different Sense,0.07071709632873535,21,1.076923077,6,6,0,405334016,EleutherAI/pythia-410m,step8,seed6,6,8
It was an instrument panel.,It was a consumer panel.,panel,panel,Different Sense,0.06812542676925659,22,1.076923077,6,6,0,405334016,EleutherAI/pythia-410m,step8,seed6,6,8
It was an instrument panel.,It was a consumer panel.,panel,panel,Different Sense,0.06645071506500244,23,1.076923077,6,6,0,405334016,EleutherAI/pythia-410m,step8,seed6,6,8
It was an instrument panel.,It was a consumer panel.,panel,panel,Different Sense,0.06403017044067383,24,1.076923077,6,6,0,405334016,EleutherAI/pythia-410m,step8,seed6,6,8
It was a control panel.,It was an instrument panel.,panel,panel,Same Sense,0.0,0,1.8,6,6,0,405334016,EleutherAI/pythia-410m,step8,seed6,6,8
It was a control panel.,It was an instrument panel.,panel,panel,Same Sense,0.04351818561553955,1,1.8,6,6,0,405334016,EleutherAI/pythia-410m,step8,seed6,6,8
It was a control panel.,It was an instrument panel.,panel,panel,Same Sense,0.06264525651931763,2,1.8,6,6,0,405334016,EleutherAI/pythia-410m,step8,seed6,6,8
It was a control panel.,It was an instrument panel.,panel,panel,Same Sense,0.07447373867034912,3,1.8,6,6,0,405334016,EleutherAI/pythia-410m,step8,seed6,6,8
It was a control panel.,It was an instrument panel.,panel,panel,Same Sense,0.07981503009796143,4,1.8,6,6,0,405334016,EleutherAI/pythia-410m,step8,seed6,6,8
It was a control panel.,It was an instrument panel.,panel,panel,Same Sense,0.08511549234390259,5,1.8,6,6,0,405334016,EleutherAI/pythia-410m,step8,seed6,6,8
It was a control panel.,It was an instrument panel.,panel,panel,Same Sense,0.08640855550765991,6,1.8,6,6,0,405334016,EleutherAI/pythia-410m,step8,seed6,6,8
It was a control panel.,It was an instrument panel.,panel,panel,Same Sense,0.08679819107055664,7,1.8,6,6,0,405334016,EleutherAI/pythia-410m,step8,seed6,6,8
It was a control panel.,It was an instrument panel.,panel,panel,Same Sense,0.08702254295349121,8,1.8,6,6,0,405334016,EleutherAI/pythia-410m,step8,seed6,6,8
It was a control panel.,It was an instrument panel.,panel,panel,Same Sense,0.0864076018333435,9,1.8,6,6,0,405334016,EleutherAI/pythia-410m,step8,seed6,6,8
It was a control panel.,It was an instrument panel.,panel,panel,Same Sense,0.09261035919189453,10,1.8,6,6,0,405334016,EleutherAI/pythia-410m,step8,seed6,6,8
It was a control panel.,It was an instrument panel.,panel,panel,Same Sense,0.0896679162979126,11,1.8,6,6,0,405334016,EleutherAI/pythia-410m,step8,seed6,6,8
It was a control panel.,It was an instrument panel.,panel,panel,Same Sense,0.09119802713394165,12,1.8,6,6,0,405334016,EleutherAI/pythia-410m,step8,seed6,6,8
It was a control panel.,It was an instrument panel.,panel,panel,Same Sense,0.08789682388305664,13,1.8,6,6,0,405334016,EleutherAI/pythia-410m,step8,seed6,6,8
It was a control panel.,It was an instrument panel.,panel,panel,Same Sense,0.0850973129272461,14,1.8,6,6,0,405334016,EleutherAI/pythia-410m,step8,seed6,6,8
It was a control panel.,It was an instrument panel.,panel,panel,Same Sense,0.08447498083114624,15,1.8,6,6,0,405334016,EleutherAI/pythia-410m,step8,seed6,6,8
It was a control panel.,It was an instrument panel.,panel,panel,Same Sense,0.0826452374458313,16,1.8,6,6,0,405334016,EleutherAI/pythia-410m,step8,seed6,6,8
It was a control panel.,It was an instrument panel.,panel,panel,Same Sense,0.08397835493087769,17,1.8,6,6,0,405334016,EleutherAI/pythia-410m,step8,seed6,6,8
It was a control panel.,It was an instrument panel.,panel,panel,Same Sense,0.08397567272186279,18,1.8,6,6,0,405334016,EleutherAI/pythia-410m,step8,seed6,6,8
It was a control panel.,It was an instrument panel.,panel,panel,Same Sense,0.08221429586410522,19,1.8,6,6,0,405334016,EleutherAI/pythia-410m,step8,seed6,6,8
It was a control panel.,It was an instrument panel.,panel,panel,Same Sense,0.08073258399963379,20,1.8,6,6,0,405334016,EleutherAI/pythia-410m,step8,seed6,6,8
It was a control panel.,It was an instrument panel.,panel,panel,Same Sense,0.08108699321746826,21,1.8,6,6,0,405334016,EleutherAI/pythia-410m,step8,seed6,6,8
It was a control panel.,It was an instrument panel.,panel,panel,Same Sense,0.07829463481903076,22,1.8,6,6,0,405334016,EleutherAI/pythia-410m,step8,seed6,6,8
It was a control panel.,It was an instrument panel.,panel,panel,Same Sense,0.07635563611984253,23,1.8,6,6,0,405334016,EleutherAI/pythia-410m,step8,seed6,6,8
It was a control panel.,It was an instrument panel.,panel,panel,Same Sense,0.07428508996963501,24,1.8,6,6,0,405334016,EleutherAI/pythia-410m,step8,seed6,6,8
It was an advisory panel.,It was a consumer panel.,panel,panel,Same Sense,0.0,0,3.0,6,6,0,405334016,EleutherAI/pythia-410m,step8,seed6,6,8
It was an advisory panel.,It was a consumer panel.,panel,panel,Same Sense,0.037621915340423584,1,3.0,6,6,0,405334016,EleutherAI/pythia-410m,step8,seed6,6,8
It was an advisory panel.,It was a consumer panel.,panel,panel,Same Sense,0.061922311782836914,2,3.0,6,6,0,405334016,EleutherAI/pythia-410m,step8,seed6,6,8
It was an advisory panel.,It was a consumer panel.,panel,panel,Same Sense,0.07076984643936157,3,3.0,6,6,0,405334016,EleutherAI/pythia-410m,step8,seed6,6,8
It was an advisory panel.,It was a consumer panel.,panel,panel,Same Sense,0.07585430145263672,4,3.0,6,6,0,405334016,EleutherAI/pythia-410m,step8,seed6,6,8
It was an advisory panel.,It was a consumer panel.,panel,panel,Same Sense,0.08013743162155151,5,3.0,6,6,0,405334016,EleutherAI/pythia-410m,step8,seed6,6,8
It was an advisory panel.,It was a consumer panel.,panel,panel,Same Sense,0.08360093832015991,6,3.0,6,6,0,405334016,EleutherAI/pythia-410m,step8,seed6,6,8
It was an advisory panel.,It was a consumer panel.,panel,panel,Same Sense,0.08414328098297119,7,3.0,6,6,0,405334016,EleutherAI/pythia-410m,step8,seed6,6,8
It was an advisory panel.,It was a consumer panel.,panel,panel,Same Sense,0.08306258916854858,8,3.0,6,6,0,405334016,EleutherAI/pythia-410m,step8,seed6,6,8
It was an advisory panel.,It was a consumer panel.,panel,panel,Same Sense,0.08208942413330078,9,3.0,6,6,0,405334016,EleutherAI/pythia-410m,step8,seed6,6,8
It was an advisory panel.,It was a consumer panel.,panel,panel,Same Sense,0.08350616693496704,10,3.0,6,6,0,405334016,EleutherAI/pythia-410m,step8,seed6,6,8
It was an advisory panel.,It was a consumer panel.,panel,panel,Same Sense,0.08179062604904175,11,3.0,6,6,0,405334016,EleutherAI/pythia-410m,step8,seed6,6,8
It was an advisory panel.,It was a consumer panel.,panel,panel,Same Sense,0.08346551656723022,12,3.0,6,6,0,405334016,EleutherAI/pythia-410m,step8,seed6,6,8
It was an advisory panel.,It was a consumer panel.,panel,panel,Same Sense,0.08109301328659058,13,3.0,6,6,0,405334016,EleutherAI/pythia-410m,step8,seed6,6,8
It was an advisory panel.,It was a consumer panel.,panel,panel,Same Sense,0.08006811141967773,14,3.0,6,6,0,405334016,EleutherAI/pythia-410m,step8,seed6,6,8
It was an advisory panel.,It was a consumer panel.,panel,panel,Same Sense,0.07985877990722656,15,3.0,6,6,0,405334016,EleutherAI/pythia-410m,step8,seed6,6,8
It was an advisory panel.,It was a consumer panel.,panel,panel,Same Sense,0.07924312353134155,16,3.0,6,6,0,405334016,EleutherAI/pythia-410m,step8,seed6,6,8
It was an advisory panel.,It was a consumer panel.,panel,panel,Same Sense,0.07930856943130493,17,3.0,6,6,0,405334016,EleutherAI/pythia-410m,step8,seed6,6,8
It was an advisory panel.,It was a consumer panel.,panel,panel,Same Sense,0.07764917612075806,18,3.0,6,6,0,405334016,EleutherAI/pythia-410m,step8,seed6,6,8
It was an advisory panel.,It was a consumer panel.,panel,panel,Same Sense,0.07639771699905396,19,3.0,6,6,0,405334016,EleutherAI/pythia-410m,step8,seed6,6,8
It was an advisory panel.,It was a consumer panel.,panel,panel,Same Sense,0.07451528310775757,20,3.0,6,6,0,405334016,EleutherAI/pythia-410m,step8,seed6,6,8
It was an advisory panel.,It was a consumer panel.,panel,panel,Same Sense,0.07371532917022705,21,3.0,6,6,0,405334016,EleutherAI/pythia-410m,step8,seed6,6,8
It was an advisory panel.,It was a consumer panel.,panel,panel,Same Sense,0.07143867015838623,22,3.0,6,6,0,405334016,EleutherAI/pythia-410m,step8,seed6,6,8
It was an advisory panel.,It was a consumer panel.,panel,panel,Same Sense,0.06897276639938354,23,3.0,6,6,0,405334016,EleutherAI/pythia-410m,step8,seed6,6,8
It was an advisory panel.,It was a consumer panel.,panel,panel,Same Sense,0.06772345304489136,24,3.0,6,6,0,405334016,EleutherAI/pythia-410m,step8,seed6,6,8
It was a secret passage.,It was a literary passage.,passage,passage,Different Sense,0.0,0,0.1,6,6,0,405334016,EleutherAI/pythia-410m,step8,seed6,6,8
It was a secret passage.,It was a literary passage.,passage,passage,Different Sense,0.020188629627227783,1,0.1,6,6,0,405334016,EleutherAI/pythia-410m,step8,seed6,6,8
It was a secret passage.,It was a literary passage.,passage,passage,Different Sense,0.028385043144226074,2,0.1,6,6,0,405334016,EleutherAI/pythia-410m,step8,seed6,6,8
It was a secret passage.,It was a literary passage.,passage,passage,Different Sense,0.031818389892578125,3,0.1,6,6,0,405334016,EleutherAI/pythia-410m,step8,seed6,6,8
It was a secret passage.,It was a literary passage.,passage,passage,Different Sense,0.03337830305099487,4,0.1,6,6,0,405334016,EleutherAI/pythia-410m,step8,seed6,6,8
It was a secret passage.,It was a literary passage.,passage,passage,Different Sense,0.03463536500930786,5,0.1,6,6,0,405334016,EleutherAI/pythia-410m,step8,seed6,6,8
It was a secret passage.,It was a literary passage.,passage,passage,Different Sense,0.034259796142578125,6,0.1,6,6,0,405334016,EleutherAI/pythia-410m,step8,seed6,6,8
It was a secret passage.,It was a literary passage.,passage,passage,Different Sense,0.03486412763595581,7,0.1,6,6,0,405334016,EleutherAI/pythia-410m,step8,seed6,6,8
It was a secret passage.,It was a literary passage.,passage,passage,Different Sense,0.033081769943237305,8,0.1,6,6,0,405334016,EleutherAI/pythia-410m,step8,seed6,6,8
It was a secret passage.,It was a literary passage.,passage,passage,Different Sense,0.03446072340011597,9,0.1,6,6,0,405334016,EleutherAI/pythia-410m,step8,seed6,6,8
It was a secret passage.,It was a literary passage.,passage,passage,Different Sense,0.032929062843322754,10,0.1,6,6,0,405334016,EleutherAI/pythia-410m,step8,seed6,6,8
It was a secret passage.,It was a literary passage.,passage,passage,Different Sense,0.0348515510559082,11,0.1,6,6,0,405334016,EleutherAI/pythia-410m,step8,seed6,6,8
It was a secret passage.,It was a literary passage.,passage,passage,Different Sense,0.03489506244659424,12,0.1,6,6,0,405334016,EleutherAI/pythia-410m,step8,seed6,6,8
It was a secret passage.,It was a literary passage.,passage,passage,Different Sense,0.03469365835189819,13,0.1,6,6,0,405334016,EleutherAI/pythia-410m,step8,seed6,6,8
It was a secret passage.,It was a literary passage.,passage,passage,Different Sense,0.034619152545928955,14,0.1,6,6,0,405334016,EleutherAI/pythia-410m,step8,seed6,6,8
It was a secret passage.,It was a literary passage.,passage,passage,Different Sense,0.03432261943817139,15,0.1,6,6,0,405334016,EleutherAI/pythia-410m,step8,seed6,6,8
It was a secret passage.,It was a literary passage.,passage,passage,Different Sense,0.03413945436477661,16,0.1,6,6,0,405334016,EleutherAI/pythia-410m,step8,seed6,6,8
It was a secret passage.,It was a literary passage.,passage,passage,Different Sense,0.03393542766571045,17,0.1,6,6,0,405334016,EleutherAI/pythia-410m,step8,seed6,6,8
It was a secret passage.,It was a literary passage.,passage,passage,Different Sense,0.033134639263153076,18,0.1,6,6,0,405334016,EleutherAI/pythia-410m,step8,seed6,6,8
It was a secret passage.,It was a literary passage.,passage,passage,Different Sense,0.03258424997329712,19,0.1,6,6,0,405334016,EleutherAI/pythia-410m,step8,seed6,6,8
It was a secret passage.,It was a literary passage.,passage,passage,Different Sense,0.031937599182128906,20,0.1,6,6,0,405334016,EleutherAI/pythia-410m,step8,seed6,6,8
It was a secret passage.,It was a literary passage.,passage,passage,Different Sense,0.03214377164840698,21,0.1,6,6,0,405334016,EleutherAI/pythia-410m,step8,seed6,6,8
It was a secret passage.,It was a literary passage.,passage,passage,Different Sense,0.030018329620361328,22,0.1,6,6,0,405334016,EleutherAI/pythia-410m,step8,seed6,6,8
It was a secret passage.,It was a literary passage.,passage,passage,Different Sense,0.02967977523803711,23,0.1,6,6,0,405334016,EleutherAI/pythia-410m,step8,seed6,6,8
It was a secret passage.,It was a literary passage.,passage,passage,Different Sense,0.029638350009918213,24,0.1,6,6,0,405334016,EleutherAI/pythia-410m,step8,seed6,6,8
It was a secret passage.,It was a biblical passage.,passage,passage,Different Sense,0.0,0,0.428571429,6,6,0,405334016,EleutherAI/pythia-410m,step8,seed6,6,8
It was a secret passage.,It was a biblical passage.,passage,passage,Different Sense,0.021222472190856934,1,0.428571429,6,6,0,405334016,EleutherAI/pythia-410m,step8,seed6,6,8
It was a secret passage.,It was a biblical passage.,passage,passage,Different Sense,0.02980726957321167,2,0.428571429,6,6,0,405334016,EleutherAI/pythia-410m,step8,seed6,6,8
It was a secret passage.,It was a biblical passage.,passage,passage,Different Sense,0.03385770320892334,3,0.428571429,6,6,0,405334016,EleutherAI/pythia-410m,step8,seed6,6,8
It was a secret passage.,It was a biblical passage.,passage,passage,Different Sense,0.03640967607498169,4,0.428571429,6,6,0,405334016,EleutherAI/pythia-410m,step8,seed6,6,8
It was a secret passage.,It was a biblical passage.,passage,passage,Different Sense,0.0379297137260437,5,0.428571429,6,6,0,405334016,EleutherAI/pythia-410m,step8,seed6,6,8
It was a secret passage.,It was a biblical passage.,passage,passage,Different Sense,0.03972482681274414,6,0.428571429,6,6,0,405334016,EleutherAI/pythia-410m,step8,seed6,6,8
It was a secret passage.,It was a biblical passage.,passage,passage,Different Sense,0.039366722106933594,7,0.428571429,6,6,0,405334016,EleutherAI/pythia-410m,step8,seed6,6,8
It was a secret passage.,It was a biblical passage.,passage,passage,Different Sense,0.04036068916320801,8,0.428571429,6,6,0,405334016,EleutherAI/pythia-410m,step8,seed6,6,8
It was a secret passage.,It was a biblical passage.,passage,passage,Different Sense,0.04177534580230713,9,0.428571429,6,6,0,405334016,EleutherAI/pythia-410m,step8,seed6,6,8
It was a secret passage.,It was a biblical passage.,passage,passage,Different Sense,0.04071497917175293,10,0.428571429,6,6,0,405334016,EleutherAI/pythia-410m,step8,seed6,6,8
It was a secret passage.,It was a biblical passage.,passage,passage,Different Sense,0.0404660701751709,11,0.428571429,6,6,0,405334016,EleutherAI/pythia-410m,step8,seed6,6,8
It was a secret passage.,It was a biblical passage.,passage,passage,Different Sense,0.03950577974319458,12,0.428571429,6,6,0,405334016,EleutherAI/pythia-410m,step8,seed6,6,8
It was a secret passage.,It was a biblical passage.,passage,passage,Different Sense,0.03777247667312622,13,0.428571429,6,6,0,405334016,EleutherAI/pythia-410m,step8,seed6,6,8
It was a secret passage.,It was a biblical passage.,passage,passage,Different Sense,0.037123143672943115,14,0.428571429,6,6,0,405334016,EleutherAI/pythia-410m,step8,seed6,6,8
It was a secret passage.,It was a biblical passage.,passage,passage,Different Sense,0.03638195991516113,15,0.428571429,6,6,0,405334016,EleutherAI/pythia-410m,step8,seed6,6,8
It was a secret passage.,It was a biblical passage.,passage,passage,Different Sense,0.03597986698150635,16,0.428571429,6,6,0,405334016,EleutherAI/pythia-410m,step8,seed6,6,8
It was a secret passage.,It was a biblical passage.,passage,passage,Different Sense,0.03503870964050293,17,0.428571429,6,6,0,405334016,EleutherAI/pythia-410m,step8,seed6,6,8
It was a secret passage.,It was a biblical passage.,passage,passage,Different Sense,0.03517162799835205,18,0.428571429,6,6,0,405334016,EleutherAI/pythia-410m,step8,seed6,6,8
It was a secret passage.,It was a biblical passage.,passage,passage,Different Sense,0.035354673862457275,19,0.428571429,6,6,0,405334016,EleutherAI/pythia-410m,step8,seed6,6,8
It was a secret passage.,It was a biblical passage.,passage,passage,Different Sense,0.03397601842880249,20,0.428571429,6,6,0,405334016,EleutherAI/pythia-410m,step8,seed6,6,8
It was a secret passage.,It was a biblical passage.,passage,passage,Different Sense,0.03468656539916992,21,0.428571429,6,6,0,405334016,EleutherAI/pythia-410m,step8,seed6,6,8
It was a secret passage.,It was a biblical passage.,passage,passage,Different Sense,0.03228902816772461,22,0.428571429,6,6,0,405334016,EleutherAI/pythia-410m,step8,seed6,6,8
It was a secret passage.,It was a biblical passage.,passage,passage,Different Sense,0.03100264072418213,23,0.428571429,6,6,0,405334016,EleutherAI/pythia-410m,step8,seed6,6,8
It was a secret passage.,It was a biblical passage.,passage,passage,Different Sense,0.031061530113220215,24,0.428571429,6,6,0,405334016,EleutherAI/pythia-410m,step8,seed6,6,8
It was a narrow passage.,It was a literary passage.,passage,passage,Different Sense,0.0,0,0.888888889,6,6,0,405334016,EleutherAI/pythia-410m,step8,seed6,6,8
It was a narrow passage.,It was a literary passage.,passage,passage,Different Sense,0.02153569459915161,1,0.888888889,6,6,0,405334016,EleutherAI/pythia-410m,step8,seed6,6,8
It was a narrow passage.,It was a literary passage.,passage,passage,Different Sense,0.03308612108230591,2,0.888888889,6,6,0,405334016,EleutherAI/pythia-410m,step8,seed6,6,8
It was a narrow passage.,It was a literary passage.,passage,passage,Different Sense,0.03693199157714844,3,0.888888889,6,6,0,405334016,EleutherAI/pythia-410m,step8,seed6,6,8
It was a narrow passage.,It was a literary passage.,passage,passage,Different Sense,0.03939884901046753,4,0.888888889,6,6,0,405334016,EleutherAI/pythia-410m,step8,seed6,6,8
It was a narrow passage.,It was a literary passage.,passage,passage,Different Sense,0.03892415761947632,5,0.888888889,6,6,0,405334016,EleutherAI/pythia-410m,step8,seed6,6,8
It was a narrow passage.,It was a literary passage.,passage,passage,Different Sense,0.037847936153411865,6,0.888888889,6,6,0,405334016,EleutherAI/pythia-410m,step8,seed6,6,8
It was a narrow passage.,It was a literary passage.,passage,passage,Different Sense,0.03745800256729126,7,0.888888889,6,6,0,405334016,EleutherAI/pythia-410m,step8,seed6,6,8
It was a narrow passage.,It was a literary passage.,passage,passage,Different Sense,0.03637099266052246,8,0.888888889,6,6,0,405334016,EleutherAI/pythia-410m,step8,seed6,6,8
It was a narrow passage.,It was a literary passage.,passage,passage,Different Sense,0.03787320852279663,9,0.888888889,6,6,0,405334016,EleutherAI/pythia-410m,step8,seed6,6,8
It was a narrow passage.,It was a literary passage.,passage,passage,Different Sense,0.03806871175765991,10,0.888888889,6,6,0,405334016,EleutherAI/pythia-410m,step8,seed6,6,8
It was a narrow passage.,It was a literary passage.,passage,passage,Different Sense,0.037883639335632324,11,0.888888889,6,6,0,405334016,EleutherAI/pythia-410m,step8,seed6,6,8
It was a narrow passage.,It was a literary passage.,passage,passage,Different Sense,0.03828597068786621,12,0.888888889,6,6,0,405334016,EleutherAI/pythia-410m,step8,seed6,6,8
It was a narrow passage.,It was a literary passage.,passage,passage,Different Sense,0.03737360239028931,13,0.888888889,6,6,0,405334016,EleutherAI/pythia-410m,step8,seed6,6,8
It was a narrow passage.,It was a literary passage.,passage,passage,Different Sense,0.03702187538146973,14,0.888888889,6,6,0,405334016,EleutherAI/pythia-410m,step8,seed6,6,8
It was a narrow passage.,It was a literary passage.,passage,passage,Different Sense,0.03670907020568848,15,0.888888889,6,6,0,405334016,EleutherAI/pythia-410m,step8,seed6,6,8
It was a narrow passage.,It was a literary passage.,passage,passage,Different Sense,0.03685140609741211,16,0.888888889,6,6,0,405334016,EleutherAI/pythia-410m,step8,seed6,6,8
It was a narrow passage.,It was a literary passage.,passage,passage,Different Sense,0.03607308864593506,17,0.888888889,6,6,0,405334016,EleutherAI/pythia-410m,step8,seed6,6,8
It was a narrow passage.,It was a literary passage.,passage,passage,Different Sense,0.03541147708892822,18,0.888888889,6,6,0,405334016,EleutherAI/pythia-410m,step8,seed6,6,8
It was a narrow passage.,It was a literary passage.,passage,passage,Different Sense,0.034563541412353516,19,0.888888889,6,6,0,405334016,EleutherAI/pythia-410m,step8,seed6,6,8
It was a narrow passage.,It was a literary passage.,passage,passage,Different Sense,0.034380435943603516,20,0.888888889,6,6,0,405334016,EleutherAI/pythia-410m,step8,seed6,6,8
It was a narrow passage.,It was a literary passage.,passage,passage,Different Sense,0.034226417541503906,21,0.888888889,6,6,0,405334016,EleutherAI/pythia-410m,step8,seed6,6,8
It was a narrow passage.,It was a literary passage.,passage,passage,Different Sense,0.03241854906082153,22,0.888888889,6,6,0,405334016,EleutherAI/pythia-410m,step8,seed6,6,8
It was a narrow passage.,It was a literary passage.,passage,passage,Different Sense,0.03123420476913452,23,0.888888889,6,6,0,405334016,EleutherAI/pythia-410m,step8,seed6,6,8
It was a narrow passage.,It was a literary passage.,passage,passage,Different Sense,0.031223833560943604,24,0.888888889,6,6,0,405334016,EleutherAI/pythia-410m,step8,seed6,6,8
It was a narrow passage.,It was a biblical passage.,passage,passage,Different Sense,0.0,0,0.230769231,6,6,0,405334016,EleutherAI/pythia-410m,step8,seed6,6,8
It was a narrow passage.,It was a biblical passage.,passage,passage,Different Sense,0.022715449333190918,1,0.230769231,6,6,0,405334016,EleutherAI/pythia-410m,step8,seed6,6,8
It was a narrow passage.,It was a biblical passage.,passage,passage,Different Sense,0.03334641456604004,2,0.230769231,6,6,0,405334016,EleutherAI/pythia-410m,step8,seed6,6,8
It was a narrow passage.,It was a biblical passage.,passage,passage,Different Sense,0.037416934967041016,3,0.230769231,6,6,0,405334016,EleutherAI/pythia-410m,step8,seed6,6,8
It was a narrow passage.,It was a biblical passage.,passage,passage,Different Sense,0.039258718490600586,4,0.230769231,6,6,0,405334016,EleutherAI/pythia-410m,step8,seed6,6,8
It was a narrow passage.,It was a biblical passage.,passage,passage,Different Sense,0.03998851776123047,5,0.230769231,6,6,0,405334016,EleutherAI/pythia-410m,step8,seed6,6,8
It was a narrow passage.,It was a biblical passage.,passage,passage,Different Sense,0.04104429483413696,6,0.230769231,6,6,0,405334016,EleutherAI/pythia-410m,step8,seed6,6,8
It was a narrow passage.,It was a biblical passage.,passage,passage,Different Sense,0.039306640625,7,0.230769231,6,6,0,405334016,EleutherAI/pythia-410m,step8,seed6,6,8
It was a narrow passage.,It was a biblical passage.,passage,passage,Different Sense,0.03949862718582153,8,0.230769231,6,6,0,405334016,EleutherAI/pythia-410m,step8,seed6,6,8
It was a narrow passage.,It was a biblical passage.,passage,passage,Different Sense,0.0401729941368103,9,0.230769231,6,6,0,405334016,EleutherAI/pythia-410m,step8,seed6,6,8
It was a narrow passage.,It was a biblical passage.,passage,passage,Different Sense,0.040275514125823975,10,0.230769231,6,6,0,405334016,EleutherAI/pythia-410m,step8,seed6,6,8
It was a narrow passage.,It was a biblical passage.,passage,passage,Different Sense,0.04064321517944336,11,0.230769231,6,6,0,405334016,EleutherAI/pythia-410m,step8,seed6,6,8
It was a narrow passage.,It was a biblical passage.,passage,passage,Different Sense,0.040782272815704346,12,0.230769231,6,6,0,405334016,EleutherAI/pythia-410m,step8,seed6,6,8
It was a narrow passage.,It was a biblical passage.,passage,passage,Different Sense,0.03953462839126587,13,0.230769231,6,6,0,405334016,EleutherAI/pythia-410m,step8,seed6,6,8
It was a narrow passage.,It was a biblical passage.,passage,passage,Different Sense,0.03846687078475952,14,0.230769231,6,6,0,405334016,EleutherAI/pythia-410m,step8,seed6,6,8
It was a narrow passage.,It was a biblical passage.,passage,passage,Different Sense,0.0379520058631897,15,0.230769231,6,6,0,405334016,EleutherAI/pythia-410m,step8,seed6,6,8
It was a narrow passage.,It was a biblical passage.,passage,passage,Different Sense,0.03763771057128906,16,0.230769231,6,6,0,405334016,EleutherAI/pythia-410m,step8,seed6,6,8
It was a narrow passage.,It was a biblical passage.,passage,passage,Different Sense,0.03763192892074585,17,0.230769231,6,6,0,405334016,EleutherAI/pythia-410m,step8,seed6,6,8
It was a narrow passage.,It was a biblical passage.,passage,passage,Different Sense,0.03773432970046997,18,0.230769231,6,6,0,405334016,EleutherAI/pythia-410m,step8,seed6,6,8
It was a narrow passage.,It was a biblical passage.,passage,passage,Different Sense,0.03673487901687622,19,0.230769231,6,6,0,405334016,EleutherAI/pythia-410m,step8,seed6,6,8
It was a narrow passage.,It was a biblical passage.,passage,passage,Different Sense,0.03648251295089722,20,0.230769231,6,6,0,405334016,EleutherAI/pythia-410m,step8,seed6,6,8
It was a narrow passage.,It was a biblical passage.,passage,passage,Different Sense,0.03660309314727783,21,0.230769231,6,6,0,405334016,EleutherAI/pythia-410m,step8,seed6,6,8
It was a narrow passage.,It was a biblical passage.,passage,passage,Different Sense,0.034225404262542725,22,0.230769231,6,6,0,405334016,EleutherAI/pythia-410m,step8,seed6,6,8
It was a narrow passage.,It was a biblical passage.,passage,passage,Different Sense,0.03288829326629639,23,0.230769231,6,6,0,405334016,EleutherAI/pythia-410m,step8,seed6,6,8
It was a narrow passage.,It was a biblical passage.,passage,passage,Different Sense,0.032745420932769775,24,0.230769231,6,6,0,405334016,EleutherAI/pythia-410m,step8,seed6,6,8
It was a secret passage.,It was a narrow passage.,passage,passage,Same Sense,0.0,0,3.692307692,6,6,0,405334016,EleutherAI/pythia-410m,step8,seed6,6,8
It was a secret passage.,It was a narrow passage.,passage,passage,Same Sense,0.023665189743041992,1,3.692307692,6,6,0,405334016,EleutherAI/pythia-410m,step8,seed6,6,8
It was a secret passage.,It was a narrow passage.,passage,passage,Same Sense,0.03193771839141846,2,3.692307692,6,6,0,405334016,EleutherAI/pythia-410m,step8,seed6,6,8
It was a secret passage.,It was a narrow passage.,passage,passage,Same Sense,0.03707230091094971,3,3.692307692,6,6,0,405334016,EleutherAI/pythia-410m,step8,seed6,6,8
It was a secret passage.,It was a narrow passage.,passage,passage,Same Sense,0.039147138595581055,4,3.692307692,6,6,0,405334016,EleutherAI/pythia-410m,step8,seed6,6,8
It was a secret passage.,It was a narrow passage.,passage,passage,Same Sense,0.03755289316177368,5,3.692307692,6,6,0,405334016,EleutherAI/pythia-410m,step8,seed6,6,8
It was a secret passage.,It was a narrow passage.,passage,passage,Same Sense,0.03754240274429321,6,3.692307692,6,6,0,405334016,EleutherAI/pythia-410m,step8,seed6,6,8
It was a secret passage.,It was a narrow passage.,passage,passage,Same Sense,0.0366092324256897,7,3.692307692,6,6,0,405334016,EleutherAI/pythia-410m,step8,seed6,6,8
It was a secret passage.,It was a narrow passage.,passage,passage,Same Sense,0.036801934242248535,8,3.692307692,6,6,0,405334016,EleutherAI/pythia-410m,step8,seed6,6,8
It was a secret passage.,It was a narrow passage.,passage,passage,Same Sense,0.03778499364852905,9,3.692307692,6,6,0,405334016,EleutherAI/pythia-410m,step8,seed6,6,8
It was a secret passage.,It was a narrow passage.,passage,passage,Same Sense,0.037511348724365234,10,3.692307692,6,6,0,405334016,EleutherAI/pythia-410m,step8,seed6,6,8
It was a secret passage.,It was a narrow passage.,passage,passage,Same Sense,0.03987300395965576,11,3.692307692,6,6,0,405334016,EleutherAI/pythia-410m,step8,seed6,6,8
It was a secret passage.,It was a narrow passage.,passage,passage,Same Sense,0.03982722759246826,12,3.692307692,6,6,0,405334016,EleutherAI/pythia-410m,step8,seed6,6,8
It was a secret passage.,It was a narrow passage.,passage,passage,Same Sense,0.03829348087310791,13,3.692307692,6,6,0,405334016,EleutherAI/pythia-410m,step8,seed6,6,8
It was a secret passage.,It was a narrow passage.,passage,passage,Same Sense,0.03827476501464844,14,3.692307692,6,6,0,405334016,EleutherAI/pythia-410m,step8,seed6,6,8
It was a secret passage.,It was a narrow passage.,passage,passage,Same Sense,0.037407875061035156,15,3.692307692,6,6,0,405334016,EleutherAI/pythia-410m,step8,seed6,6,8
It was a secret passage.,It was a narrow passage.,passage,passage,Same Sense,0.03733724355697632,16,3.692307692,6,6,0,405334016,EleutherAI/pythia-410m,step8,seed6,6,8
It was a secret passage.,It was a narrow passage.,passage,passage,Same Sense,0.03720897436141968,17,3.692307692,6,6,0,405334016,EleutherAI/pythia-410m,step8,seed6,6,8
It was a secret passage.,It was a narrow passage.,passage,passage,Same Sense,0.03653740882873535,18,3.692307692,6,6,0,405334016,EleutherAI/pythia-410m,step8,seed6,6,8
It was a secret passage.,It was a narrow passage.,passage,passage,Same Sense,0.03543400764465332,19,3.692307692,6,6,0,405334016,EleutherAI/pythia-410m,step8,seed6,6,8
It was a secret passage.,It was a narrow passage.,passage,passage,Same Sense,0.0348624587059021,20,3.692307692,6,6,0,405334016,EleutherAI/pythia-410m,step8,seed6,6,8
It was a secret passage.,It was a narrow passage.,passage,passage,Same Sense,0.03480881452560425,21,3.692307692,6,6,0,405334016,EleutherAI/pythia-410m,step8,seed6,6,8
It was a secret passage.,It was a narrow passage.,passage,passage,Same Sense,0.03222590684890747,22,3.692307692,6,6,0,405334016,EleutherAI/pythia-410m,step8,seed6,6,8
It was a secret passage.,It was a narrow passage.,passage,passage,Same Sense,0.031041979789733887,23,3.692307692,6,6,0,405334016,EleutherAI/pythia-410m,step8,seed6,6,8
It was a secret passage.,It was a narrow passage.,passage,passage,Same Sense,0.030980467796325684,24,3.692307692,6,6,0,405334016,EleutherAI/pythia-410m,step8,seed6,6,8
It was a literary passage.,It was a biblical passage.,passage,passage,Same Sense,0.0,0,3.611111111,6,6,0,405334016,EleutherAI/pythia-410m,step8,seed6,6,8
It was a literary passage.,It was a biblical passage.,passage,passage,Same Sense,0.02168262004852295,1,3.611111111,6,6,0,405334016,EleutherAI/pythia-410m,step8,seed6,6,8
It was a literary passage.,It was a biblical passage.,passage,passage,Same Sense,0.035465359687805176,2,3.611111111,6,6,0,405334016,EleutherAI/pythia-410m,step8,seed6,6,8
It was a literary passage.,It was a biblical passage.,passage,passage,Same Sense,0.039532244205474854,3,3.611111111,6,6,0,405334016,EleutherAI/pythia-410m,step8,seed6,6,8
It was a literary passage.,It was a biblical passage.,passage,passage,Same Sense,0.04115074872970581,4,3.611111111,6,6,0,405334016,EleutherAI/pythia-410m,step8,seed6,6,8
It was a literary passage.,It was a biblical passage.,passage,passage,Same Sense,0.04353219270706177,5,3.611111111,6,6,0,405334016,EleutherAI/pythia-410m,step8,seed6,6,8
It was a literary passage.,It was a biblical passage.,passage,passage,Same Sense,0.043047428131103516,6,3.611111111,6,6,0,405334016,EleutherAI/pythia-410m,step8,seed6,6,8
It was a literary passage.,It was a biblical passage.,passage,passage,Same Sense,0.041888535022735596,7,3.611111111,6,6,0,405334016,EleutherAI/pythia-410m,step8,seed6,6,8
It was a literary passage.,It was a biblical passage.,passage,passage,Same Sense,0.04167497158050537,8,3.611111111,6,6,0,405334016,EleutherAI/pythia-410m,step8,seed6,6,8
It was a literary passage.,It was a biblical passage.,passage,passage,Same Sense,0.04226893186569214,9,3.611111111,6,6,0,405334016,EleutherAI/pythia-410m,step8,seed6,6,8
It was a literary passage.,It was a biblical passage.,passage,passage,Same Sense,0.04231292009353638,10,3.611111111,6,6,0,405334016,EleutherAI/pythia-410m,step8,seed6,6,8
It was a literary passage.,It was a biblical passage.,passage,passage,Same Sense,0.04366821050643921,11,3.611111111,6,6,0,405334016,EleutherAI/pythia-410m,step8,seed6,6,8
It was a literary passage.,It was a biblical passage.,passage,passage,Same Sense,0.043669700622558594,12,3.611111111,6,6,0,405334016,EleutherAI/pythia-410m,step8,seed6,6,8
It was a literary passage.,It was a biblical passage.,passage,passage,Same Sense,0.0414389967918396,13,3.611111111,6,6,0,405334016,EleutherAI/pythia-410m,step8,seed6,6,8
It was a literary passage.,It was a biblical passage.,passage,passage,Same Sense,0.04090374708175659,14,3.611111111,6,6,0,405334016,EleutherAI/pythia-410m,step8,seed6,6,8
It was a literary passage.,It was a biblical passage.,passage,passage,Same Sense,0.0407717227935791,15,3.611111111,6,6,0,405334016,EleutherAI/pythia-410m,step8,seed6,6,8
It was a literary passage.,It was a biblical passage.,passage,passage,Same Sense,0.04008609056472778,16,3.611111111,6,6,0,405334016,EleutherAI/pythia-410m,step8,seed6,6,8
It was a literary passage.,It was a biblical passage.,passage,passage,Same Sense,0.039382100105285645,17,3.611111111,6,6,0,405334016,EleutherAI/pythia-410m,step8,seed6,6,8
It was a literary passage.,It was a biblical passage.,passage,passage,Same Sense,0.039011359214782715,18,3.611111111,6,6,0,405334016,EleutherAI/pythia-410m,step8,seed6,6,8
It was a literary passage.,It was a biblical passage.,passage,passage,Same Sense,0.03778761625289917,19,3.611111111,6,6,0,405334016,EleutherAI/pythia-410m,step8,seed6,6,8
It was a literary passage.,It was a biblical passage.,passage,passage,Same Sense,0.03742969036102295,20,3.611111111,6,6,0,405334016,EleutherAI/pythia-410m,step8,seed6,6,8
It was a literary passage.,It was a biblical passage.,passage,passage,Same Sense,0.037930965423583984,21,3.611111111,6,6,0,405334016,EleutherAI/pythia-410m,step8,seed6,6,8
It was a literary passage.,It was a biblical passage.,passage,passage,Same Sense,0.03576767444610596,22,3.611111111,6,6,0,405334016,EleutherAI/pythia-410m,step8,seed6,6,8
It was a literary passage.,It was a biblical passage.,passage,passage,Same Sense,0.034895896911621094,23,3.611111111,6,6,0,405334016,EleutherAI/pythia-410m,step8,seed6,6,8
It was a literary passage.,It was a biblical passage.,passage,passage,Same Sense,0.03484928607940674,24,3.611111111,6,6,0,405334016,EleutherAI/pythia-410m,step8,seed6,6,8
It was a tasty perch.,It was a lofty perch.,perch,perch,Different Sense,0.0,0,0.666666667,7,8,1,405334016,EleutherAI/pythia-410m,step8,seed6,6,8
It was a tasty perch.,It was a lofty perch.,perch,perch,Different Sense,0.03897690773010254,1,0.666666667,7,8,1,405334016,EleutherAI/pythia-410m,step8,seed6,6,8
It was a tasty perch.,It was a lofty perch.,perch,perch,Different Sense,0.04824560880661011,2,0.666666667,7,8,1,405334016,EleutherAI/pythia-410m,step8,seed6,6,8
It was a tasty perch.,It was a lofty perch.,perch,perch,Different Sense,0.05192220211029053,3,0.666666667,7,8,1,405334016,EleutherAI/pythia-410m,step8,seed6,6,8
It was a tasty perch.,It was a lofty perch.,perch,perch,Different Sense,0.052154719829559326,4,0.666666667,7,8,1,405334016,EleutherAI/pythia-410m,step8,seed6,6,8
It was a tasty perch.,It was a lofty perch.,perch,perch,Different Sense,0.05397254228591919,5,0.666666667,7,8,1,405334016,EleutherAI/pythia-410m,step8,seed6,6,8
It was a tasty perch.,It was a lofty perch.,perch,perch,Different Sense,0.053922832012176514,6,0.666666667,7,8,1,405334016,EleutherAI/pythia-410m,step8,seed6,6,8
It was a tasty perch.,It was a lofty perch.,perch,perch,Different Sense,0.05185723304748535,7,0.666666667,7,8,1,405334016,EleutherAI/pythia-410m,step8,seed6,6,8
It was a tasty perch.,It was a lofty perch.,perch,perch,Different Sense,0.052524685859680176,8,0.666666667,7,8,1,405334016,EleutherAI/pythia-410m,step8,seed6,6,8
It was a tasty perch.,It was a lofty perch.,perch,perch,Different Sense,0.05195271968841553,9,0.666666667,7,8,1,405334016,EleutherAI/pythia-410m,step8,seed6,6,8
It was a tasty perch.,It was a lofty perch.,perch,perch,Different Sense,0.05020308494567871,10,0.666666667,7,8,1,405334016,EleutherAI/pythia-410m,step8,seed6,6,8
It was a tasty perch.,It was a lofty perch.,perch,perch,Different Sense,0.049498677253723145,11,0.666666667,7,8,1,405334016,EleutherAI/pythia-410m,step8,seed6,6,8
It was a tasty perch.,It was a lofty perch.,perch,perch,Different Sense,0.04924970865249634,12,0.666666667,7,8,1,405334016,EleutherAI/pythia-410m,step8,seed6,6,8
It was a tasty perch.,It was a lofty perch.,perch,perch,Different Sense,0.04833567142486572,13,0.666666667,7,8,1,405334016,EleutherAI/pythia-410m,step8,seed6,6,8
It was a tasty perch.,It was a lofty perch.,perch,perch,Different Sense,0.04537683725357056,14,0.666666667,7,8,1,405334016,EleutherAI/pythia-410m,step8,seed6,6,8
It was a tasty perch.,It was a lofty perch.,perch,perch,Different Sense,0.04488497972488403,15,0.666666667,7,8,1,405334016,EleutherAI/pythia-410m,step8,seed6,6,8
It was a tasty perch.,It was a lofty perch.,perch,perch,Different Sense,0.04390406608581543,16,0.666666667,7,8,1,405334016,EleutherAI/pythia-410m,step8,seed6,6,8
It was a tasty perch.,It was a lofty perch.,perch,perch,Different Sense,0.04193532466888428,17,0.666666667,7,8,1,405334016,EleutherAI/pythia-410m,step8,seed6,6,8
It was a tasty perch.,It was a lofty perch.,perch,perch,Different Sense,0.04104280471801758,18,0.666666667,7,8,1,405334016,EleutherAI/pythia-410m,step8,seed6,6,8
It was a tasty perch.,It was a lofty perch.,perch,perch,Different Sense,0.039848387241363525,19,0.666666667,7,8,1,405334016,EleutherAI/pythia-410m,step8,seed6,6,8
It was a tasty perch.,It was a lofty perch.,perch,perch,Different Sense,0.03851652145385742,20,0.666666667,7,8,1,405334016,EleutherAI/pythia-410m,step8,seed6,6,8
It was a tasty perch.,It was a lofty perch.,perch,perch,Different Sense,0.03806746006011963,21,0.666666667,7,8,1,405334016,EleutherAI/pythia-410m,step8,seed6,6,8
It was a tasty perch.,It was a lofty perch.,perch,perch,Different Sense,0.03671807050704956,22,0.666666667,7,8,1,405334016,EleutherAI/pythia-410m,step8,seed6,6,8
It was a tasty perch.,It was a lofty perch.,perch,perch,Different Sense,0.03566771745681763,23,0.666666667,7,8,1,405334016,EleutherAI/pythia-410m,step8,seed6,6,8
It was a tasty perch.,It was a lofty perch.,perch,perch,Different Sense,0.03472542762756348,24,0.666666667,7,8,1,405334016,EleutherAI/pythia-410m,step8,seed6,6,8
It was a tasty perch.,It was a secure perch.,perch,perch,Different Sense,0.0,0,0.6,7,7,0,405334016,EleutherAI/pythia-410m,step8,seed6,6,8
It was a tasty perch.,It was a secure perch.,perch,perch,Different Sense,0.0329740047454834,1,0.6,7,7,0,405334016,EleutherAI/pythia-410m,step8,seed6,6,8
It was a tasty perch.,It was a secure perch.,perch,perch,Different Sense,0.04218637943267822,2,0.6,7,7,0,405334016,EleutherAI/pythia-410m,step8,seed6,6,8
It was a tasty perch.,It was a secure perch.,perch,perch,Different Sense,0.04535490274429321,3,0.6,7,7,0,405334016,EleutherAI/pythia-410m,step8,seed6,6,8
It was a tasty perch.,It was a secure perch.,perch,perch,Different Sense,0.04637640714645386,4,0.6,7,7,0,405334016,EleutherAI/pythia-410m,step8,seed6,6,8
It was a tasty perch.,It was a secure perch.,perch,perch,Different Sense,0.047468602657318115,5,0.6,7,7,0,405334016,EleutherAI/pythia-410m,step8,seed6,6,8
It was a tasty perch.,It was a secure perch.,perch,perch,Different Sense,0.04497867822647095,6,0.6,7,7,0,405334016,EleutherAI/pythia-410m,step8,seed6,6,8
It was a tasty perch.,It was a secure perch.,perch,perch,Different Sense,0.041942298412323,7,0.6,7,7,0,405334016,EleutherAI/pythia-410m,step8,seed6,6,8
It was a tasty perch.,It was a secure perch.,perch,perch,Different Sense,0.04176706075668335,8,0.6,7,7,0,405334016,EleutherAI/pythia-410m,step8,seed6,6,8
It was a tasty perch.,It was a secure perch.,perch,perch,Different Sense,0.04183286428451538,9,0.6,7,7,0,405334016,EleutherAI/pythia-410m,step8,seed6,6,8
It was a tasty perch.,It was a secure perch.,perch,perch,Different Sense,0.041398465633392334,10,0.6,7,7,0,405334016,EleutherAI/pythia-410m,step8,seed6,6,8
It was a tasty perch.,It was a secure perch.,perch,perch,Different Sense,0.039620935916900635,11,0.6,7,7,0,405334016,EleutherAI/pythia-410m,step8,seed6,6,8
It was a tasty perch.,It was a secure perch.,perch,perch,Different Sense,0.0380588173866272,12,0.6,7,7,0,405334016,EleutherAI/pythia-410m,step8,seed6,6,8
It was a tasty perch.,It was a secure perch.,perch,perch,Different Sense,0.03687173128128052,13,0.6,7,7,0,405334016,EleutherAI/pythia-410m,step8,seed6,6,8
It was a tasty perch.,It was a secure perch.,perch,perch,Different Sense,0.03471726179122925,14,0.6,7,7,0,405334016,EleutherAI/pythia-410m,step8,seed6,6,8
It was a tasty perch.,It was a secure perch.,perch,perch,Different Sense,0.03502243757247925,15,0.6,7,7,0,405334016,EleutherAI/pythia-410m,step8,seed6,6,8
It was a tasty perch.,It was a secure perch.,perch,perch,Different Sense,0.033458054065704346,16,0.6,7,7,0,405334016,EleutherAI/pythia-410m,step8,seed6,6,8
It was a tasty perch.,It was a secure perch.,perch,perch,Different Sense,0.03246420621871948,17,0.6,7,7,0,405334016,EleutherAI/pythia-410m,step8,seed6,6,8
It was a tasty perch.,It was a secure perch.,perch,perch,Different Sense,0.031962454319000244,18,0.6,7,7,0,405334016,EleutherAI/pythia-410m,step8,seed6,6,8
It was a tasty perch.,It was a secure perch.,perch,perch,Different Sense,0.03113609552383423,19,0.6,7,7,0,405334016,EleutherAI/pythia-410m,step8,seed6,6,8
It was a tasty perch.,It was a secure perch.,perch,perch,Different Sense,0.030327260494232178,20,0.6,7,7,0,405334016,EleutherAI/pythia-410m,step8,seed6,6,8
It was a tasty perch.,It was a secure perch.,perch,perch,Different Sense,0.030632972717285156,21,0.6,7,7,0,405334016,EleutherAI/pythia-410m,step8,seed6,6,8
It was a tasty perch.,It was a secure perch.,perch,perch,Different Sense,0.029447078704833984,22,0.6,7,7,0,405334016,EleutherAI/pythia-410m,step8,seed6,6,8
It was a tasty perch.,It was a secure perch.,perch,perch,Different Sense,0.02893298864364624,23,0.6,7,7,0,405334016,EleutherAI/pythia-410m,step8,seed6,6,8
It was a tasty perch.,It was a secure perch.,perch,perch,Different Sense,0.028555989265441895,24,0.6,7,7,0,405334016,EleutherAI/pythia-410m,step8,seed6,6,8
It was a freshwater perch.,It was a lofty perch.,perch,perch,Different Sense,0.0,0,1.3125,7,8,1,405334016,EleutherAI/pythia-410m,step8,seed6,6,8
It was a freshwater perch.,It was a lofty perch.,perch,perch,Different Sense,0.042147696018218994,1,1.3125,7,8,1,405334016,EleutherAI/pythia-410m,step8,seed6,6,8
It was a freshwater perch.,It was a lofty perch.,perch,perch,Different Sense,0.04860907793045044,2,1.3125,7,8,1,405334016,EleutherAI/pythia-410m,step8,seed6,6,8
It was a freshwater perch.,It was a lofty perch.,perch,perch,Different Sense,0.051815688610076904,3,1.3125,7,8,1,405334016,EleutherAI/pythia-410m,step8,seed6,6,8
It was a freshwater perch.,It was a lofty perch.,perch,perch,Different Sense,0.054608285427093506,4,1.3125,7,8,1,405334016,EleutherAI/pythia-410m,step8,seed6,6,8
It was a freshwater perch.,It was a lofty perch.,perch,perch,Different Sense,0.05679738521575928,5,1.3125,7,8,1,405334016,EleutherAI/pythia-410m,step8,seed6,6,8
It was a freshwater perch.,It was a lofty perch.,perch,perch,Different Sense,0.052645087242126465,6,1.3125,7,8,1,405334016,EleutherAI/pythia-410m,step8,seed6,6,8
It was a freshwater perch.,It was a lofty perch.,perch,perch,Different Sense,0.052234113216400146,7,1.3125,7,8,1,405334016,EleutherAI/pythia-410m,step8,seed6,6,8
It was a freshwater perch.,It was a lofty perch.,perch,perch,Different Sense,0.05430865287780762,8,1.3125,7,8,1,405334016,EleutherAI/pythia-410m,step8,seed6,6,8
It was a freshwater perch.,It was a lofty perch.,perch,perch,Different Sense,0.05458414554595947,9,1.3125,7,8,1,405334016,EleutherAI/pythia-410m,step8,seed6,6,8
It was a freshwater perch.,It was a lofty perch.,perch,perch,Different Sense,0.05090600252151489,10,1.3125,7,8,1,405334016,EleutherAI/pythia-410m,step8,seed6,6,8
It was a freshwater perch.,It was a lofty perch.,perch,perch,Different Sense,0.04999184608459473,11,1.3125,7,8,1,405334016,EleutherAI/pythia-410m,step8,seed6,6,8
It was a freshwater perch.,It was a lofty perch.,perch,perch,Different Sense,0.0487140417098999,12,1.3125,7,8,1,405334016,EleutherAI/pythia-410m,step8,seed6,6,8
It was a freshwater perch.,It was a lofty perch.,perch,perch,Different Sense,0.04735982418060303,13,1.3125,7,8,1,405334016,EleutherAI/pythia-410m,step8,seed6,6,8
It was a freshwater perch.,It was a lofty perch.,perch,perch,Different Sense,0.04533475637435913,14,1.3125,7,8,1,405334016,EleutherAI/pythia-410m,step8,seed6,6,8
It was a freshwater perch.,It was a lofty perch.,perch,perch,Different Sense,0.044842422008514404,15,1.3125,7,8,1,405334016,EleutherAI/pythia-410m,step8,seed6,6,8
It was a freshwater perch.,It was a lofty perch.,perch,perch,Different Sense,0.04482966661453247,16,1.3125,7,8,1,405334016,EleutherAI/pythia-410m,step8,seed6,6,8
It was a freshwater perch.,It was a lofty perch.,perch,perch,Different Sense,0.04308450222015381,17,1.3125,7,8,1,405334016,EleutherAI/pythia-410m,step8,seed6,6,8
It was a freshwater perch.,It was a lofty perch.,perch,perch,Different Sense,0.041921913623809814,18,1.3125,7,8,1,405334016,EleutherAI/pythia-410m,step8,seed6,6,8
It was a freshwater perch.,It was a lofty perch.,perch,perch,Different Sense,0.04057949781417847,19,1.3125,7,8,1,405334016,EleutherAI/pythia-410m,step8,seed6,6,8
It was a freshwater perch.,It was a lofty perch.,perch,perch,Different Sense,0.03899216651916504,20,1.3125,7,8,1,405334016,EleutherAI/pythia-410m,step8,seed6,6,8
It was a freshwater perch.,It was a lofty perch.,perch,perch,Different Sense,0.03898286819458008,21,1.3125,7,8,1,405334016,EleutherAI/pythia-410m,step8,seed6,6,8
It was a freshwater perch.,It was a lofty perch.,perch,perch,Different Sense,0.037443339824676514,22,1.3125,7,8,1,405334016,EleutherAI/pythia-410m,step8,seed6,6,8
It was a freshwater perch.,It was a lofty perch.,perch,perch,Different Sense,0.036233484745025635,23,1.3125,7,8,1,405334016,EleutherAI/pythia-410m,step8,seed6,6,8
It was a freshwater perch.,It was a lofty perch.,perch,perch,Different Sense,0.03641587495803833,24,1.3125,7,8,1,405334016,EleutherAI/pythia-410m,step8,seed6,6,8
It was a freshwater perch.,It was a secure perch.,perch,perch,Different Sense,0.0,0,1.666666667,7,7,0,405334016,EleutherAI/pythia-410m,step8,seed6,6,8
It was a freshwater perch.,It was a secure perch.,perch,perch,Different Sense,0.03440374135971069,1,1.666666667,7,7,0,405334016,EleutherAI/pythia-410m,step8,seed6,6,8
It was a freshwater perch.,It was a secure perch.,perch,perch,Different Sense,0.04419863224029541,2,1.666666667,7,7,0,405334016,EleutherAI/pythia-410m,step8,seed6,6,8
It was a freshwater perch.,It was a secure perch.,perch,perch,Different Sense,0.047928810119628906,3,1.666666667,7,7,0,405334016,EleutherAI/pythia-410m,step8,seed6,6,8
It was a freshwater perch.,It was a secure perch.,perch,perch,Different Sense,0.04953545331954956,4,1.666666667,7,7,0,405334016,EleutherAI/pythia-410m,step8,seed6,6,8
It was a freshwater perch.,It was a secure perch.,perch,perch,Different Sense,0.049407958984375,5,1.666666667,7,7,0,405334016,EleutherAI/pythia-410m,step8,seed6,6,8
It was a freshwater perch.,It was a secure perch.,perch,perch,Different Sense,0.04570800065994263,6,1.666666667,7,7,0,405334016,EleutherAI/pythia-410m,step8,seed6,6,8
It was a freshwater perch.,It was a secure perch.,perch,perch,Different Sense,0.04444682598114014,7,1.666666667,7,7,0,405334016,EleutherAI/pythia-410m,step8,seed6,6,8
It was a freshwater perch.,It was a secure perch.,perch,perch,Different Sense,0.04524528980255127,8,1.666666667,7,7,0,405334016,EleutherAI/pythia-410m,step8,seed6,6,8
It was a freshwater perch.,It was a secure perch.,perch,perch,Different Sense,0.04607868194580078,9,1.666666667,7,7,0,405334016,EleutherAI/pythia-410m,step8,seed6,6,8
It was a freshwater perch.,It was a secure perch.,perch,perch,Different Sense,0.046267807483673096,10,1.666666667,7,7,0,405334016,EleutherAI/pythia-410m,step8,seed6,6,8
It was a freshwater perch.,It was a secure perch.,perch,perch,Different Sense,0.045023560523986816,11,1.666666667,7,7,0,405334016,EleutherAI/pythia-410m,step8,seed6,6,8
It was a freshwater perch.,It was a secure perch.,perch,perch,Different Sense,0.04386371374130249,12,1.666666667,7,7,0,405334016,EleutherAI/pythia-410m,step8,seed6,6,8
It was a freshwater perch.,It was a secure perch.,perch,perch,Different Sense,0.042557358741760254,13,1.666666667,7,7,0,405334016,EleutherAI/pythia-410m,step8,seed6,6,8
It was a freshwater perch.,It was a secure perch.,perch,perch,Different Sense,0.04183053970336914,14,1.666666667,7,7,0,405334016,EleutherAI/pythia-410m,step8,seed6,6,8
It was a freshwater perch.,It was a secure perch.,perch,perch,Different Sense,0.042634010314941406,15,1.666666667,7,7,0,405334016,EleutherAI/pythia-410m,step8,seed6,6,8
It was a freshwater perch.,It was a secure perch.,perch,perch,Different Sense,0.0409584641456604,16,1.666666667,7,7,0,405334016,EleutherAI/pythia-410m,step8,seed6,6,8
It was a freshwater perch.,It was a secure perch.,perch,perch,Different Sense,0.03953075408935547,17,1.666666667,7,7,0,405334016,EleutherAI/pythia-410m,step8,seed6,6,8
It was a freshwater perch.,It was a secure perch.,perch,perch,Different Sense,0.03946560621261597,18,1.666666667,7,7,0,405334016,EleutherAI/pythia-410m,step8,seed6,6,8
It was a freshwater perch.,It was a secure perch.,perch,perch,Different Sense,0.03856116533279419,19,1.666666667,7,7,0,405334016,EleutherAI/pythia-410m,step8,seed6,6,8
It was a freshwater perch.,It was a secure perch.,perch,perch,Different Sense,0.0379338264465332,20,1.666666667,7,7,0,405334016,EleutherAI/pythia-410m,step8,seed6,6,8
It was a freshwater perch.,It was a secure perch.,perch,perch,Different Sense,0.038221120834350586,21,1.666666667,7,7,0,405334016,EleutherAI/pythia-410m,step8,seed6,6,8
It was a freshwater perch.,It was a secure perch.,perch,perch,Different Sense,0.036469221115112305,22,1.666666667,7,7,0,405334016,EleutherAI/pythia-410m,step8,seed6,6,8
It was a freshwater perch.,It was a secure perch.,perch,perch,Different Sense,0.03544062376022339,23,1.666666667,7,7,0,405334016,EleutherAI/pythia-410m,step8,seed6,6,8
It was a freshwater perch.,It was a secure perch.,perch,perch,Different Sense,0.03529047966003418,24,1.666666667,7,7,0,405334016,EleutherAI/pythia-410m,step8,seed6,6,8
It was a tasty perch.,It was a freshwater perch.,perch,perch,Same Sense,0.0,0,2.25,7,7,0,405334016,EleutherAI/pythia-410m,step8,seed6,6,8
It was a tasty perch.,It was a freshwater perch.,perch,perch,Same Sense,0.03438347578048706,1,2.25,7,7,0,405334016,EleutherAI/pythia-410m,step8,seed6,6,8
It was a tasty perch.,It was a freshwater perch.,perch,perch,Same Sense,0.0415346622467041,2,2.25,7,7,0,405334016,EleutherAI/pythia-410m,step8,seed6,6,8
It was a tasty perch.,It was a freshwater perch.,perch,perch,Same Sense,0.041027843952178955,3,2.25,7,7,0,405334016,EleutherAI/pythia-410m,step8,seed6,6,8
It was a tasty perch.,It was a freshwater perch.,perch,perch,Same Sense,0.03911775350570679,4,2.25,7,7,0,405334016,EleutherAI/pythia-410m,step8,seed6,6,8
It was a tasty perch.,It was a freshwater perch.,perch,perch,Same Sense,0.04045307636260986,5,2.25,7,7,0,405334016,EleutherAI/pythia-410m,step8,seed6,6,8
It was a tasty perch.,It was a freshwater perch.,perch,perch,Same Sense,0.03802609443664551,6,2.25,7,7,0,405334016,EleutherAI/pythia-410m,step8,seed6,6,8
It was a tasty perch.,It was a freshwater perch.,perch,perch,Same Sense,0.03769177198410034,7,2.25,7,7,0,405334016,EleutherAI/pythia-410m,step8,seed6,6,8
It was a tasty perch.,It was a freshwater perch.,perch,perch,Same Sense,0.03822213411331177,8,2.25,7,7,0,405334016,EleutherAI/pythia-410m,step8,seed6,6,8
It was a tasty perch.,It was a freshwater perch.,perch,perch,Same Sense,0.03806501626968384,9,2.25,7,7,0,405334016,EleutherAI/pythia-410m,step8,seed6,6,8
It was a tasty perch.,It was a freshwater perch.,perch,perch,Same Sense,0.03722101449966431,10,2.25,7,7,0,405334016,EleutherAI/pythia-410m,step8,seed6,6,8
It was a tasty perch.,It was a freshwater perch.,perch,perch,Same Sense,0.0370255708694458,11,2.25,7,7,0,405334016,EleutherAI/pythia-410m,step8,seed6,6,8
It was a tasty perch.,It was a freshwater perch.,perch,perch,Same Sense,0.035939693450927734,12,2.25,7,7,0,405334016,EleutherAI/pythia-410m,step8,seed6,6,8
It was a tasty perch.,It was a freshwater perch.,perch,perch,Same Sense,0.03407853841781616,13,2.25,7,7,0,405334016,EleutherAI/pythia-410m,step8,seed6,6,8
It was a tasty perch.,It was a freshwater perch.,perch,perch,Same Sense,0.03192991018295288,14,2.25,7,7,0,405334016,EleutherAI/pythia-410m,step8,seed6,6,8
It was a tasty perch.,It was a freshwater perch.,perch,perch,Same Sense,0.03208106756210327,15,2.25,7,7,0,405334016,EleutherAI/pythia-410m,step8,seed6,6,8
It was a tasty perch.,It was a freshwater perch.,perch,perch,Same Sense,0.030714571475982666,16,2.25,7,7,0,405334016,EleutherAI/pythia-410m,step8,seed6,6,8
It was a tasty perch.,It was a freshwater perch.,perch,perch,Same Sense,0.03000539541244507,17,2.25,7,7,0,405334016,EleutherAI/pythia-410m,step8,seed6,6,8
It was a tasty perch.,It was a freshwater perch.,perch,perch,Same Sense,0.02969604730606079,18,2.25,7,7,0,405334016,EleutherAI/pythia-410m,step8,seed6,6,8
It was a tasty perch.,It was a freshwater perch.,perch,perch,Same Sense,0.028177082538604736,19,2.25,7,7,0,405334016,EleutherAI/pythia-410m,step8,seed6,6,8
It was a tasty perch.,It was a freshwater perch.,perch,perch,Same Sense,0.028062403202056885,20,2.25,7,7,0,405334016,EleutherAI/pythia-410m,step8,seed6,6,8
It was a tasty perch.,It was a freshwater perch.,perch,perch,Same Sense,0.028354883193969727,21,2.25,7,7,0,405334016,EleutherAI/pythia-410m,step8,seed6,6,8
It was a tasty perch.,It was a freshwater perch.,perch,perch,Same Sense,0.027007341384887695,22,2.25,7,7,0,405334016,EleutherAI/pythia-410m,step8,seed6,6,8
It was a tasty perch.,It was a freshwater perch.,perch,perch,Same Sense,0.026333272457122803,23,2.25,7,7,0,405334016,EleutherAI/pythia-410m,step8,seed6,6,8
It was a tasty perch.,It was a freshwater perch.,perch,perch,Same Sense,0.026378512382507324,24,2.25,7,7,0,405334016,EleutherAI/pythia-410m,step8,seed6,6,8
It was a lofty perch.,It was a secure perch.,perch,perch,Same Sense,0.0,0,2.5,8,7,1,405334016,EleutherAI/pythia-410m,step8,seed6,6,8
It was a lofty perch.,It was a secure perch.,perch,perch,Same Sense,0.03887122869491577,1,2.5,8,7,1,405334016,EleutherAI/pythia-410m,step8,seed6,6,8
It was a lofty perch.,It was a secure perch.,perch,perch,Same Sense,0.04816544055938721,2,2.5,8,7,1,405334016,EleutherAI/pythia-410m,step8,seed6,6,8
It was a lofty perch.,It was a secure perch.,perch,perch,Same Sense,0.05504274368286133,3,2.5,8,7,1,405334016,EleutherAI/pythia-410m,step8,seed6,6,8
It was a lofty perch.,It was a secure perch.,perch,perch,Same Sense,0.05667674541473389,4,2.5,8,7,1,405334016,EleutherAI/pythia-410m,step8,seed6,6,8
It was a lofty perch.,It was a secure perch.,perch,perch,Same Sense,0.056155383586883545,5,2.5,8,7,1,405334016,EleutherAI/pythia-410m,step8,seed6,6,8
It was a lofty perch.,It was a secure perch.,perch,perch,Same Sense,0.05449831485748291,6,2.5,8,7,1,405334016,EleutherAI/pythia-410m,step8,seed6,6,8
It was a lofty perch.,It was a secure perch.,perch,perch,Same Sense,0.053388357162475586,7,2.5,8,7,1,405334016,EleutherAI/pythia-410m,step8,seed6,6,8
It was a lofty perch.,It was a secure perch.,perch,perch,Same Sense,0.051568567752838135,8,2.5,8,7,1,405334016,EleutherAI/pythia-410m,step8,seed6,6,8
It was a lofty perch.,It was a secure perch.,perch,perch,Same Sense,0.054049909114837646,9,2.5,8,7,1,405334016,EleutherAI/pythia-410m,step8,seed6,6,8
It was a lofty perch.,It was a secure perch.,perch,perch,Same Sense,0.05283713340759277,10,2.5,8,7,1,405334016,EleutherAI/pythia-410m,step8,seed6,6,8
It was a lofty perch.,It was a secure perch.,perch,perch,Same Sense,0.05154329538345337,11,2.5,8,7,1,405334016,EleutherAI/pythia-410m,step8,seed6,6,8
It was a lofty perch.,It was a secure perch.,perch,perch,Same Sense,0.04905378818511963,12,2.5,8,7,1,405334016,EleutherAI/pythia-410m,step8,seed6,6,8
It was a lofty perch.,It was a secure perch.,perch,perch,Same Sense,0.047916948795318604,13,2.5,8,7,1,405334016,EleutherAI/pythia-410m,step8,seed6,6,8
It was a lofty perch.,It was a secure perch.,perch,perch,Same Sense,0.04599529504776001,14,2.5,8,7,1,405334016,EleutherAI/pythia-410m,step8,seed6,6,8
It was a lofty perch.,It was a secure perch.,perch,perch,Same Sense,0.04594528675079346,15,2.5,8,7,1,405334016,EleutherAI/pythia-410m,step8,seed6,6,8
It was a lofty perch.,It was a secure perch.,perch,perch,Same Sense,0.04491925239562988,16,2.5,8,7,1,405334016,EleutherAI/pythia-410m,step8,seed6,6,8
It was a lofty perch.,It was a secure perch.,perch,perch,Same Sense,0.04334676265716553,17,2.5,8,7,1,405334016,EleutherAI/pythia-410m,step8,seed6,6,8
It was a lofty perch.,It was a secure perch.,perch,perch,Same Sense,0.04278385639190674,18,2.5,8,7,1,405334016,EleutherAI/pythia-410m,step8,seed6,6,8
It was a lofty perch.,It was a secure perch.,perch,perch,Same Sense,0.042324602603912354,19,2.5,8,7,1,405334016,EleutherAI/pythia-410m,step8,seed6,6,8
It was a lofty perch.,It was a secure perch.,perch,perch,Same Sense,0.04106581211090088,20,2.5,8,7,1,405334016,EleutherAI/pythia-410m,step8,seed6,6,8
It was a lofty perch.,It was a secure perch.,perch,perch,Same Sense,0.04056370258331299,21,2.5,8,7,1,405334016,EleutherAI/pythia-410m,step8,seed6,6,8
It was a lofty perch.,It was a secure perch.,perch,perch,Same Sense,0.03858447074890137,22,2.5,8,7,1,405334016,EleutherAI/pythia-410m,step8,seed6,6,8
It was a lofty perch.,It was a secure perch.,perch,perch,Same Sense,0.037301838397979736,23,2.5,8,7,1,405334016,EleutherAI/pythia-410m,step8,seed6,6,8
It was a lofty perch.,It was a secure perch.,perch,perch,Same Sense,0.036891400814056396,24,2.5,8,7,1,405334016,EleutherAI/pythia-410m,step8,seed6,6,8
He saw the fast pitcher.,He saw the glass pitcher.,pitcher,pitcher,Different Sense,0.0,0,0.071428571,6,6,0,405334016,EleutherAI/pythia-410m,step8,seed6,6,8
He saw the fast pitcher.,He saw the glass pitcher.,pitcher,pitcher,Different Sense,0.02487117052078247,1,0.071428571,6,6,0,405334016,EleutherAI/pythia-410m,step8,seed6,6,8
He saw the fast pitcher.,He saw the glass pitcher.,pitcher,pitcher,Different Sense,0.03732788562774658,2,0.071428571,6,6,0,405334016,EleutherAI/pythia-410m,step8,seed6,6,8
He saw the fast pitcher.,He saw the glass pitcher.,pitcher,pitcher,Different Sense,0.04107111692428589,3,0.071428571,6,6,0,405334016,EleutherAI/pythia-410m,step8,seed6,6,8
He saw the fast pitcher.,He saw the glass pitcher.,pitcher,pitcher,Different Sense,0.03999817371368408,4,0.071428571,6,6,0,405334016,EleutherAI/pythia-410m,step8,seed6,6,8
He saw the fast pitcher.,He saw the glass pitcher.,pitcher,pitcher,Different Sense,0.04274177551269531,5,0.071428571,6,6,0,405334016,EleutherAI/pythia-410m,step8,seed6,6,8
He saw the fast pitcher.,He saw the glass pitcher.,pitcher,pitcher,Different Sense,0.04180026054382324,6,0.071428571,6,6,0,405334016,EleutherAI/pythia-410m,step8,seed6,6,8
He saw the fast pitcher.,He saw the glass pitcher.,pitcher,pitcher,Different Sense,0.041203975677490234,7,0.071428571,6,6,0,405334016,EleutherAI/pythia-410m,step8,seed6,6,8
He saw the fast pitcher.,He saw the glass pitcher.,pitcher,pitcher,Different Sense,0.04018014669418335,8,0.071428571,6,6,0,405334016,EleutherAI/pythia-410m,step8,seed6,6,8
He saw the fast pitcher.,He saw the glass pitcher.,pitcher,pitcher,Different Sense,0.03947913646697998,9,0.071428571,6,6,0,405334016,EleutherAI/pythia-410m,step8,seed6,6,8
He saw the fast pitcher.,He saw the glass pitcher.,pitcher,pitcher,Different Sense,0.038666486740112305,10,0.071428571,6,6,0,405334016,EleutherAI/pythia-410m,step8,seed6,6,8
He saw the fast pitcher.,He saw the glass pitcher.,pitcher,pitcher,Different Sense,0.036765456199645996,11,0.071428571,6,6,0,405334016,EleutherAI/pythia-410m,step8,seed6,6,8
He saw the fast pitcher.,He saw the glass pitcher.,pitcher,pitcher,Different Sense,0.03749209642410278,12,0.071428571,6,6,0,405334016,EleutherAI/pythia-410m,step8,seed6,6,8
He saw the fast pitcher.,He saw the glass pitcher.,pitcher,pitcher,Different Sense,0.03676950931549072,13,0.071428571,6,6,0,405334016,EleutherAI/pythia-410m,step8,seed6,6,8
He saw the fast pitcher.,He saw the glass pitcher.,pitcher,pitcher,Different Sense,0.03497368097305298,14,0.071428571,6,6,0,405334016,EleutherAI/pythia-410m,step8,seed6,6,8
He saw the fast pitcher.,He saw the glass pitcher.,pitcher,pitcher,Different Sense,0.03422427177429199,15,0.071428571,6,6,0,405334016,EleutherAI/pythia-410m,step8,seed6,6,8
He saw the fast pitcher.,He saw the glass pitcher.,pitcher,pitcher,Different Sense,0.03319364786148071,16,0.071428571,6,6,0,405334016,EleutherAI/pythia-410m,step8,seed6,6,8
He saw the fast pitcher.,He saw the glass pitcher.,pitcher,pitcher,Different Sense,0.03259408473968506,17,0.071428571,6,6,0,405334016,EleutherAI/pythia-410m,step8,seed6,6,8
He saw the fast pitcher.,He saw the glass pitcher.,pitcher,pitcher,Different Sense,0.03247475624084473,18,0.071428571,6,6,0,405334016,EleutherAI/pythia-410m,step8,seed6,6,8
He saw the fast pitcher.,He saw the glass pitcher.,pitcher,pitcher,Different Sense,0.031989097595214844,19,0.071428571,6,6,0,405334016,EleutherAI/pythia-410m,step8,seed6,6,8
He saw the fast pitcher.,He saw the glass pitcher.,pitcher,pitcher,Different Sense,0.03175550699234009,20,0.071428571,6,6,0,405334016,EleutherAI/pythia-410m,step8,seed6,6,8
He saw the fast pitcher.,He saw the glass pitcher.,pitcher,pitcher,Different Sense,0.032039523124694824,21,0.071428571,6,6,0,405334016,EleutherAI/pythia-410m,step8,seed6,6,8
He saw the fast pitcher.,He saw the glass pitcher.,pitcher,pitcher,Different Sense,0.03143209218978882,22,0.071428571,6,6,0,405334016,EleutherAI/pythia-410m,step8,seed6,6,8
He saw the fast pitcher.,He saw the glass pitcher.,pitcher,pitcher,Different Sense,0.030790507793426514,23,0.071428571,6,6,0,405334016,EleutherAI/pythia-410m,step8,seed6,6,8
He saw the fast pitcher.,He saw the glass pitcher.,pitcher,pitcher,Different Sense,0.030696630477905273,24,0.071428571,6,6,0,405334016,EleutherAI/pythia-410m,step8,seed6,6,8
He saw the fast pitcher.,He saw the plastic pitcher.,pitcher,pitcher,Different Sense,0.0,0,0.307692308,6,6,0,405334016,EleutherAI/pythia-410m,step8,seed6,6,8
He saw the fast pitcher.,He saw the plastic pitcher.,pitcher,pitcher,Different Sense,0.023448467254638672,1,0.307692308,6,6,0,405334016,EleutherAI/pythia-410m,step8,seed6,6,8
He saw the fast pitcher.,He saw the plastic pitcher.,pitcher,pitcher,Different Sense,0.031161069869995117,2,0.307692308,6,6,0,405334016,EleutherAI/pythia-410m,step8,seed6,6,8
He saw the fast pitcher.,He saw the plastic pitcher.,pitcher,pitcher,Different Sense,0.03399163484573364,3,0.307692308,6,6,0,405334016,EleutherAI/pythia-410m,step8,seed6,6,8
He saw the fast pitcher.,He saw the plastic pitcher.,pitcher,pitcher,Different Sense,0.03552663326263428,4,0.307692308,6,6,0,405334016,EleutherAI/pythia-410m,step8,seed6,6,8
He saw the fast pitcher.,He saw the plastic pitcher.,pitcher,pitcher,Different Sense,0.03769463300704956,5,0.307692308,6,6,0,405334016,EleutherAI/pythia-410m,step8,seed6,6,8
He saw the fast pitcher.,He saw the plastic pitcher.,pitcher,pitcher,Different Sense,0.036465227603912354,6,0.307692308,6,6,0,405334016,EleutherAI/pythia-410m,step8,seed6,6,8
He saw the fast pitcher.,He saw the plastic pitcher.,pitcher,pitcher,Different Sense,0.036453187465667725,7,0.307692308,6,6,0,405334016,EleutherAI/pythia-410m,step8,seed6,6,8
He saw the fast pitcher.,He saw the plastic pitcher.,pitcher,pitcher,Different Sense,0.0351298451423645,8,0.307692308,6,6,0,405334016,EleutherAI/pythia-410m,step8,seed6,6,8
He saw the fast pitcher.,He saw the plastic pitcher.,pitcher,pitcher,Different Sense,0.03377056121826172,9,0.307692308,6,6,0,405334016,EleutherAI/pythia-410m,step8,seed6,6,8
He saw the fast pitcher.,He saw the plastic pitcher.,pitcher,pitcher,Different Sense,0.03297680616378784,10,0.307692308,6,6,0,405334016,EleutherAI/pythia-410m,step8,seed6,6,8
He saw the fast pitcher.,He saw the plastic pitcher.,pitcher,pitcher,Different Sense,0.03244084119796753,11,0.307692308,6,6,0,405334016,EleutherAI/pythia-410m,step8,seed6,6,8
He saw the fast pitcher.,He saw the plastic pitcher.,pitcher,pitcher,Different Sense,0.033168911933898926,12,0.307692308,6,6,0,405334016,EleutherAI/pythia-410m,step8,seed6,6,8
He saw the fast pitcher.,He saw the plastic pitcher.,pitcher,pitcher,Different Sense,0.03281182050704956,13,0.307692308,6,6,0,405334016,EleutherAI/pythia-410m,step8,seed6,6,8
He saw the fast pitcher.,He saw the plastic pitcher.,pitcher,pitcher,Different Sense,0.03233617544174194,14,0.307692308,6,6,0,405334016,EleutherAI/pythia-410m,step8,seed6,6,8
He saw the fast pitcher.,He saw the plastic pitcher.,pitcher,pitcher,Different Sense,0.031392455101013184,15,0.307692308,6,6,0,405334016,EleutherAI/pythia-410m,step8,seed6,6,8
He saw the fast pitcher.,He saw the plastic pitcher.,pitcher,pitcher,Different Sense,0.030890941619873047,16,0.307692308,6,6,0,405334016,EleutherAI/pythia-410m,step8,seed6,6,8
He saw the fast pitcher.,He saw the plastic pitcher.,pitcher,pitcher,Different Sense,0.030756235122680664,17,0.307692308,6,6,0,405334016,EleutherAI/pythia-410m,step8,seed6,6,8
He saw the fast pitcher.,He saw the plastic pitcher.,pitcher,pitcher,Different Sense,0.031553447246551514,18,0.307692308,6,6,0,405334016,EleutherAI/pythia-410m,step8,seed6,6,8
He saw the fast pitcher.,He saw the plastic pitcher.,pitcher,pitcher,Different Sense,0.03151094913482666,19,0.307692308,6,6,0,405334016,EleutherAI/pythia-410m,step8,seed6,6,8
He saw the fast pitcher.,He saw the plastic pitcher.,pitcher,pitcher,Different Sense,0.03135567903518677,20,0.307692308,6,6,0,405334016,EleutherAI/pythia-410m,step8,seed6,6,8
He saw the fast pitcher.,He saw the plastic pitcher.,pitcher,pitcher,Different Sense,0.03162705898284912,21,0.307692308,6,6,0,405334016,EleutherAI/pythia-410m,step8,seed6,6,8
He saw the fast pitcher.,He saw the plastic pitcher.,pitcher,pitcher,Different Sense,0.031269729137420654,22,0.307692308,6,6,0,405334016,EleutherAI/pythia-410m,step8,seed6,6,8
He saw the fast pitcher.,He saw the plastic pitcher.,pitcher,pitcher,Different Sense,0.031314849853515625,23,0.307692308,6,6,0,405334016,EleutherAI/pythia-410m,step8,seed6,6,8
He saw the fast pitcher.,He saw the plastic pitcher.,pitcher,pitcher,Different Sense,0.03064030408859253,24,0.307692308,6,6,0,405334016,EleutherAI/pythia-410m,step8,seed6,6,8
He saw the right-handed pitcher.,He saw the glass pitcher.,pitcher,pitcher,Different Sense,0.0,0,0.4,8,6,2,405334016,EleutherAI/pythia-410m,step8,seed6,6,8
He saw the right-handed pitcher.,He saw the glass pitcher.,pitcher,pitcher,Different Sense,0.04397165775299072,1,0.4,8,6,2,405334016,EleutherAI/pythia-410m,step8,seed6,6,8
He saw the right-handed pitcher.,He saw the glass pitcher.,pitcher,pitcher,Different Sense,0.06173872947692871,2,0.4,8,6,2,405334016,EleutherAI/pythia-410m,step8,seed6,6,8
He saw the right-handed pitcher.,He saw the glass pitcher.,pitcher,pitcher,Different Sense,0.06507694721221924,3,0.4,8,6,2,405334016,EleutherAI/pythia-410m,step8,seed6,6,8
He saw the right-handed pitcher.,He saw the glass pitcher.,pitcher,pitcher,Different Sense,0.06218910217285156,4,0.4,8,6,2,405334016,EleutherAI/pythia-410m,step8,seed6,6,8
He saw the right-handed pitcher.,He saw the glass pitcher.,pitcher,pitcher,Different Sense,0.06540650129318237,5,0.4,8,6,2,405334016,EleutherAI/pythia-410m,step8,seed6,6,8
He saw the right-handed pitcher.,He saw the glass pitcher.,pitcher,pitcher,Different Sense,0.06571698188781738,6,0.4,8,6,2,405334016,EleutherAI/pythia-410m,step8,seed6,6,8
He saw the right-handed pitcher.,He saw the glass pitcher.,pitcher,pitcher,Different Sense,0.06661474704742432,7,0.4,8,6,2,405334016,EleutherAI/pythia-410m,step8,seed6,6,8
He saw the right-handed pitcher.,He saw the glass pitcher.,pitcher,pitcher,Different Sense,0.06638902425765991,8,0.4,8,6,2,405334016,EleutherAI/pythia-410m,step8,seed6,6,8
He saw the right-handed pitcher.,He saw the glass pitcher.,pitcher,pitcher,Different Sense,0.06692516803741455,9,0.4,8,6,2,405334016,EleutherAI/pythia-410m,step8,seed6,6,8
He saw the right-handed pitcher.,He saw the glass pitcher.,pitcher,pitcher,Different Sense,0.06648969650268555,10,0.4,8,6,2,405334016,EleutherAI/pythia-410m,step8,seed6,6,8
He saw the right-handed pitcher.,He saw the glass pitcher.,pitcher,pitcher,Different Sense,0.06324976682662964,11,0.4,8,6,2,405334016,EleutherAI/pythia-410m,step8,seed6,6,8
He saw the right-handed pitcher.,He saw the glass pitcher.,pitcher,pitcher,Different Sense,0.06374603509902954,12,0.4,8,6,2,405334016,EleutherAI/pythia-410m,step8,seed6,6,8
He saw the right-handed pitcher.,He saw the glass pitcher.,pitcher,pitcher,Different Sense,0.06308072805404663,13,0.4,8,6,2,405334016,EleutherAI/pythia-410m,step8,seed6,6,8
He saw the right-handed pitcher.,He saw the glass pitcher.,pitcher,pitcher,Different Sense,0.061730027198791504,14,0.4,8,6,2,405334016,EleutherAI/pythia-410m,step8,seed6,6,8
He saw the right-handed pitcher.,He saw the glass pitcher.,pitcher,pitcher,Different Sense,0.061736881732940674,15,0.4,8,6,2,405334016,EleutherAI/pythia-410m,step8,seed6,6,8
He saw the right-handed pitcher.,He saw the glass pitcher.,pitcher,pitcher,Different Sense,0.06085062026977539,16,0.4,8,6,2,405334016,EleutherAI/pythia-410m,step8,seed6,6,8
He saw the right-handed pitcher.,He saw the glass pitcher.,pitcher,pitcher,Different Sense,0.05987858772277832,17,0.4,8,6,2,405334016,EleutherAI/pythia-410m,step8,seed6,6,8
He saw the right-handed pitcher.,He saw the glass pitcher.,pitcher,pitcher,Different Sense,0.06111496686935425,18,0.4,8,6,2,405334016,EleutherAI/pythia-410m,step8,seed6,6,8
He saw the right-handed pitcher.,He saw the glass pitcher.,pitcher,pitcher,Different Sense,0.059101223945617676,19,0.4,8,6,2,405334016,EleutherAI/pythia-410m,step8,seed6,6,8
He saw the right-handed pitcher.,He saw the glass pitcher.,pitcher,pitcher,Different Sense,0.05909603834152222,20,0.4,8,6,2,405334016,EleutherAI/pythia-410m,step8,seed6,6,8
He saw the right-handed pitcher.,He saw the glass pitcher.,pitcher,pitcher,Different Sense,0.05929595232009888,21,0.4,8,6,2,405334016,EleutherAI/pythia-410m,step8,seed6,6,8
He saw the right-handed pitcher.,He saw the glass pitcher.,pitcher,pitcher,Different Sense,0.058947622776031494,22,0.4,8,6,2,405334016,EleutherAI/pythia-410m,step8,seed6,6,8
He saw the right-handed pitcher.,He saw the glass pitcher.,pitcher,pitcher,Different Sense,0.057649314403533936,23,0.4,8,6,2,405334016,EleutherAI/pythia-410m,step8,seed6,6,8
He saw the right-handed pitcher.,He saw the glass pitcher.,pitcher,pitcher,Different Sense,0.057556867599487305,24,0.4,8,6,2,405334016,EleutherAI/pythia-410m,step8,seed6,6,8
He saw the right-handed pitcher.,He saw the plastic pitcher.,pitcher,pitcher,Different Sense,0.0,0,0.153846154,8,6,2,405334016,EleutherAI/pythia-410m,step8,seed6,6,8
He saw the right-handed pitcher.,He saw the plastic pitcher.,pitcher,pitcher,Different Sense,0.04060453176498413,1,0.153846154,8,6,2,405334016,EleutherAI/pythia-410m,step8,seed6,6,8
He saw the right-handed pitcher.,He saw the plastic pitcher.,pitcher,pitcher,Different Sense,0.056855738162994385,2,0.153846154,8,6,2,405334016,EleutherAI/pythia-410m,step8,seed6,6,8
He saw the right-handed pitcher.,He saw the plastic pitcher.,pitcher,pitcher,Different Sense,0.06100189685821533,3,0.153846154,8,6,2,405334016,EleutherAI/pythia-410m,step8,seed6,6,8
He saw the right-handed pitcher.,He saw the plastic pitcher.,pitcher,pitcher,Different Sense,0.062018513679504395,4,0.153846154,8,6,2,405334016,EleutherAI/pythia-410m,step8,seed6,6,8
He saw the right-handed pitcher.,He saw the plastic pitcher.,pitcher,pitcher,Different Sense,0.06644105911254883,5,0.153846154,8,6,2,405334016,EleutherAI/pythia-410m,step8,seed6,6,8
He saw the right-handed pitcher.,He saw the plastic pitcher.,pitcher,pitcher,Different Sense,0.06711506843566895,6,0.153846154,8,6,2,405334016,EleutherAI/pythia-410m,step8,seed6,6,8
He saw the right-handed pitcher.,He saw the plastic pitcher.,pitcher,pitcher,Different Sense,0.06584131717681885,7,0.153846154,8,6,2,405334016,EleutherAI/pythia-410m,step8,seed6,6,8
He saw the right-handed pitcher.,He saw the plastic pitcher.,pitcher,pitcher,Different Sense,0.06416136026382446,8,0.153846154,8,6,2,405334016,EleutherAI/pythia-410m,step8,seed6,6,8
He saw the right-handed pitcher.,He saw the plastic pitcher.,pitcher,pitcher,Different Sense,0.06166189908981323,9,0.153846154,8,6,2,405334016,EleutherAI/pythia-410m,step8,seed6,6,8
He saw the right-handed pitcher.,He saw the plastic pitcher.,pitcher,pitcher,Different Sense,0.060571372509002686,10,0.153846154,8,6,2,405334016,EleutherAI/pythia-410m,step8,seed6,6,8
He saw the right-handed pitcher.,He saw the plastic pitcher.,pitcher,pitcher,Different Sense,0.05804288387298584,11,0.153846154,8,6,2,405334016,EleutherAI/pythia-410m,step8,seed6,6,8
He saw the right-handed pitcher.,He saw the plastic pitcher.,pitcher,pitcher,Different Sense,0.05866646766662598,12,0.153846154,8,6,2,405334016,EleutherAI/pythia-410m,step8,seed6,6,8
He saw the right-handed pitcher.,He saw the plastic pitcher.,pitcher,pitcher,Different Sense,0.05913454294204712,13,0.153846154,8,6,2,405334016,EleutherAI/pythia-410m,step8,seed6,6,8
He saw the right-handed pitcher.,He saw the plastic pitcher.,pitcher,pitcher,Different Sense,0.058081626892089844,14,0.153846154,8,6,2,405334016,EleutherAI/pythia-410m,step8,seed6,6,8
He saw the right-handed pitcher.,He saw the plastic pitcher.,pitcher,pitcher,Different Sense,0.05665874481201172,15,0.153846154,8,6,2,405334016,EleutherAI/pythia-410m,step8,seed6,6,8
He saw the right-handed pitcher.,He saw the plastic pitcher.,pitcher,pitcher,Different Sense,0.055439293384552,16,0.153846154,8,6,2,405334016,EleutherAI/pythia-410m,step8,seed6,6,8
He saw the right-handed pitcher.,He saw the plastic pitcher.,pitcher,pitcher,Different Sense,0.05416518449783325,17,0.153846154,8,6,2,405334016,EleutherAI/pythia-410m,step8,seed6,6,8
He saw the right-handed pitcher.,He saw the plastic pitcher.,pitcher,pitcher,Different Sense,0.055268824100494385,18,0.153846154,8,6,2,405334016,EleutherAI/pythia-410m,step8,seed6,6,8
He saw the right-handed pitcher.,He saw the plastic pitcher.,pitcher,pitcher,Different Sense,0.05383700132369995,19,0.153846154,8,6,2,405334016,EleutherAI/pythia-410m,step8,seed6,6,8
He saw the right-handed pitcher.,He saw the plastic pitcher.,pitcher,pitcher,Different Sense,0.053699612617492676,20,0.153846154,8,6,2,405334016,EleutherAI/pythia-410m,step8,seed6,6,8
He saw the right-handed pitcher.,He saw the plastic pitcher.,pitcher,pitcher,Different Sense,0.054287731647491455,21,0.153846154,8,6,2,405334016,EleutherAI/pythia-410m,step8,seed6,6,8
He saw the right-handed pitcher.,He saw the plastic pitcher.,pitcher,pitcher,Different Sense,0.05400282144546509,22,0.153846154,8,6,2,405334016,EleutherAI/pythia-410m,step8,seed6,6,8
He saw the right-handed pitcher.,He saw the plastic pitcher.,pitcher,pitcher,Different Sense,0.052790284156799316,23,0.153846154,8,6,2,405334016,EleutherAI/pythia-410m,step8,seed6,6,8
He saw the right-handed pitcher.,He saw the plastic pitcher.,pitcher,pitcher,Different Sense,0.05340045690536499,24,0.153846154,8,6,2,405334016,EleutherAI/pythia-410m,step8,seed6,6,8
He saw the fast pitcher.,He saw the right-handed pitcher.,pitcher,pitcher,Same Sense,0.0,0,3.785714286,6,8,2,405334016,EleutherAI/pythia-410m,step8,seed6,6,8
He saw the fast pitcher.,He saw the right-handed pitcher.,pitcher,pitcher,Same Sense,0.034939587116241455,1,3.785714286,6,8,2,405334016,EleutherAI/pythia-410m,step8,seed6,6,8
He saw the fast pitcher.,He saw the right-handed pitcher.,pitcher,pitcher,Same Sense,0.05029559135437012,2,3.785714286,6,8,2,405334016,EleutherAI/pythia-410m,step8,seed6,6,8
He saw the fast pitcher.,He saw the right-handed pitcher.,pitcher,pitcher,Same Sense,0.05387282371520996,3,3.785714286,6,8,2,405334016,EleutherAI/pythia-410m,step8,seed6,6,8
He saw the fast pitcher.,He saw the right-handed pitcher.,pitcher,pitcher,Same Sense,0.05341273546218872,4,3.785714286,6,8,2,405334016,EleutherAI/pythia-410m,step8,seed6,6,8
He saw the fast pitcher.,He saw the right-handed pitcher.,pitcher,pitcher,Same Sense,0.05542635917663574,5,3.785714286,6,8,2,405334016,EleutherAI/pythia-410m,step8,seed6,6,8
He saw the fast pitcher.,He saw the right-handed pitcher.,pitcher,pitcher,Same Sense,0.053311824798583984,6,3.785714286,6,8,2,405334016,EleutherAI/pythia-410m,step8,seed6,6,8
He saw the fast pitcher.,He saw the right-handed pitcher.,pitcher,pitcher,Same Sense,0.052580296993255615,7,3.785714286,6,8,2,405334016,EleutherAI/pythia-410m,step8,seed6,6,8
He saw the fast pitcher.,He saw the right-handed pitcher.,pitcher,pitcher,Same Sense,0.05459189414978027,8,3.785714286,6,8,2,405334016,EleutherAI/pythia-410m,step8,seed6,6,8
He saw the fast pitcher.,He saw the right-handed pitcher.,pitcher,pitcher,Same Sense,0.053289055824279785,9,3.785714286,6,8,2,405334016,EleutherAI/pythia-410m,step8,seed6,6,8
He saw the fast pitcher.,He saw the right-handed pitcher.,pitcher,pitcher,Same Sense,0.05336570739746094,10,3.785714286,6,8,2,405334016,EleutherAI/pythia-410m,step8,seed6,6,8
He saw the fast pitcher.,He saw the right-handed pitcher.,pitcher,pitcher,Same Sense,0.05134701728820801,11,3.785714286,6,8,2,405334016,EleutherAI/pythia-410m,step8,seed6,6,8
He saw the fast pitcher.,He saw the right-handed pitcher.,pitcher,pitcher,Same Sense,0.05283153057098389,12,3.785714286,6,8,2,405334016,EleutherAI/pythia-410m,step8,seed6,6,8
He saw the fast pitcher.,He saw the right-handed pitcher.,pitcher,pitcher,Same Sense,0.05226236581802368,13,3.785714286,6,8,2,405334016,EleutherAI/pythia-410m,step8,seed6,6,8
He saw the fast pitcher.,He saw the right-handed pitcher.,pitcher,pitcher,Same Sense,0.05100727081298828,14,3.785714286,6,8,2,405334016,EleutherAI/pythia-410m,step8,seed6,6,8
He saw the fast pitcher.,He saw the right-handed pitcher.,pitcher,pitcher,Same Sense,0.05054682493209839,15,3.785714286,6,8,2,405334016,EleutherAI/pythia-410m,step8,seed6,6,8
He saw the fast pitcher.,He saw the right-handed pitcher.,pitcher,pitcher,Same Sense,0.04926419258117676,16,3.785714286,6,8,2,405334016,EleutherAI/pythia-410m,step8,seed6,6,8
He saw the fast pitcher.,He saw the right-handed pitcher.,pitcher,pitcher,Same Sense,0.0490759015083313,17,3.785714286,6,8,2,405334016,EleutherAI/pythia-410m,step8,seed6,6,8
He saw the fast pitcher.,He saw the right-handed pitcher.,pitcher,pitcher,Same Sense,0.050739169120788574,18,3.785714286,6,8,2,405334016,EleutherAI/pythia-410m,step8,seed6,6,8
He saw the fast pitcher.,He saw the right-handed pitcher.,pitcher,pitcher,Same Sense,0.04975414276123047,19,3.785714286,6,8,2,405334016,EleutherAI/pythia-410m,step8,seed6,6,8
He saw the fast pitcher.,He saw the right-handed pitcher.,pitcher,pitcher,Same Sense,0.04944998025894165,20,3.785714286,6,8,2,405334016,EleutherAI/pythia-410m,step8,seed6,6,8
He saw the fast pitcher.,He saw the right-handed pitcher.,pitcher,pitcher,Same Sense,0.0496634840965271,21,3.785714286,6,8,2,405334016,EleutherAI/pythia-410m,step8,seed6,6,8
He saw the fast pitcher.,He saw the right-handed pitcher.,pitcher,pitcher,Same Sense,0.04957062005996704,22,3.785714286,6,8,2,405334016,EleutherAI/pythia-410m,step8,seed6,6,8
He saw the fast pitcher.,He saw the right-handed pitcher.,pitcher,pitcher,Same Sense,0.04802757501602173,23,3.785714286,6,8,2,405334016,EleutherAI/pythia-410m,step8,seed6,6,8
He saw the fast pitcher.,He saw the right-handed pitcher.,pitcher,pitcher,Same Sense,0.048303961753845215,24,3.785714286,6,8,2,405334016,EleutherAI/pythia-410m,step8,seed6,6,8
He saw the glass pitcher.,He saw the plastic pitcher.,pitcher,pitcher,Same Sense,0.0,0,3.5,6,6,0,405334016,EleutherAI/pythia-410m,step8,seed6,6,8
He saw the glass pitcher.,He saw the plastic pitcher.,pitcher,pitcher,Same Sense,0.024060070514678955,1,3.5,6,6,0,405334016,EleutherAI/pythia-410m,step8,seed6,6,8
He saw the glass pitcher.,He saw the plastic pitcher.,pitcher,pitcher,Same Sense,0.03351467847824097,2,3.5,6,6,0,405334016,EleutherAI/pythia-410m,step8,seed6,6,8
He saw the glass pitcher.,He saw the plastic pitcher.,pitcher,pitcher,Same Sense,0.03563427925109863,3,3.5,6,6,0,405334016,EleutherAI/pythia-410m,step8,seed6,6,8
He saw the glass pitcher.,He saw the plastic pitcher.,pitcher,pitcher,Same Sense,0.03669673204421997,4,3.5,6,6,0,405334016,EleutherAI/pythia-410m,step8,seed6,6,8
He saw the glass pitcher.,He saw the plastic pitcher.,pitcher,pitcher,Same Sense,0.03919130563735962,5,3.5,6,6,0,405334016,EleutherAI/pythia-410m,step8,seed6,6,8
He saw the glass pitcher.,He saw the plastic pitcher.,pitcher,pitcher,Same Sense,0.04063838720321655,6,3.5,6,6,0,405334016,EleutherAI/pythia-410m,step8,seed6,6,8
He saw the glass pitcher.,He saw the plastic pitcher.,pitcher,pitcher,Same Sense,0.04002940654754639,7,3.5,6,6,0,405334016,EleutherAI/pythia-410m,step8,seed6,6,8
He saw the glass pitcher.,He saw the plastic pitcher.,pitcher,pitcher,Same Sense,0.03785330057144165,8,3.5,6,6,0,405334016,EleutherAI/pythia-410m,step8,seed6,6,8
He saw the glass pitcher.,He saw the plastic pitcher.,pitcher,pitcher,Same Sense,0.038366079330444336,9,3.5,6,6,0,405334016,EleutherAI/pythia-410m,step8,seed6,6,8
He saw the glass pitcher.,He saw the plastic pitcher.,pitcher,pitcher,Same Sense,0.037827491760253906,10,3.5,6,6,0,405334016,EleutherAI/pythia-410m,step8,seed6,6,8
He saw the glass pitcher.,He saw the plastic pitcher.,pitcher,pitcher,Same Sense,0.03673464059829712,11,3.5,6,6,0,405334016,EleutherAI/pythia-410m,step8,seed6,6,8
He saw the glass pitcher.,He saw the plastic pitcher.,pitcher,pitcher,Same Sense,0.03660386800765991,12,3.5,6,6,0,405334016,EleutherAI/pythia-410m,step8,seed6,6,8
He saw the glass pitcher.,He saw the plastic pitcher.,pitcher,pitcher,Same Sense,0.036991894245147705,13,3.5,6,6,0,405334016,EleutherAI/pythia-410m,step8,seed6,6,8
He saw the glass pitcher.,He saw the plastic pitcher.,pitcher,pitcher,Same Sense,0.03600716590881348,14,3.5,6,6,0,405334016,EleutherAI/pythia-410m,step8,seed6,6,8
He saw the glass pitcher.,He saw the plastic pitcher.,pitcher,pitcher,Same Sense,0.03474569320678711,15,3.5,6,6,0,405334016,EleutherAI/pythia-410m,step8,seed6,6,8
He saw the glass pitcher.,He saw the plastic pitcher.,pitcher,pitcher,Same Sense,0.03451526165008545,16,3.5,6,6,0,405334016,EleutherAI/pythia-410m,step8,seed6,6,8
He saw the glass pitcher.,He saw the plastic pitcher.,pitcher,pitcher,Same Sense,0.034237563610076904,17,3.5,6,6,0,405334016,EleutherAI/pythia-410m,step8,seed6,6,8
He saw the glass pitcher.,He saw the plastic pitcher.,pitcher,pitcher,Same Sense,0.035188138484954834,18,3.5,6,6,0,405334016,EleutherAI/pythia-410m,step8,seed6,6,8
He saw the glass pitcher.,He saw the plastic pitcher.,pitcher,pitcher,Same Sense,0.03436523675918579,19,3.5,6,6,0,405334016,EleutherAI/pythia-410m,step8,seed6,6,8
He saw the glass pitcher.,He saw the plastic pitcher.,pitcher,pitcher,Same Sense,0.03410327434539795,20,3.5,6,6,0,405334016,EleutherAI/pythia-410m,step8,seed6,6,8
He saw the glass pitcher.,He saw the plastic pitcher.,pitcher,pitcher,Same Sense,0.03482937812805176,21,3.5,6,6,0,405334016,EleutherAI/pythia-410m,step8,seed6,6,8
He saw the glass pitcher.,He saw the plastic pitcher.,pitcher,pitcher,Same Sense,0.0340154767036438,22,3.5,6,6,0,405334016,EleutherAI/pythia-410m,step8,seed6,6,8
He saw the glass pitcher.,He saw the plastic pitcher.,pitcher,pitcher,Same Sense,0.0333438515663147,23,3.5,6,6,0,405334016,EleutherAI/pythia-410m,step8,seed6,6,8
He saw the glass pitcher.,He saw the plastic pitcher.,pitcher,pitcher,Same Sense,0.03280359506607056,24,3.5,6,6,0,405334016,EleutherAI/pythia-410m,step8,seed6,6,8
It was a windy port.,It was a delicious port.,port,port,Different Sense,0.0,0,0.2,7,6,1,405334016,EleutherAI/pythia-410m,step8,seed6,6,8
It was a windy port.,It was a delicious port.,port,port,Different Sense,0.03212559223175049,1,0.2,7,6,1,405334016,EleutherAI/pythia-410m,step8,seed6,6,8
It was a windy port.,It was a delicious port.,port,port,Different Sense,0.04420590400695801,2,0.2,7,6,1,405334016,EleutherAI/pythia-410m,step8,seed6,6,8
It was a windy port.,It was a delicious port.,port,port,Different Sense,0.05052679777145386,3,0.2,7,6,1,405334016,EleutherAI/pythia-410m,step8,seed6,6,8
It was a windy port.,It was a delicious port.,port,port,Different Sense,0.05076324939727783,4,0.2,7,6,1,405334016,EleutherAI/pythia-410m,step8,seed6,6,8
It was a windy port.,It was a delicious port.,port,port,Different Sense,0.052925050258636475,5,0.2,7,6,1,405334016,EleutherAI/pythia-410m,step8,seed6,6,8
It was a windy port.,It was a delicious port.,port,port,Different Sense,0.05034482479095459,6,0.2,7,6,1,405334016,EleutherAI/pythia-410m,step8,seed6,6,8
It was a windy port.,It was a delicious port.,port,port,Different Sense,0.05026465654373169,7,0.2,7,6,1,405334016,EleutherAI/pythia-410m,step8,seed6,6,8
It was a windy port.,It was a delicious port.,port,port,Different Sense,0.048451781272888184,8,0.2,7,6,1,405334016,EleutherAI/pythia-410m,step8,seed6,6,8
It was a windy port.,It was a delicious port.,port,port,Different Sense,0.048932790756225586,9,0.2,7,6,1,405334016,EleutherAI/pythia-410m,step8,seed6,6,8
It was a windy port.,It was a delicious port.,port,port,Different Sense,0.04770815372467041,10,0.2,7,6,1,405334016,EleutherAI/pythia-410m,step8,seed6,6,8
It was a windy port.,It was a delicious port.,port,port,Different Sense,0.04486799240112305,11,0.2,7,6,1,405334016,EleutherAI/pythia-410m,step8,seed6,6,8
It was a windy port.,It was a delicious port.,port,port,Different Sense,0.04526853561401367,12,0.2,7,6,1,405334016,EleutherAI/pythia-410m,step8,seed6,6,8
It was a windy port.,It was a delicious port.,port,port,Different Sense,0.046346068382263184,13,0.2,7,6,1,405334016,EleutherAI/pythia-410m,step8,seed6,6,8
It was a windy port.,It was a delicious port.,port,port,Different Sense,0.045174360275268555,14,0.2,7,6,1,405334016,EleutherAI/pythia-410m,step8,seed6,6,8
It was a windy port.,It was a delicious port.,port,port,Different Sense,0.04558455944061279,15,0.2,7,6,1,405334016,EleutherAI/pythia-410m,step8,seed6,6,8
It was a windy port.,It was a delicious port.,port,port,Different Sense,0.04535621404647827,16,0.2,7,6,1,405334016,EleutherAI/pythia-410m,step8,seed6,6,8
It was a windy port.,It was a delicious port.,port,port,Different Sense,0.044279634952545166,17,0.2,7,6,1,405334016,EleutherAI/pythia-410m,step8,seed6,6,8
It was a windy port.,It was a delicious port.,port,port,Different Sense,0.04458528757095337,18,0.2,7,6,1,405334016,EleutherAI/pythia-410m,step8,seed6,6,8
It was a windy port.,It was a delicious port.,port,port,Different Sense,0.04345202445983887,19,0.2,7,6,1,405334016,EleutherAI/pythia-410m,step8,seed6,6,8
It was a windy port.,It was a delicious port.,port,port,Different Sense,0.04221963882446289,20,0.2,7,6,1,405334016,EleutherAI/pythia-410m,step8,seed6,6,8
It was a windy port.,It was a delicious port.,port,port,Different Sense,0.04139697551727295,21,0.2,7,6,1,405334016,EleutherAI/pythia-410m,step8,seed6,6,8
It was a windy port.,It was a delicious port.,port,port,Different Sense,0.04025101661682129,22,0.2,7,6,1,405334016,EleutherAI/pythia-410m,step8,seed6,6,8
It was a windy port.,It was a delicious port.,port,port,Different Sense,0.0399324893951416,23,0.2,7,6,1,405334016,EleutherAI/pythia-410m,step8,seed6,6,8
It was a windy port.,It was a delicious port.,port,port,Different Sense,0.038713157176971436,24,0.2,7,6,1,405334016,EleutherAI/pythia-410m,step8,seed6,6,8
It was a windy port.,It was a sweet port.,port,port,Different Sense,0.0,0,1.5,7,6,1,405334016,EleutherAI/pythia-410m,step8,seed6,6,8
It was a windy port.,It was a sweet port.,port,port,Different Sense,0.027094781398773193,1,1.5,7,6,1,405334016,EleutherAI/pythia-410m,step8,seed6,6,8
It was a windy port.,It was a sweet port.,port,port,Different Sense,0.03912705183029175,2,1.5,7,6,1,405334016,EleutherAI/pythia-410m,step8,seed6,6,8
It was a windy port.,It was a sweet port.,port,port,Different Sense,0.04261171817779541,3,1.5,7,6,1,405334016,EleutherAI/pythia-410m,step8,seed6,6,8
It was a windy port.,It was a sweet port.,port,port,Different Sense,0.04364502429962158,4,1.5,7,6,1,405334016,EleutherAI/pythia-410m,step8,seed6,6,8
It was a windy port.,It was a sweet port.,port,port,Different Sense,0.04533541202545166,5,1.5,7,6,1,405334016,EleutherAI/pythia-410m,step8,seed6,6,8
It was a windy port.,It was a sweet port.,port,port,Different Sense,0.04760313034057617,6,1.5,7,6,1,405334016,EleutherAI/pythia-410m,step8,seed6,6,8
It was a windy port.,It was a sweet port.,port,port,Different Sense,0.04639244079589844,7,1.5,7,6,1,405334016,EleutherAI/pythia-410m,step8,seed6,6,8
It was a windy port.,It was a sweet port.,port,port,Different Sense,0.046189963817596436,8,1.5,7,6,1,405334016,EleutherAI/pythia-410m,step8,seed6,6,8
It was a windy port.,It was a sweet port.,port,port,Different Sense,0.04682403802871704,9,1.5,7,6,1,405334016,EleutherAI/pythia-410m,step8,seed6,6,8
It was a windy port.,It was a sweet port.,port,port,Different Sense,0.04604083299636841,10,1.5,7,6,1,405334016,EleutherAI/pythia-410m,step8,seed6,6,8
It was a windy port.,It was a sweet port.,port,port,Different Sense,0.04324394464492798,11,1.5,7,6,1,405334016,EleutherAI/pythia-410m,step8,seed6,6,8
It was a windy port.,It was a sweet port.,port,port,Different Sense,0.044117629528045654,12,1.5,7,6,1,405334016,EleutherAI/pythia-410m,step8,seed6,6,8
It was a windy port.,It was a sweet port.,port,port,Different Sense,0.04477876424789429,13,1.5,7,6,1,405334016,EleutherAI/pythia-410m,step8,seed6,6,8
It was a windy port.,It was a sweet port.,port,port,Different Sense,0.04410785436630249,14,1.5,7,6,1,405334016,EleutherAI/pythia-410m,step8,seed6,6,8
It was a windy port.,It was a sweet port.,port,port,Different Sense,0.04384380578994751,15,1.5,7,6,1,405334016,EleutherAI/pythia-410m,step8,seed6,6,8
It was a windy port.,It was a sweet port.,port,port,Different Sense,0.04413127899169922,16,1.5,7,6,1,405334016,EleutherAI/pythia-410m,step8,seed6,6,8
It was a windy port.,It was a sweet port.,port,port,Different Sense,0.045009613037109375,17,1.5,7,6,1,405334016,EleutherAI/pythia-410m,step8,seed6,6,8
It was a windy port.,It was a sweet port.,port,port,Different Sense,0.04476994276046753,18,1.5,7,6,1,405334016,EleutherAI/pythia-410m,step8,seed6,6,8
It was a windy port.,It was a sweet port.,port,port,Different Sense,0.04313206672668457,19,1.5,7,6,1,405334016,EleutherAI/pythia-410m,step8,seed6,6,8
It was a windy port.,It was a sweet port.,port,port,Different Sense,0.04147446155548096,20,1.5,7,6,1,405334016,EleutherAI/pythia-410m,step8,seed6,6,8
It was a windy port.,It was a sweet port.,port,port,Different Sense,0.04075998067855835,21,1.5,7,6,1,405334016,EleutherAI/pythia-410m,step8,seed6,6,8
It was a windy port.,It was a sweet port.,port,port,Different Sense,0.039605677127838135,22,1.5,7,6,1,405334016,EleutherAI/pythia-410m,step8,seed6,6,8
It was a windy port.,It was a sweet port.,port,port,Different Sense,0.03877764940261841,23,1.5,7,6,1,405334016,EleutherAI/pythia-410m,step8,seed6,6,8
It was a windy port.,It was a sweet port.,port,port,Different Sense,0.03847557306289673,24,1.5,7,6,1,405334016,EleutherAI/pythia-410m,step8,seed6,6,8
It was a seaside port.,It was a delicious port.,port,port,Different Sense,0.0,0,0.538461538,7,6,1,405334016,EleutherAI/pythia-410m,step8,seed6,6,8
It was a seaside port.,It was a delicious port.,port,port,Different Sense,0.03829753398895264,1,0.538461538,7,6,1,405334016,EleutherAI/pythia-410m,step8,seed6,6,8
It was a seaside port.,It was a delicious port.,port,port,Different Sense,0.05042225122451782,2,0.538461538,7,6,1,405334016,EleutherAI/pythia-410m,step8,seed6,6,8
It was a seaside port.,It was a delicious port.,port,port,Different Sense,0.05837482213973999,3,0.538461538,7,6,1,405334016,EleutherAI/pythia-410m,step8,seed6,6,8
It was a seaside port.,It was a delicious port.,port,port,Different Sense,0.061357855796813965,4,0.538461538,7,6,1,405334016,EleutherAI/pythia-410m,step8,seed6,6,8
It was a seaside port.,It was a delicious port.,port,port,Different Sense,0.06677120923995972,5,0.538461538,7,6,1,405334016,EleutherAI/pythia-410m,step8,seed6,6,8
It was a seaside port.,It was a delicious port.,port,port,Different Sense,0.06414121389389038,6,0.538461538,7,6,1,405334016,EleutherAI/pythia-410m,step8,seed6,6,8
It was a seaside port.,It was a delicious port.,port,port,Different Sense,0.06290370225906372,7,0.538461538,7,6,1,405334016,EleutherAI/pythia-410m,step8,seed6,6,8
It was a seaside port.,It was a delicious port.,port,port,Different Sense,0.06349790096282959,8,0.538461538,7,6,1,405334016,EleutherAI/pythia-410m,step8,seed6,6,8
It was a seaside port.,It was a delicious port.,port,port,Different Sense,0.06361019611358643,9,0.538461538,7,6,1,405334016,EleutherAI/pythia-410m,step8,seed6,6,8
It was a seaside port.,It was a delicious port.,port,port,Different Sense,0.06255578994750977,10,0.538461538,7,6,1,405334016,EleutherAI/pythia-410m,step8,seed6,6,8
It was a seaside port.,It was a delicious port.,port,port,Different Sense,0.060309648513793945,11,0.538461538,7,6,1,405334016,EleutherAI/pythia-410m,step8,seed6,6,8
It was a seaside port.,It was a delicious port.,port,port,Different Sense,0.060741305351257324,12,0.538461538,7,6,1,405334016,EleutherAI/pythia-410m,step8,seed6,6,8
It was a seaside port.,It was a delicious port.,port,port,Different Sense,0.06048101186752319,13,0.538461538,7,6,1,405334016,EleutherAI/pythia-410m,step8,seed6,6,8
It was a seaside port.,It was a delicious port.,port,port,Different Sense,0.05907249450683594,14,0.538461538,7,6,1,405334016,EleutherAI/pythia-410m,step8,seed6,6,8
It was a seaside port.,It was a delicious port.,port,port,Different Sense,0.057325005531311035,15,0.538461538,7,6,1,405334016,EleutherAI/pythia-410m,step8,seed6,6,8
It was a seaside port.,It was a delicious port.,port,port,Different Sense,0.057254254817962646,16,0.538461538,7,6,1,405334016,EleutherAI/pythia-410m,step8,seed6,6,8
It was a seaside port.,It was a delicious port.,port,port,Different Sense,0.055334508419036865,17,0.538461538,7,6,1,405334016,EleutherAI/pythia-410m,step8,seed6,6,8
It was a seaside port.,It was a delicious port.,port,port,Different Sense,0.05545693635940552,18,0.538461538,7,6,1,405334016,EleutherAI/pythia-410m,step8,seed6,6,8
It was a seaside port.,It was a delicious port.,port,port,Different Sense,0.05480480194091797,19,0.538461538,7,6,1,405334016,EleutherAI/pythia-410m,step8,seed6,6,8
It was a seaside port.,It was a delicious port.,port,port,Different Sense,0.052826762199401855,20,0.538461538,7,6,1,405334016,EleutherAI/pythia-410m,step8,seed6,6,8
It was a seaside port.,It was a delicious port.,port,port,Different Sense,0.05270165205001831,21,0.538461538,7,6,1,405334016,EleutherAI/pythia-410m,step8,seed6,6,8
It was a seaside port.,It was a delicious port.,port,port,Different Sense,0.05068325996398926,22,0.538461538,7,6,1,405334016,EleutherAI/pythia-410m,step8,seed6,6,8
It was a seaside port.,It was a delicious port.,port,port,Different Sense,0.04962259531021118,23,0.538461538,7,6,1,405334016,EleutherAI/pythia-410m,step8,seed6,6,8
It was a seaside port.,It was a delicious port.,port,port,Different Sense,0.04970818758010864,24,0.538461538,7,6,1,405334016,EleutherAI/pythia-410m,step8,seed6,6,8
It was a seaside port.,It was a sweet port.,port,port,Different Sense,0.0,0,1.4375,7,6,1,405334016,EleutherAI/pythia-410m,step8,seed6,6,8
It was a seaside port.,It was a sweet port.,port,port,Different Sense,0.03545290231704712,1,1.4375,7,6,1,405334016,EleutherAI/pythia-410m,step8,seed6,6,8
It was a seaside port.,It was a sweet port.,port,port,Different Sense,0.044951438903808594,2,1.4375,7,6,1,405334016,EleutherAI/pythia-410m,step8,seed6,6,8
It was a seaside port.,It was a sweet port.,port,port,Different Sense,0.058058738708496094,3,1.4375,7,6,1,405334016,EleutherAI/pythia-410m,step8,seed6,6,8
It was a seaside port.,It was a sweet port.,port,port,Different Sense,0.05993092060089111,4,1.4375,7,6,1,405334016,EleutherAI/pythia-410m,step8,seed6,6,8
It was a seaside port.,It was a sweet port.,port,port,Different Sense,0.0666608214378357,5,1.4375,7,6,1,405334016,EleutherAI/pythia-410m,step8,seed6,6,8
It was a seaside port.,It was a sweet port.,port,port,Different Sense,0.06586748361587524,6,1.4375,7,6,1,405334016,EleutherAI/pythia-410m,step8,seed6,6,8
It was a seaside port.,It was a sweet port.,port,port,Different Sense,0.06303542852401733,7,1.4375,7,6,1,405334016,EleutherAI/pythia-410m,step8,seed6,6,8
It was a seaside port.,It was a sweet port.,port,port,Different Sense,0.06289613246917725,8,1.4375,7,6,1,405334016,EleutherAI/pythia-410m,step8,seed6,6,8
It was a seaside port.,It was a sweet port.,port,port,Different Sense,0.06291091442108154,9,1.4375,7,6,1,405334016,EleutherAI/pythia-410m,step8,seed6,6,8
It was a seaside port.,It was a sweet port.,port,port,Different Sense,0.06242072582244873,10,1.4375,7,6,1,405334016,EleutherAI/pythia-410m,step8,seed6,6,8
It was a seaside port.,It was a sweet port.,port,port,Different Sense,0.05982482433319092,11,1.4375,7,6,1,405334016,EleutherAI/pythia-410m,step8,seed6,6,8
It was a seaside port.,It was a sweet port.,port,port,Different Sense,0.06045013666152954,12,1.4375,7,6,1,405334016,EleutherAI/pythia-410m,step8,seed6,6,8
It was a seaside port.,It was a sweet port.,port,port,Different Sense,0.05989319086074829,13,1.4375,7,6,1,405334016,EleutherAI/pythia-410m,step8,seed6,6,8
It was a seaside port.,It was a sweet port.,port,port,Different Sense,0.05843263864517212,14,1.4375,7,6,1,405334016,EleutherAI/pythia-410m,step8,seed6,6,8
It was a seaside port.,It was a sweet port.,port,port,Different Sense,0.05724400281906128,15,1.4375,7,6,1,405334016,EleutherAI/pythia-410m,step8,seed6,6,8
It was a seaside port.,It was a sweet port.,port,port,Different Sense,0.056965649127960205,16,1.4375,7,6,1,405334016,EleutherAI/pythia-410m,step8,seed6,6,8
It was a seaside port.,It was a sweet port.,port,port,Different Sense,0.05573105812072754,17,1.4375,7,6,1,405334016,EleutherAI/pythia-410m,step8,seed6,6,8
It was a seaside port.,It was a sweet port.,port,port,Different Sense,0.05524039268493652,18,1.4375,7,6,1,405334016,EleutherAI/pythia-410m,step8,seed6,6,8
It was a seaside port.,It was a sweet port.,port,port,Different Sense,0.05352592468261719,19,1.4375,7,6,1,405334016,EleutherAI/pythia-410m,step8,seed6,6,8
It was a seaside port.,It was a sweet port.,port,port,Different Sense,0.05195975303649902,20,1.4375,7,6,1,405334016,EleutherAI/pythia-410m,step8,seed6,6,8
It was a seaside port.,It was a sweet port.,port,port,Different Sense,0.05079364776611328,21,1.4375,7,6,1,405334016,EleutherAI/pythia-410m,step8,seed6,6,8
It was a seaside port.,It was a sweet port.,port,port,Different Sense,0.048770129680633545,22,1.4375,7,6,1,405334016,EleutherAI/pythia-410m,step8,seed6,6,8
It was a seaside port.,It was a sweet port.,port,port,Different Sense,0.04818946123123169,23,1.4375,7,6,1,405334016,EleutherAI/pythia-410m,step8,seed6,6,8
It was a seaside port.,It was a sweet port.,port,port,Different Sense,0.04854768514633179,24,1.4375,7,6,1,405334016,EleutherAI/pythia-410m,step8,seed6,6,8
It was a windy port.,It was a seaside port.,port,port,Same Sense,0.0,0,3.416666667,7,7,0,405334016,EleutherAI/pythia-410m,step8,seed6,6,8
It was a windy port.,It was a seaside port.,port,port,Same Sense,0.03580749034881592,1,3.416666667,7,7,0,405334016,EleutherAI/pythia-410m,step8,seed6,6,8
It was a windy port.,It was a seaside port.,port,port,Same Sense,0.05064880847930908,2,3.416666667,7,7,0,405334016,EleutherAI/pythia-410m,step8,seed6,6,8
It was a windy port.,It was a seaside port.,port,port,Same Sense,0.062201857566833496,3,3.416666667,7,7,0,405334016,EleutherAI/pythia-410m,step8,seed6,6,8
It was a windy port.,It was a seaside port.,port,port,Same Sense,0.06083756685256958,4,3.416666667,7,7,0,405334016,EleutherAI/pythia-410m,step8,seed6,6,8
It was a windy port.,It was a seaside port.,port,port,Same Sense,0.07185375690460205,5,3.416666667,7,7,0,405334016,EleutherAI/pythia-410m,step8,seed6,6,8
It was a windy port.,It was a seaside port.,port,port,Same Sense,0.07087373733520508,6,3.416666667,7,7,0,405334016,EleutherAI/pythia-410m,step8,seed6,6,8
It was a windy port.,It was a seaside port.,port,port,Same Sense,0.0707089900970459,7,3.416666667,7,7,0,405334016,EleutherAI/pythia-410m,step8,seed6,6,8
It was a windy port.,It was a seaside port.,port,port,Same Sense,0.07043683528900146,8,3.416666667,7,7,0,405334016,EleutherAI/pythia-410m,step8,seed6,6,8
It was a windy port.,It was a seaside port.,port,port,Same Sense,0.07168132066726685,9,3.416666667,7,7,0,405334016,EleutherAI/pythia-410m,step8,seed6,6,8
It was a windy port.,It was a seaside port.,port,port,Same Sense,0.06704574823379517,10,3.416666667,7,7,0,405334016,EleutherAI/pythia-410m,step8,seed6,6,8
It was a windy port.,It was a seaside port.,port,port,Same Sense,0.06306087970733643,11,3.416666667,7,7,0,405334016,EleutherAI/pythia-410m,step8,seed6,6,8
It was a windy port.,It was a seaside port.,port,port,Same Sense,0.0630030632019043,12,3.416666667,7,7,0,405334016,EleutherAI/pythia-410m,step8,seed6,6,8
It was a windy port.,It was a seaside port.,port,port,Same Sense,0.06290209293365479,13,3.416666667,7,7,0,405334016,EleutherAI/pythia-410m,step8,seed6,6,8
It was a windy port.,It was a seaside port.,port,port,Same Sense,0.061322927474975586,14,3.416666667,7,7,0,405334016,EleutherAI/pythia-410m,step8,seed6,6,8
It was a windy port.,It was a seaside port.,port,port,Same Sense,0.06112021207809448,15,3.416666667,7,7,0,405334016,EleutherAI/pythia-410m,step8,seed6,6,8
It was a windy port.,It was a seaside port.,port,port,Same Sense,0.06248307228088379,16,3.416666667,7,7,0,405334016,EleutherAI/pythia-410m,step8,seed6,6,8
It was a windy port.,It was a seaside port.,port,port,Same Sense,0.061922669410705566,17,3.416666667,7,7,0,405334016,EleutherAI/pythia-410m,step8,seed6,6,8
It was a windy port.,It was a seaside port.,port,port,Same Sense,0.06122124195098877,18,3.416666667,7,7,0,405334016,EleutherAI/pythia-410m,step8,seed6,6,8
It was a windy port.,It was a seaside port.,port,port,Same Sense,0.0592077374458313,19,3.416666667,7,7,0,405334016,EleutherAI/pythia-410m,step8,seed6,6,8
It was a windy port.,It was a seaside port.,port,port,Same Sense,0.05707758665084839,20,3.416666667,7,7,0,405334016,EleutherAI/pythia-410m,step8,seed6,6,8
It was a windy port.,It was a seaside port.,port,port,Same Sense,0.05642431974411011,21,3.416666667,7,7,0,405334016,EleutherAI/pythia-410m,step8,seed6,6,8
It was a windy port.,It was a seaside port.,port,port,Same Sense,0.054960429668426514,22,3.416666667,7,7,0,405334016,EleutherAI/pythia-410m,step8,seed6,6,8
It was a windy port.,It was a seaside port.,port,port,Same Sense,0.053256869316101074,23,3.416666667,7,7,0,405334016,EleutherAI/pythia-410m,step8,seed6,6,8
It was a windy port.,It was a seaside port.,port,port,Same Sense,0.05268406867980957,24,3.416666667,7,7,0,405334016,EleutherAI/pythia-410m,step8,seed6,6,8
It was a delicious port.,It was a sweet port.,port,port,Same Sense,0.0,0,3.0,6,6,0,405334016,EleutherAI/pythia-410m,step8,seed6,6,8
It was a delicious port.,It was a sweet port.,port,port,Same Sense,0.025324344635009766,1,3.0,6,6,0,405334016,EleutherAI/pythia-410m,step8,seed6,6,8
It was a delicious port.,It was a sweet port.,port,port,Same Sense,0.03434109687805176,2,3.0,6,6,0,405334016,EleutherAI/pythia-410m,step8,seed6,6,8
It was a delicious port.,It was a sweet port.,port,port,Same Sense,0.03766995668411255,3,3.0,6,6,0,405334016,EleutherAI/pythia-410m,step8,seed6,6,8
It was a delicious port.,It was a sweet port.,port,port,Same Sense,0.04038059711456299,4,3.0,6,6,0,405334016,EleutherAI/pythia-410m,step8,seed6,6,8
It was a delicious port.,It was a sweet port.,port,port,Same Sense,0.042012572288513184,5,3.0,6,6,0,405334016,EleutherAI/pythia-410m,step8,seed6,6,8
It was a delicious port.,It was a sweet port.,port,port,Same Sense,0.043840229511260986,6,3.0,6,6,0,405334016,EleutherAI/pythia-410m,step8,seed6,6,8
It was a delicious port.,It was a sweet port.,port,port,Same Sense,0.04354506731033325,7,3.0,6,6,0,405334016,EleutherAI/pythia-410m,step8,seed6,6,8
It was a delicious port.,It was a sweet port.,port,port,Same Sense,0.040728211402893066,8,3.0,6,6,0,405334016,EleutherAI/pythia-410m,step8,seed6,6,8
It was a delicious port.,It was a sweet port.,port,port,Same Sense,0.04053008556365967,9,3.0,6,6,0,405334016,EleutherAI/pythia-410m,step8,seed6,6,8
It was a delicious port.,It was a sweet port.,port,port,Same Sense,0.039459228515625,10,3.0,6,6,0,405334016,EleutherAI/pythia-410m,step8,seed6,6,8
It was a delicious port.,It was a sweet port.,port,port,Same Sense,0.03702855110168457,11,3.0,6,6,0,405334016,EleutherAI/pythia-410m,step8,seed6,6,8
It was a delicious port.,It was a sweet port.,port,port,Same Sense,0.038810551166534424,12,3.0,6,6,0,405334016,EleutherAI/pythia-410m,step8,seed6,6,8
It was a delicious port.,It was a sweet port.,port,port,Same Sense,0.03778040409088135,13,3.0,6,6,0,405334016,EleutherAI/pythia-410m,step8,seed6,6,8
It was a delicious port.,It was a sweet port.,port,port,Same Sense,0.03731280565261841,14,3.0,6,6,0,405334016,EleutherAI/pythia-410m,step8,seed6,6,8
It was a delicious port.,It was a sweet port.,port,port,Same Sense,0.03746592998504639,15,3.0,6,6,0,405334016,EleutherAI/pythia-410m,step8,seed6,6,8
It was a delicious port.,It was a sweet port.,port,port,Same Sense,0.037839293479919434,16,3.0,6,6,0,405334016,EleutherAI/pythia-410m,step8,seed6,6,8
It was a delicious port.,It was a sweet port.,port,port,Same Sense,0.036448776721954346,17,3.0,6,6,0,405334016,EleutherAI/pythia-410m,step8,seed6,6,8
It was a delicious port.,It was a sweet port.,port,port,Same Sense,0.03565084934234619,18,3.0,6,6,0,405334016,EleutherAI/pythia-410m,step8,seed6,6,8
It was a delicious port.,It was a sweet port.,port,port,Same Sense,0.0353313684463501,19,3.0,6,6,0,405334016,EleutherAI/pythia-410m,step8,seed6,6,8
It was a delicious port.,It was a sweet port.,port,port,Same Sense,0.03418034315109253,20,3.0,6,6,0,405334016,EleutherAI/pythia-410m,step8,seed6,6,8
It was a delicious port.,It was a sweet port.,port,port,Same Sense,0.03283208608627319,21,3.0,6,6,0,405334016,EleutherAI/pythia-410m,step8,seed6,6,8
It was a delicious port.,It was a sweet port.,port,port,Same Sense,0.03155553340911865,22,3.0,6,6,0,405334016,EleutherAI/pythia-410m,step8,seed6,6,8
It was a delicious port.,It was a sweet port.,port,port,Same Sense,0.031023859977722168,23,3.0,6,6,0,405334016,EleutherAI/pythia-410m,step8,seed6,6,8
It was a delicious port.,It was a sweet port.,port,port,Same Sense,0.03135615587234497,24,3.0,6,6,0,405334016,EleutherAI/pythia-410m,step8,seed6,6,8
He was in a distinguished position.,He was in a fetal position.,position,position,Different Sense,0.0,0,1.071428571,7,7,0,405334016,EleutherAI/pythia-410m,step8,seed6,6,8
He was in a distinguished position.,He was in a fetal position.,position,position,Different Sense,0.01962047815322876,1,1.071428571,7,7,0,405334016,EleutherAI/pythia-410m,step8,seed6,6,8
He was in a distinguished position.,He was in a fetal position.,position,position,Different Sense,0.02465754747390747,2,1.071428571,7,7,0,405334016,EleutherAI/pythia-410m,step8,seed6,6,8
He was in a distinguished position.,He was in a fetal position.,position,position,Different Sense,0.028059422969818115,3,1.071428571,7,7,0,405334016,EleutherAI/pythia-410m,step8,seed6,6,8
He was in a distinguished position.,He was in a fetal position.,position,position,Different Sense,0.02914947271347046,4,1.071428571,7,7,0,405334016,EleutherAI/pythia-410m,step8,seed6,6,8
He was in a distinguished position.,He was in a fetal position.,position,position,Different Sense,0.029269814491271973,5,1.071428571,7,7,0,405334016,EleutherAI/pythia-410m,step8,seed6,6,8
He was in a distinguished position.,He was in a fetal position.,position,position,Different Sense,0.028812944889068604,6,1.071428571,7,7,0,405334016,EleutherAI/pythia-410m,step8,seed6,6,8
He was in a distinguished position.,He was in a fetal position.,position,position,Different Sense,0.028186678886413574,7,1.071428571,7,7,0,405334016,EleutherAI/pythia-410m,step8,seed6,6,8
He was in a distinguished position.,He was in a fetal position.,position,position,Different Sense,0.02772068977355957,8,1.071428571,7,7,0,405334016,EleutherAI/pythia-410m,step8,seed6,6,8
He was in a distinguished position.,He was in a fetal position.,position,position,Different Sense,0.028252482414245605,9,1.071428571,7,7,0,405334016,EleutherAI/pythia-410m,step8,seed6,6,8
He was in a distinguished position.,He was in a fetal position.,position,position,Different Sense,0.028341948986053467,10,1.071428571,7,7,0,405334016,EleutherAI/pythia-410m,step8,seed6,6,8
He was in a distinguished position.,He was in a fetal position.,position,position,Different Sense,0.025914430618286133,11,1.071428571,7,7,0,405334016,EleutherAI/pythia-410m,step8,seed6,6,8
He was in a distinguished position.,He was in a fetal position.,position,position,Different Sense,0.026157796382904053,12,1.071428571,7,7,0,405334016,EleutherAI/pythia-410m,step8,seed6,6,8
He was in a distinguished position.,He was in a fetal position.,position,position,Different Sense,0.026690781116485596,13,1.071428571,7,7,0,405334016,EleutherAI/pythia-410m,step8,seed6,6,8
He was in a distinguished position.,He was in a fetal position.,position,position,Different Sense,0.025270402431488037,14,1.071428571,7,7,0,405334016,EleutherAI/pythia-410m,step8,seed6,6,8
He was in a distinguished position.,He was in a fetal position.,position,position,Different Sense,0.02484607696533203,15,1.071428571,7,7,0,405334016,EleutherAI/pythia-410m,step8,seed6,6,8
He was in a distinguished position.,He was in a fetal position.,position,position,Different Sense,0.02409261465072632,16,1.071428571,7,7,0,405334016,EleutherAI/pythia-410m,step8,seed6,6,8
He was in a distinguished position.,He was in a fetal position.,position,position,Different Sense,0.024198710918426514,17,1.071428571,7,7,0,405334016,EleutherAI/pythia-410m,step8,seed6,6,8
He was in a distinguished position.,He was in a fetal position.,position,position,Different Sense,0.024424433708190918,18,1.071428571,7,7,0,405334016,EleutherAI/pythia-410m,step8,seed6,6,8
He was in a distinguished position.,He was in a fetal position.,position,position,Different Sense,0.02438110113143921,19,1.071428571,7,7,0,405334016,EleutherAI/pythia-410m,step8,seed6,6,8
He was in a distinguished position.,He was in a fetal position.,position,position,Different Sense,0.023173987865447998,20,1.071428571,7,7,0,405334016,EleutherAI/pythia-410m,step8,seed6,6,8
He was in a distinguished position.,He was in a fetal position.,position,position,Different Sense,0.02273494005203247,21,1.071428571,7,7,0,405334016,EleutherAI/pythia-410m,step8,seed6,6,8
He was in a distinguished position.,He was in a fetal position.,position,position,Different Sense,0.021759212017059326,22,1.071428571,7,7,0,405334016,EleutherAI/pythia-410m,step8,seed6,6,8
He was in a distinguished position.,He was in a fetal position.,position,position,Different Sense,0.021278083324432373,23,1.071428571,7,7,0,405334016,EleutherAI/pythia-410m,step8,seed6,6,8
He was in a distinguished position.,He was in a fetal position.,position,position,Different Sense,0.021009504795074463,24,1.071428571,7,7,0,405334016,EleutherAI/pythia-410m,step8,seed6,6,8
He was in a distinguished position.,He was in a yoga position.,position,position,Different Sense,0.0,0,1.0,7,7,0,405334016,EleutherAI/pythia-410m,step8,seed6,6,8
He was in a distinguished position.,He was in a yoga position.,position,position,Different Sense,0.019491970539093018,1,1.0,7,7,0,405334016,EleutherAI/pythia-410m,step8,seed6,6,8
He was in a distinguished position.,He was in a yoga position.,position,position,Different Sense,0.025778114795684814,2,1.0,7,7,0,405334016,EleutherAI/pythia-410m,step8,seed6,6,8
He was in a distinguished position.,He was in a yoga position.,position,position,Different Sense,0.029182136058807373,3,1.0,7,7,0,405334016,EleutherAI/pythia-410m,step8,seed6,6,8
He was in a distinguished position.,He was in a yoga position.,position,position,Different Sense,0.03139299154281616,4,1.0,7,7,0,405334016,EleutherAI/pythia-410m,step8,seed6,6,8
He was in a distinguished position.,He was in a yoga position.,position,position,Different Sense,0.0311506986618042,5,1.0,7,7,0,405334016,EleutherAI/pythia-410m,step8,seed6,6,8
He was in a distinguished position.,He was in a yoga position.,position,position,Different Sense,0.029478132724761963,6,1.0,7,7,0,405334016,EleutherAI/pythia-410m,step8,seed6,6,8
He was in a distinguished position.,He was in a yoga position.,position,position,Different Sense,0.02867424488067627,7,1.0,7,7,0,405334016,EleutherAI/pythia-410m,step8,seed6,6,8
He was in a distinguished position.,He was in a yoga position.,position,position,Different Sense,0.028329670429229736,8,1.0,7,7,0,405334016,EleutherAI/pythia-410m,step8,seed6,6,8
He was in a distinguished position.,He was in a yoga position.,position,position,Different Sense,0.02859717607498169,9,1.0,7,7,0,405334016,EleutherAI/pythia-410m,step8,seed6,6,8
He was in a distinguished position.,He was in a yoga position.,position,position,Different Sense,0.029359757900238037,10,1.0,7,7,0,405334016,EleutherAI/pythia-410m,step8,seed6,6,8
He was in a distinguished position.,He was in a yoga position.,position,position,Different Sense,0.027408361434936523,11,1.0,7,7,0,405334016,EleutherAI/pythia-410m,step8,seed6,6,8
He was in a distinguished position.,He was in a yoga position.,position,position,Different Sense,0.02720165252685547,12,1.0,7,7,0,405334016,EleutherAI/pythia-410m,step8,seed6,6,8
He was in a distinguished position.,He was in a yoga position.,position,position,Different Sense,0.02701789140701294,13,1.0,7,7,0,405334016,EleutherAI/pythia-410m,step8,seed6,6,8
He was in a distinguished position.,He was in a yoga position.,position,position,Different Sense,0.025516152381896973,14,1.0,7,7,0,405334016,EleutherAI/pythia-410m,step8,seed6,6,8
He was in a distinguished position.,He was in a yoga position.,position,position,Different Sense,0.024993062019348145,15,1.0,7,7,0,405334016,EleutherAI/pythia-410m,step8,seed6,6,8
He was in a distinguished position.,He was in a yoga position.,position,position,Different Sense,0.024477124214172363,16,1.0,7,7,0,405334016,EleutherAI/pythia-410m,step8,seed6,6,8
He was in a distinguished position.,He was in a yoga position.,position,position,Different Sense,0.024232804775238037,17,1.0,7,7,0,405334016,EleutherAI/pythia-410m,step8,seed6,6,8
He was in a distinguished position.,He was in a yoga position.,position,position,Different Sense,0.023745417594909668,18,1.0,7,7,0,405334016,EleutherAI/pythia-410m,step8,seed6,6,8
He was in a distinguished position.,He was in a yoga position.,position,position,Different Sense,0.023362040519714355,19,1.0,7,7,0,405334016,EleutherAI/pythia-410m,step8,seed6,6,8
He was in a distinguished position.,He was in a yoga position.,position,position,Different Sense,0.022815704345703125,20,1.0,7,7,0,405334016,EleutherAI/pythia-410m,step8,seed6,6,8
He was in a distinguished position.,He was in a yoga position.,position,position,Different Sense,0.02268880605697632,21,1.0,7,7,0,405334016,EleutherAI/pythia-410m,step8,seed6,6,8
He was in a distinguished position.,He was in a yoga position.,position,position,Different Sense,0.021478474140167236,22,1.0,7,7,0,405334016,EleutherAI/pythia-410m,step8,seed6,6,8
He was in a distinguished position.,He was in a yoga position.,position,position,Different Sense,0.02087634801864624,23,1.0,7,7,0,405334016,EleutherAI/pythia-410m,step8,seed6,6,8
He was in a distinguished position.,He was in a yoga position.,position,position,Different Sense,0.02080923318862915,24,1.0,7,7,0,405334016,EleutherAI/pythia-410m,step8,seed6,6,8
He was in a prominent position.,He was in a fetal position.,position,position,Different Sense,0.0,0,0.888888889,7,7,0,405334016,EleutherAI/pythia-410m,step8,seed6,6,8
He was in a prominent position.,He was in a fetal position.,position,position,Different Sense,0.01508176326751709,1,0.888888889,7,7,0,405334016,EleutherAI/pythia-410m,step8,seed6,6,8
He was in a prominent position.,He was in a fetal position.,position,position,Different Sense,0.021331071853637695,2,0.888888889,7,7,0,405334016,EleutherAI/pythia-410m,step8,seed6,6,8
He was in a prominent position.,He was in a fetal position.,position,position,Different Sense,0.024084627628326416,3,0.888888889,7,7,0,405334016,EleutherAI/pythia-410m,step8,seed6,6,8
He was in a prominent position.,He was in a fetal position.,position,position,Different Sense,0.026868045330047607,4,0.888888889,7,7,0,405334016,EleutherAI/pythia-410m,step8,seed6,6,8
He was in a prominent position.,He was in a fetal position.,position,position,Different Sense,0.026240170001983643,5,0.888888889,7,7,0,405334016,EleutherAI/pythia-410m,step8,seed6,6,8
He was in a prominent position.,He was in a fetal position.,position,position,Different Sense,0.025811493396759033,6,0.888888889,7,7,0,405334016,EleutherAI/pythia-410m,step8,seed6,6,8
He was in a prominent position.,He was in a fetal position.,position,position,Different Sense,0.025675833225250244,7,0.888888889,7,7,0,405334016,EleutherAI/pythia-410m,step8,seed6,6,8
He was in a prominent position.,He was in a fetal position.,position,position,Different Sense,0.025394022464752197,8,0.888888889,7,7,0,405334016,EleutherAI/pythia-410m,step8,seed6,6,8
He was in a prominent position.,He was in a fetal position.,position,position,Different Sense,0.025840580463409424,9,0.888888889,7,7,0,405334016,EleutherAI/pythia-410m,step8,seed6,6,8
He was in a prominent position.,He was in a fetal position.,position,position,Different Sense,0.02502840757369995,10,0.888888889,7,7,0,405334016,EleutherAI/pythia-410m,step8,seed6,6,8
He was in a prominent position.,He was in a fetal position.,position,position,Different Sense,0.023731589317321777,11,0.888888889,7,7,0,405334016,EleutherAI/pythia-410m,step8,seed6,6,8
He was in a prominent position.,He was in a fetal position.,position,position,Different Sense,0.02357715368270874,12,0.888888889,7,7,0,405334016,EleutherAI/pythia-410m,step8,seed6,6,8
He was in a prominent position.,He was in a fetal position.,position,position,Different Sense,0.023455321788787842,13,0.888888889,7,7,0,405334016,EleutherAI/pythia-410m,step8,seed6,6,8
He was in a prominent position.,He was in a fetal position.,position,position,Different Sense,0.021806776523590088,14,0.888888889,7,7,0,405334016,EleutherAI/pythia-410m,step8,seed6,6,8
He was in a prominent position.,He was in a fetal position.,position,position,Different Sense,0.021679401397705078,15,0.888888889,7,7,0,405334016,EleutherAI/pythia-410m,step8,seed6,6,8
He was in a prominent position.,He was in a fetal position.,position,position,Different Sense,0.020941317081451416,16,0.888888889,7,7,0,405334016,EleutherAI/pythia-410m,step8,seed6,6,8
He was in a prominent position.,He was in a fetal position.,position,position,Different Sense,0.020745456218719482,17,0.888888889,7,7,0,405334016,EleutherAI/pythia-410m,step8,seed6,6,8
He was in a prominent position.,He was in a fetal position.,position,position,Different Sense,0.021070241928100586,18,0.888888889,7,7,0,405334016,EleutherAI/pythia-410m,step8,seed6,6,8
He was in a prominent position.,He was in a fetal position.,position,position,Different Sense,0.020951569080352783,19,0.888888889,7,7,0,405334016,EleutherAI/pythia-410m,step8,seed6,6,8
He was in a prominent position.,He was in a fetal position.,position,position,Different Sense,0.020073354244232178,20,0.888888889,7,7,0,405334016,EleutherAI/pythia-410m,step8,seed6,6,8
He was in a prominent position.,He was in a fetal position.,position,position,Different Sense,0.019885897636413574,21,0.888888889,7,7,0,405334016,EleutherAI/pythia-410m,step8,seed6,6,8
He was in a prominent position.,He was in a fetal position.,position,position,Different Sense,0.019163846969604492,22,0.888888889,7,7,0,405334016,EleutherAI/pythia-410m,step8,seed6,6,8
He was in a prominent position.,He was in a fetal position.,position,position,Different Sense,0.019101738929748535,23,0.888888889,7,7,0,405334016,EleutherAI/pythia-410m,step8,seed6,6,8
He was in a prominent position.,He was in a fetal position.,position,position,Different Sense,0.018554985523223877,24,0.888888889,7,7,0,405334016,EleutherAI/pythia-410m,step8,seed6,6,8
He was in a prominent position.,He was in a yoga position.,position,position,Different Sense,0.0,0,0.923076923,7,7,0,405334016,EleutherAI/pythia-410m,step8,seed6,6,8
He was in a prominent position.,He was in a yoga position.,position,position,Different Sense,0.01608043909072876,1,0.923076923,7,7,0,405334016,EleutherAI/pythia-410m,step8,seed6,6,8
He was in a prominent position.,He was in a yoga position.,position,position,Different Sense,0.022414565086364746,2,0.923076923,7,7,0,405334016,EleutherAI/pythia-410m,step8,seed6,6,8
He was in a prominent position.,He was in a yoga position.,position,position,Different Sense,0.025842785835266113,3,0.923076923,7,7,0,405334016,EleutherAI/pythia-410m,step8,seed6,6,8
He was in a prominent position.,He was in a yoga position.,position,position,Different Sense,0.02757316827774048,4,0.923076923,7,7,0,405334016,EleutherAI/pythia-410m,step8,seed6,6,8
He was in a prominent position.,He was in a yoga position.,position,position,Different Sense,0.02767854928970337,5,0.923076923,7,7,0,405334016,EleutherAI/pythia-410m,step8,seed6,6,8
He was in a prominent position.,He was in a yoga position.,position,position,Different Sense,0.027637004852294922,6,0.923076923,7,7,0,405334016,EleutherAI/pythia-410m,step8,seed6,6,8
He was in a prominent position.,He was in a yoga position.,position,position,Different Sense,0.02860504388809204,7,0.923076923,7,7,0,405334016,EleutherAI/pythia-410m,step8,seed6,6,8
He was in a prominent position.,He was in a yoga position.,position,position,Different Sense,0.028780996799468994,8,0.923076923,7,7,0,405334016,EleutherAI/pythia-410m,step8,seed6,6,8
He was in a prominent position.,He was in a yoga position.,position,position,Different Sense,0.027484536170959473,9,0.923076923,7,7,0,405334016,EleutherAI/pythia-410m,step8,seed6,6,8
He was in a prominent position.,He was in a yoga position.,position,position,Different Sense,0.027710258960723877,10,0.923076923,7,7,0,405334016,EleutherAI/pythia-410m,step8,seed6,6,8
He was in a prominent position.,He was in a yoga position.,position,position,Different Sense,0.025852501392364502,11,0.923076923,7,7,0,405334016,EleutherAI/pythia-410m,step8,seed6,6,8
He was in a prominent position.,He was in a yoga position.,position,position,Different Sense,0.025285959243774414,12,0.923076923,7,7,0,405334016,EleutherAI/pythia-410m,step8,seed6,6,8
He was in a prominent position.,He was in a yoga position.,position,position,Different Sense,0.024968326091766357,13,0.923076923,7,7,0,405334016,EleutherAI/pythia-410m,step8,seed6,6,8
He was in a prominent position.,He was in a yoga position.,position,position,Different Sense,0.024126827716827393,14,0.923076923,7,7,0,405334016,EleutherAI/pythia-410m,step8,seed6,6,8
He was in a prominent position.,He was in a yoga position.,position,position,Different Sense,0.02356654405593872,15,0.923076923,7,7,0,405334016,EleutherAI/pythia-410m,step8,seed6,6,8
He was in a prominent position.,He was in a yoga position.,position,position,Different Sense,0.02285712957382202,16,0.923076923,7,7,0,405334016,EleutherAI/pythia-410m,step8,seed6,6,8
He was in a prominent position.,He was in a yoga position.,position,position,Different Sense,0.0222170352935791,17,0.923076923,7,7,0,405334016,EleutherAI/pythia-410m,step8,seed6,6,8
He was in a prominent position.,He was in a yoga position.,position,position,Different Sense,0.02245306968688965,18,0.923076923,7,7,0,405334016,EleutherAI/pythia-410m,step8,seed6,6,8
He was in a prominent position.,He was in a yoga position.,position,position,Different Sense,0.022280097007751465,19,0.923076923,7,7,0,405334016,EleutherAI/pythia-410m,step8,seed6,6,8
He was in a prominent position.,He was in a yoga position.,position,position,Different Sense,0.021996259689331055,20,0.923076923,7,7,0,405334016,EleutherAI/pythia-410m,step8,seed6,6,8
He was in a prominent position.,He was in a yoga position.,position,position,Different Sense,0.021559178829193115,21,0.923076923,7,7,0,405334016,EleutherAI/pythia-410m,step8,seed6,6,8
He was in a prominent position.,He was in a yoga position.,position,position,Different Sense,0.02050846815109253,22,0.923076923,7,7,0,405334016,EleutherAI/pythia-410m,step8,seed6,6,8
He was in a prominent position.,He was in a yoga position.,position,position,Different Sense,0.019952356815338135,23,0.923076923,7,7,0,405334016,EleutherAI/pythia-410m,step8,seed6,6,8
He was in a prominent position.,He was in a yoga position.,position,position,Different Sense,0.019847750663757324,24,0.923076923,7,7,0,405334016,EleutherAI/pythia-410m,step8,seed6,6,8
He was in a distinguished position.,He was in a prominent position.,position,position,Same Sense,0.0,0,3.666666667,7,7,0,405334016,EleutherAI/pythia-410m,step8,seed6,6,8
He was in a distinguished position.,He was in a prominent position.,position,position,Same Sense,0.020287513732910156,1,3.666666667,7,7,0,405334016,EleutherAI/pythia-410m,step8,seed6,6,8
He was in a distinguished position.,He was in a prominent position.,position,position,Same Sense,0.025165259838104248,2,3.666666667,7,7,0,405334016,EleutherAI/pythia-410m,step8,seed6,6,8
He was in a distinguished position.,He was in a prominent position.,position,position,Same Sense,0.02838718891143799,3,3.666666667,7,7,0,405334016,EleutherAI/pythia-410m,step8,seed6,6,8
He was in a distinguished position.,He was in a prominent position.,position,position,Same Sense,0.030704140663146973,4,3.666666667,7,7,0,405334016,EleutherAI/pythia-410m,step8,seed6,6,8
He was in a distinguished position.,He was in a prominent position.,position,position,Same Sense,0.029534101486206055,5,3.666666667,7,7,0,405334016,EleutherAI/pythia-410m,step8,seed6,6,8
He was in a distinguished position.,He was in a prominent position.,position,position,Same Sense,0.02805483341217041,6,3.666666667,7,7,0,405334016,EleutherAI/pythia-410m,step8,seed6,6,8
He was in a distinguished position.,He was in a prominent position.,position,position,Same Sense,0.02878105640411377,7,3.666666667,7,7,0,405334016,EleutherAI/pythia-410m,step8,seed6,6,8
He was in a distinguished position.,He was in a prominent position.,position,position,Same Sense,0.028553664684295654,8,3.666666667,7,7,0,405334016,EleutherAI/pythia-410m,step8,seed6,6,8
He was in a distinguished position.,He was in a prominent position.,position,position,Same Sense,0.028554201126098633,9,3.666666667,7,7,0,405334016,EleutherAI/pythia-410m,step8,seed6,6,8
He was in a distinguished position.,He was in a prominent position.,position,position,Same Sense,0.02830803394317627,10,3.666666667,7,7,0,405334016,EleutherAI/pythia-410m,step8,seed6,6,8
He was in a distinguished position.,He was in a prominent position.,position,position,Same Sense,0.026806652545928955,11,3.666666667,7,7,0,405334016,EleutherAI/pythia-410m,step8,seed6,6,8
He was in a distinguished position.,He was in a prominent position.,position,position,Same Sense,0.02613222599029541,12,3.666666667,7,7,0,405334016,EleutherAI/pythia-410m,step8,seed6,6,8
He was in a distinguished position.,He was in a prominent position.,position,position,Same Sense,0.02555990219116211,13,3.666666667,7,7,0,405334016,EleutherAI/pythia-410m,step8,seed6,6,8
He was in a distinguished position.,He was in a prominent position.,position,position,Same Sense,0.0244215726852417,14,3.666666667,7,7,0,405334016,EleutherAI/pythia-410m,step8,seed6,6,8
He was in a distinguished position.,He was in a prominent position.,position,position,Same Sense,0.023635923862457275,15,3.666666667,7,7,0,405334016,EleutherAI/pythia-410m,step8,seed6,6,8
He was in a distinguished position.,He was in a prominent position.,position,position,Same Sense,0.023291707038879395,16,3.666666667,7,7,0,405334016,EleutherAI/pythia-410m,step8,seed6,6,8
He was in a distinguished position.,He was in a prominent position.,position,position,Same Sense,0.023013710975646973,17,3.666666667,7,7,0,405334016,EleutherAI/pythia-410m,step8,seed6,6,8
He was in a distinguished position.,He was in a prominent position.,position,position,Same Sense,0.02285856008529663,18,3.666666667,7,7,0,405334016,EleutherAI/pythia-410m,step8,seed6,6,8
He was in a distinguished position.,He was in a prominent position.,position,position,Same Sense,0.022427499294281006,19,3.666666667,7,7,0,405334016,EleutherAI/pythia-410m,step8,seed6,6,8
He was in a distinguished position.,He was in a prominent position.,position,position,Same Sense,0.022150754928588867,20,3.666666667,7,7,0,405334016,EleutherAI/pythia-410m,step8,seed6,6,8
He was in a distinguished position.,He was in a prominent position.,position,position,Same Sense,0.021893203258514404,21,3.666666667,7,7,0,405334016,EleutherAI/pythia-410m,step8,seed6,6,8
He was in a distinguished position.,He was in a prominent position.,position,position,Same Sense,0.021014690399169922,22,3.666666667,7,7,0,405334016,EleutherAI/pythia-410m,step8,seed6,6,8
He was in a distinguished position.,He was in a prominent position.,position,position,Same Sense,0.020507097244262695,23,3.666666667,7,7,0,405334016,EleutherAI/pythia-410m,step8,seed6,6,8
He was in a distinguished position.,He was in a prominent position.,position,position,Same Sense,0.020213425159454346,24,3.666666667,7,7,0,405334016,EleutherAI/pythia-410m,step8,seed6,6,8
He was in a fetal position.,He was in a yoga position.,position,position,Same Sense,0.0,0,3.5,7,7,0,405334016,EleutherAI/pythia-410m,step8,seed6,6,8
He was in a fetal position.,He was in a yoga position.,position,position,Same Sense,0.01780182123184204,1,3.5,7,7,0,405334016,EleutherAI/pythia-410m,step8,seed6,6,8
He was in a fetal position.,He was in a yoga position.,position,position,Same Sense,0.02429831027984619,2,3.5,7,7,0,405334016,EleutherAI/pythia-410m,step8,seed6,6,8
He was in a fetal position.,He was in a yoga position.,position,position,Same Sense,0.0265427827835083,3,3.5,7,7,0,405334016,EleutherAI/pythia-410m,step8,seed6,6,8
He was in a fetal position.,He was in a yoga position.,position,position,Same Sense,0.02719062566757202,4,3.5,7,7,0,405334016,EleutherAI/pythia-410m,step8,seed6,6,8
He was in a fetal position.,He was in a yoga position.,position,position,Same Sense,0.02781093120574951,5,3.5,7,7,0,405334016,EleutherAI/pythia-410m,step8,seed6,6,8
He was in a fetal position.,He was in a yoga position.,position,position,Same Sense,0.027933180332183838,6,3.5,7,7,0,405334016,EleutherAI/pythia-410m,step8,seed6,6,8
He was in a fetal position.,He was in a yoga position.,position,position,Same Sense,0.02782493829727173,7,3.5,7,7,0,405334016,EleutherAI/pythia-410m,step8,seed6,6,8
He was in a fetal position.,He was in a yoga position.,position,position,Same Sense,0.02742081880569458,8,3.5,7,7,0,405334016,EleutherAI/pythia-410m,step8,seed6,6,8
He was in a fetal position.,He was in a yoga position.,position,position,Same Sense,0.027013182640075684,9,3.5,7,7,0,405334016,EleutherAI/pythia-410m,step8,seed6,6,8
He was in a fetal position.,He was in a yoga position.,position,position,Same Sense,0.027465105056762695,10,3.5,7,7,0,405334016,EleutherAI/pythia-410m,step8,seed6,6,8
He was in a fetal position.,He was in a yoga position.,position,position,Same Sense,0.025416553020477295,11,3.5,7,7,0,405334016,EleutherAI/pythia-410m,step8,seed6,6,8
He was in a fetal position.,He was in a yoga position.,position,position,Same Sense,0.025780022144317627,12,3.5,7,7,0,405334016,EleutherAI/pythia-410m,step8,seed6,6,8
He was in a fetal position.,He was in a yoga position.,position,position,Same Sense,0.025883078575134277,13,3.5,7,7,0,405334016,EleutherAI/pythia-410m,step8,seed6,6,8
He was in a fetal position.,He was in a yoga position.,position,position,Same Sense,0.024881720542907715,14,3.5,7,7,0,405334016,EleutherAI/pythia-410m,step8,seed6,6,8
He was in a fetal position.,He was in a yoga position.,position,position,Same Sense,0.02444136142730713,15,3.5,7,7,0,405334016,EleutherAI/pythia-410m,step8,seed6,6,8
He was in a fetal position.,He was in a yoga position.,position,position,Same Sense,0.023053526878356934,16,3.5,7,7,0,405334016,EleutherAI/pythia-410m,step8,seed6,6,8
He was in a fetal position.,He was in a yoga position.,position,position,Same Sense,0.02267974615097046,17,3.5,7,7,0,405334016,EleutherAI/pythia-410m,step8,seed6,6,8
He was in a fetal position.,He was in a yoga position.,position,position,Same Sense,0.02304786443710327,18,3.5,7,7,0,405334016,EleutherAI/pythia-410m,step8,seed6,6,8
He was in a fetal position.,He was in a yoga position.,position,position,Same Sense,0.022651076316833496,19,3.5,7,7,0,405334016,EleutherAI/pythia-410m,step8,seed6,6,8
He was in a fetal position.,He was in a yoga position.,position,position,Same Sense,0.021807849407196045,20,3.5,7,7,0,405334016,EleutherAI/pythia-410m,step8,seed6,6,8
He was in a fetal position.,He was in a yoga position.,position,position,Same Sense,0.02168893814086914,21,3.5,7,7,0,405334016,EleutherAI/pythia-410m,step8,seed6,6,8
He was in a fetal position.,He was in a yoga position.,position,position,Same Sense,0.020870983600616455,22,3.5,7,7,0,405334016,EleutherAI/pythia-410m,step8,seed6,6,8
He was in a fetal position.,He was in a yoga position.,position,position,Same Sense,0.020556867122650146,23,3.5,7,7,0,405334016,EleutherAI/pythia-410m,step8,seed6,6,8
He was in a fetal position.,He was in a yoga position.,position,position,Same Sense,0.020121514797210693,24,3.5,7,7,0,405334016,EleutherAI/pythia-410m,step8,seed6,6,8
It was a wooden post.,It was a teaching post.,post,post,Different Sense,0.0,0,1.0,6,6,0,405334016,EleutherAI/pythia-410m,step8,seed6,6,8
It was a wooden post.,It was a teaching post.,post,post,Different Sense,0.024659693241119385,1,1.0,6,6,0,405334016,EleutherAI/pythia-410m,step8,seed6,6,8
It was a wooden post.,It was a teaching post.,post,post,Different Sense,0.03084486722946167,2,1.0,6,6,0,405334016,EleutherAI/pythia-410m,step8,seed6,6,8
It was a wooden post.,It was a teaching post.,post,post,Different Sense,0.03525668382644653,3,1.0,6,6,0,405334016,EleutherAI/pythia-410m,step8,seed6,6,8
It was a wooden post.,It was a teaching post.,post,post,Different Sense,0.038992106914520264,4,1.0,6,6,0,405334016,EleutherAI/pythia-410m,step8,seed6,6,8
It was a wooden post.,It was a teaching post.,post,post,Different Sense,0.04304301738739014,5,1.0,6,6,0,405334016,EleutherAI/pythia-410m,step8,seed6,6,8
It was a wooden post.,It was a teaching post.,post,post,Different Sense,0.04260474443435669,6,1.0,6,6,0,405334016,EleutherAI/pythia-410m,step8,seed6,6,8
It was a wooden post.,It was a teaching post.,post,post,Different Sense,0.040273845195770264,7,1.0,6,6,0,405334016,EleutherAI/pythia-410m,step8,seed6,6,8
It was a wooden post.,It was a teaching post.,post,post,Different Sense,0.038100361824035645,8,1.0,6,6,0,405334016,EleutherAI/pythia-410m,step8,seed6,6,8
It was a wooden post.,It was a teaching post.,post,post,Different Sense,0.03641229867935181,9,1.0,6,6,0,405334016,EleutherAI/pythia-410m,step8,seed6,6,8
It was a wooden post.,It was a teaching post.,post,post,Different Sense,0.03615450859069824,10,1.0,6,6,0,405334016,EleutherAI/pythia-410m,step8,seed6,6,8
It was a wooden post.,It was a teaching post.,post,post,Different Sense,0.036010682582855225,11,1.0,6,6,0,405334016,EleutherAI/pythia-410m,step8,seed6,6,8
It was a wooden post.,It was a teaching post.,post,post,Different Sense,0.036076247692108154,12,1.0,6,6,0,405334016,EleutherAI/pythia-410m,step8,seed6,6,8
It was a wooden post.,It was a teaching post.,post,post,Different Sense,0.03654235601425171,13,1.0,6,6,0,405334016,EleutherAI/pythia-410m,step8,seed6,6,8
It was a wooden post.,It was a teaching post.,post,post,Different Sense,0.03676670789718628,14,1.0,6,6,0,405334016,EleutherAI/pythia-410m,step8,seed6,6,8
It was a wooden post.,It was a teaching post.,post,post,Different Sense,0.03610283136367798,15,1.0,6,6,0,405334016,EleutherAI/pythia-410m,step8,seed6,6,8
It was a wooden post.,It was a teaching post.,post,post,Different Sense,0.03575623035430908,16,1.0,6,6,0,405334016,EleutherAI/pythia-410m,step8,seed6,6,8
It was a wooden post.,It was a teaching post.,post,post,Different Sense,0.03485208749771118,17,1.0,6,6,0,405334016,EleutherAI/pythia-410m,step8,seed6,6,8
It was a wooden post.,It was a teaching post.,post,post,Different Sense,0.03406345844268799,18,1.0,6,6,0,405334016,EleutherAI/pythia-410m,step8,seed6,6,8
It was a wooden post.,It was a teaching post.,post,post,Different Sense,0.03372633457183838,19,1.0,6,6,0,405334016,EleutherAI/pythia-410m,step8,seed6,6,8
It was a wooden post.,It was a teaching post.,post,post,Different Sense,0.03376758098602295,20,1.0,6,6,0,405334016,EleutherAI/pythia-410m,step8,seed6,6,8
It was a wooden post.,It was a teaching post.,post,post,Different Sense,0.03466290235519409,21,1.0,6,6,0,405334016,EleutherAI/pythia-410m,step8,seed6,6,8
It was a wooden post.,It was a teaching post.,post,post,Different Sense,0.033152222633361816,22,1.0,6,6,0,405334016,EleutherAI/pythia-410m,step8,seed6,6,8
It was a wooden post.,It was a teaching post.,post,post,Different Sense,0.03247791528701782,23,1.0,6,6,0,405334016,EleutherAI/pythia-410m,step8,seed6,6,8
It was a wooden post.,It was a teaching post.,post,post,Different Sense,0.032151639461517334,24,1.0,6,6,0,405334016,EleutherAI/pythia-410m,step8,seed6,6,8
It was a wooden post.,It was a challenging post.,post,post,Different Sense,0.0,0,0.375,6,6,0,405334016,EleutherAI/pythia-410m,step8,seed6,6,8
It was a wooden post.,It was a challenging post.,post,post,Different Sense,0.02466505765914917,1,0.375,6,6,0,405334016,EleutherAI/pythia-410m,step8,seed6,6,8
It was a wooden post.,It was a challenging post.,post,post,Different Sense,0.03123021125793457,2,0.375,6,6,0,405334016,EleutherAI/pythia-410m,step8,seed6,6,8
It was a wooden post.,It was a challenging post.,post,post,Different Sense,0.03557848930358887,3,0.375,6,6,0,405334016,EleutherAI/pythia-410m,step8,seed6,6,8
It was a wooden post.,It was a challenging post.,post,post,Different Sense,0.038746178150177,4,0.375,6,6,0,405334016,EleutherAI/pythia-410m,step8,seed6,6,8
It was a wooden post.,It was a challenging post.,post,post,Different Sense,0.04228568077087402,5,0.375,6,6,0,405334016,EleutherAI/pythia-410m,step8,seed6,6,8
It was a wooden post.,It was a challenging post.,post,post,Different Sense,0.042037785053253174,6,0.375,6,6,0,405334016,EleutherAI/pythia-410m,step8,seed6,6,8
It was a wooden post.,It was a challenging post.,post,post,Different Sense,0.04081040620803833,7,0.375,6,6,0,405334016,EleutherAI/pythia-410m,step8,seed6,6,8
It was a wooden post.,It was a challenging post.,post,post,Different Sense,0.0390048623085022,8,0.375,6,6,0,405334016,EleutherAI/pythia-410m,step8,seed6,6,8
It was a wooden post.,It was a challenging post.,post,post,Different Sense,0.03906238079071045,9,0.375,6,6,0,405334016,EleutherAI/pythia-410m,step8,seed6,6,8
It was a wooden post.,It was a challenging post.,post,post,Different Sense,0.037473082542419434,10,0.375,6,6,0,405334016,EleutherAI/pythia-410m,step8,seed6,6,8
It was a wooden post.,It was a challenging post.,post,post,Different Sense,0.03721266984939575,11,0.375,6,6,0,405334016,EleutherAI/pythia-410m,step8,seed6,6,8
It was a wooden post.,It was a challenging post.,post,post,Different Sense,0.03756636381149292,12,0.375,6,6,0,405334016,EleutherAI/pythia-410m,step8,seed6,6,8
It was a wooden post.,It was a challenging post.,post,post,Different Sense,0.0381661057472229,13,0.375,6,6,0,405334016,EleutherAI/pythia-410m,step8,seed6,6,8
It was a wooden post.,It was a challenging post.,post,post,Different Sense,0.03867840766906738,14,0.375,6,6,0,405334016,EleutherAI/pythia-410m,step8,seed6,6,8
It was a wooden post.,It was a challenging post.,post,post,Different Sense,0.039207279682159424,15,0.375,6,6,0,405334016,EleutherAI/pythia-410m,step8,seed6,6,8
It was a wooden post.,It was a challenging post.,post,post,Different Sense,0.03859037160873413,16,0.375,6,6,0,405334016,EleutherAI/pythia-410m,step8,seed6,6,8
It was a wooden post.,It was a challenging post.,post,post,Different Sense,0.038111865520477295,17,0.375,6,6,0,405334016,EleutherAI/pythia-410m,step8,seed6,6,8
It was a wooden post.,It was a challenging post.,post,post,Different Sense,0.03720492124557495,18,0.375,6,6,0,405334016,EleutherAI/pythia-410m,step8,seed6,6,8
It was a wooden post.,It was a challenging post.,post,post,Different Sense,0.037243664264678955,19,0.375,6,6,0,405334016,EleutherAI/pythia-410m,step8,seed6,6,8
It was a wooden post.,It was a challenging post.,post,post,Different Sense,0.03708678483963013,20,0.375,6,6,0,405334016,EleutherAI/pythia-410m,step8,seed6,6,8
It was a wooden post.,It was a challenging post.,post,post,Different Sense,0.03820449113845825,21,0.375,6,6,0,405334016,EleutherAI/pythia-410m,step8,seed6,6,8
It was a wooden post.,It was a challenging post.,post,post,Different Sense,0.036596596240997314,22,0.375,6,6,0,405334016,EleutherAI/pythia-410m,step8,seed6,6,8
It was a wooden post.,It was a challenging post.,post,post,Different Sense,0.03670233488082886,23,0.375,6,6,0,405334016,EleutherAI/pythia-410m,step8,seed6,6,8
It was a wooden post.,It was a challenging post.,post,post,Different Sense,0.036645472049713135,24,0.375,6,6,0,405334016,EleutherAI/pythia-410m,step8,seed6,6,8
It was a fence post.,It was a teaching post.,post,post,Different Sense,0.0,0,0.583333333,6,6,0,405334016,EleutherAI/pythia-410m,step8,seed6,6,8
It was a fence post.,It was a teaching post.,post,post,Different Sense,0.02340984344482422,1,0.583333333,6,6,0,405334016,EleutherAI/pythia-410m,step8,seed6,6,8
It was a fence post.,It was a teaching post.,post,post,Different Sense,0.03102099895477295,2,0.583333333,6,6,0,405334016,EleutherAI/pythia-410m,step8,seed6,6,8
It was a fence post.,It was a teaching post.,post,post,Different Sense,0.03266984224319458,3,0.583333333,6,6,0,405334016,EleutherAI/pythia-410m,step8,seed6,6,8
It was a fence post.,It was a teaching post.,post,post,Different Sense,0.03339499235153198,4,0.583333333,6,6,0,405334016,EleutherAI/pythia-410m,step8,seed6,6,8
It was a fence post.,It was a teaching post.,post,post,Different Sense,0.03674483299255371,5,0.583333333,6,6,0,405334016,EleutherAI/pythia-410m,step8,seed6,6,8
It was a fence post.,It was a teaching post.,post,post,Different Sense,0.03775244951248169,6,0.583333333,6,6,0,405334016,EleutherAI/pythia-410m,step8,seed6,6,8
It was a fence post.,It was a teaching post.,post,post,Different Sense,0.038146793842315674,7,0.583333333,6,6,0,405334016,EleutherAI/pythia-410m,step8,seed6,6,8
It was a fence post.,It was a teaching post.,post,post,Different Sense,0.0369257926940918,8,0.583333333,6,6,0,405334016,EleutherAI/pythia-410m,step8,seed6,6,8
It was a fence post.,It was a teaching post.,post,post,Different Sense,0.0347476601600647,9,0.583333333,6,6,0,405334016,EleutherAI/pythia-410m,step8,seed6,6,8
It was a fence post.,It was a teaching post.,post,post,Different Sense,0.03415614366531372,10,0.583333333,6,6,0,405334016,EleutherAI/pythia-410m,step8,seed6,6,8
It was a fence post.,It was a teaching post.,post,post,Different Sense,0.03393286466598511,11,0.583333333,6,6,0,405334016,EleutherAI/pythia-410m,step8,seed6,6,8
It was a fence post.,It was a teaching post.,post,post,Different Sense,0.034128427505493164,12,0.583333333,6,6,0,405334016,EleutherAI/pythia-410m,step8,seed6,6,8
It was a fence post.,It was a teaching post.,post,post,Different Sense,0.034561872482299805,13,0.583333333,6,6,0,405334016,EleutherAI/pythia-410m,step8,seed6,6,8
It was a fence post.,It was a teaching post.,post,post,Different Sense,0.03368663787841797,14,0.583333333,6,6,0,405334016,EleutherAI/pythia-410m,step8,seed6,6,8
It was a fence post.,It was a teaching post.,post,post,Different Sense,0.03375488519668579,15,0.583333333,6,6,0,405334016,EleutherAI/pythia-410m,step8,seed6,6,8
It was a fence post.,It was a teaching post.,post,post,Different Sense,0.03280371427536011,16,0.583333333,6,6,0,405334016,EleutherAI/pythia-410m,step8,seed6,6,8
It was a fence post.,It was a teaching post.,post,post,Different Sense,0.03250265121459961,17,0.583333333,6,6,0,405334016,EleutherAI/pythia-410m,step8,seed6,6,8
It was a fence post.,It was a teaching post.,post,post,Different Sense,0.03171265125274658,18,0.583333333,6,6,0,405334016,EleutherAI/pythia-410m,step8,seed6,6,8
It was a fence post.,It was a teaching post.,post,post,Different Sense,0.0316317081451416,19,0.583333333,6,6,0,405334016,EleutherAI/pythia-410m,step8,seed6,6,8
It was a fence post.,It was a teaching post.,post,post,Different Sense,0.0323948860168457,20,0.583333333,6,6,0,405334016,EleutherAI/pythia-410m,step8,seed6,6,8
It was a fence post.,It was a teaching post.,post,post,Different Sense,0.032793402671813965,21,0.583333333,6,6,0,405334016,EleutherAI/pythia-410m,step8,seed6,6,8
It was a fence post.,It was a teaching post.,post,post,Different Sense,0.03077596426010132,22,0.583333333,6,6,0,405334016,EleutherAI/pythia-410m,step8,seed6,6,8
It was a fence post.,It was a teaching post.,post,post,Different Sense,0.030203521251678467,23,0.583333333,6,6,0,405334016,EleutherAI/pythia-410m,step8,seed6,6,8
It was a fence post.,It was a teaching post.,post,post,Different Sense,0.02944767475128174,24,0.583333333,6,6,0,405334016,EleutherAI/pythia-410m,step8,seed6,6,8
It was a fence post.,It was a challenging post.,post,post,Different Sense,0.0,0,1.083333333,6,6,0,405334016,EleutherAI/pythia-410m,step8,seed6,6,8
It was a fence post.,It was a challenging post.,post,post,Different Sense,0.024976611137390137,1,1.083333333,6,6,0,405334016,EleutherAI/pythia-410m,step8,seed6,6,8
It was a fence post.,It was a challenging post.,post,post,Different Sense,0.02964913845062256,2,1.083333333,6,6,0,405334016,EleutherAI/pythia-410m,step8,seed6,6,8
It was a fence post.,It was a challenging post.,post,post,Different Sense,0.031500279903411865,3,1.083333333,6,6,0,405334016,EleutherAI/pythia-410m,step8,seed6,6,8
It was a fence post.,It was a challenging post.,post,post,Different Sense,0.03119683265686035,4,1.083333333,6,6,0,405334016,EleutherAI/pythia-410m,step8,seed6,6,8
It was a fence post.,It was a challenging post.,post,post,Different Sense,0.03292059898376465,5,1.083333333,6,6,0,405334016,EleutherAI/pythia-410m,step8,seed6,6,8
It was a fence post.,It was a challenging post.,post,post,Different Sense,0.03350186347961426,6,1.083333333,6,6,0,405334016,EleutherAI/pythia-410m,step8,seed6,6,8
It was a fence post.,It was a challenging post.,post,post,Different Sense,0.0337679386138916,7,1.083333333,6,6,0,405334016,EleutherAI/pythia-410m,step8,seed6,6,8
It was a fence post.,It was a challenging post.,post,post,Different Sense,0.03252851963043213,8,1.083333333,6,6,0,405334016,EleutherAI/pythia-410m,step8,seed6,6,8
It was a fence post.,It was a challenging post.,post,post,Different Sense,0.03123527765274048,9,1.083333333,6,6,0,405334016,EleutherAI/pythia-410m,step8,seed6,6,8
It was a fence post.,It was a challenging post.,post,post,Different Sense,0.02990955114364624,10,1.083333333,6,6,0,405334016,EleutherAI/pythia-410m,step8,seed6,6,8
It was a fence post.,It was a challenging post.,post,post,Different Sense,0.028828322887420654,11,1.083333333,6,6,0,405334016,EleutherAI/pythia-410m,step8,seed6,6,8
It was a fence post.,It was a challenging post.,post,post,Different Sense,0.029187321662902832,12,1.083333333,6,6,0,405334016,EleutherAI/pythia-410m,step8,seed6,6,8
It was a fence post.,It was a challenging post.,post,post,Different Sense,0.02915436029434204,13,1.083333333,6,6,0,405334016,EleutherAI/pythia-410m,step8,seed6,6,8
It was a fence post.,It was a challenging post.,post,post,Different Sense,0.029291272163391113,14,1.083333333,6,6,0,405334016,EleutherAI/pythia-410m,step8,seed6,6,8
It was a fence post.,It was a challenging post.,post,post,Different Sense,0.02887582778930664,15,1.083333333,6,6,0,405334016,EleutherAI/pythia-410m,step8,seed6,6,8
It was a fence post.,It was a challenging post.,post,post,Different Sense,0.028575658798217773,16,1.083333333,6,6,0,405334016,EleutherAI/pythia-410m,step8,seed6,6,8
It was a fence post.,It was a challenging post.,post,post,Different Sense,0.02834498882293701,17,1.083333333,6,6,0,405334016,EleutherAI/pythia-410m,step8,seed6,6,8
It was a fence post.,It was a challenging post.,post,post,Different Sense,0.027500689029693604,18,1.083333333,6,6,0,405334016,EleutherAI/pythia-410m,step8,seed6,6,8
It was a fence post.,It was a challenging post.,post,post,Different Sense,0.02683311700820923,19,1.083333333,6,6,0,405334016,EleutherAI/pythia-410m,step8,seed6,6,8
It was a fence post.,It was a challenging post.,post,post,Different Sense,0.02742171287536621,20,1.083333333,6,6,0,405334016,EleutherAI/pythia-410m,step8,seed6,6,8
It was a fence post.,It was a challenging post.,post,post,Different Sense,0.02751016616821289,21,1.083333333,6,6,0,405334016,EleutherAI/pythia-410m,step8,seed6,6,8
It was a fence post.,It was a challenging post.,post,post,Different Sense,0.02657794952392578,22,1.083333333,6,6,0,405334016,EleutherAI/pythia-410m,step8,seed6,6,8
It was a fence post.,It was a challenging post.,post,post,Different Sense,0.025865614414215088,23,1.083333333,6,6,0,405334016,EleutherAI/pythia-410m,step8,seed6,6,8
It was a fence post.,It was a challenging post.,post,post,Different Sense,0.02585756778717041,24,1.083333333,6,6,0,405334016,EleutherAI/pythia-410m,step8,seed6,6,8
It was a wooden post.,It was a fence post.,post,post,Same Sense,0.0,0,3.833333333,6,6,0,405334016,EleutherAI/pythia-410m,step8,seed6,6,8
It was a wooden post.,It was a fence post.,post,post,Same Sense,0.029845118522644043,1,3.833333333,6,6,0,405334016,EleutherAI/pythia-410m,step8,seed6,6,8
It was a wooden post.,It was a fence post.,post,post,Same Sense,0.036417365074157715,2,3.833333333,6,6,0,405334016,EleutherAI/pythia-410m,step8,seed6,6,8
It was a wooden post.,It was a fence post.,post,post,Same Sense,0.040633440017700195,3,3.833333333,6,6,0,405334016,EleutherAI/pythia-410m,step8,seed6,6,8
It was a wooden post.,It was a fence post.,post,post,Same Sense,0.04336816072463989,4,3.833333333,6,6,0,405334016,EleutherAI/pythia-410m,step8,seed6,6,8
It was a wooden post.,It was a fence post.,post,post,Same Sense,0.04566758871078491,5,3.833333333,6,6,0,405334016,EleutherAI/pythia-410m,step8,seed6,6,8
It was a wooden post.,It was a fence post.,post,post,Same Sense,0.043971896171569824,6,3.833333333,6,6,0,405334016,EleutherAI/pythia-410m,step8,seed6,6,8
It was a wooden post.,It was a fence post.,post,post,Same Sense,0.04318892955780029,7,3.833333333,6,6,0,405334016,EleutherAI/pythia-410m,step8,seed6,6,8
It was a wooden post.,It was a fence post.,post,post,Same Sense,0.04074579477310181,8,3.833333333,6,6,0,405334016,EleutherAI/pythia-410m,step8,seed6,6,8
It was a wooden post.,It was a fence post.,post,post,Same Sense,0.040472567081451416,9,3.833333333,6,6,0,405334016,EleutherAI/pythia-410m,step8,seed6,6,8
It was a wooden post.,It was a fence post.,post,post,Same Sense,0.040842652320861816,10,3.833333333,6,6,0,405334016,EleutherAI/pythia-410m,step8,seed6,6,8
It was a wooden post.,It was a fence post.,post,post,Same Sense,0.040403008460998535,11,3.833333333,6,6,0,405334016,EleutherAI/pythia-410m,step8,seed6,6,8
It was a wooden post.,It was a fence post.,post,post,Same Sense,0.04023587703704834,12,3.833333333,6,6,0,405334016,EleutherAI/pythia-410m,step8,seed6,6,8
It was a wooden post.,It was a fence post.,post,post,Same Sense,0.041104257106781006,13,3.833333333,6,6,0,405334016,EleutherAI/pythia-410m,step8,seed6,6,8
It was a wooden post.,It was a fence post.,post,post,Same Sense,0.04051089286804199,14,3.833333333,6,6,0,405334016,EleutherAI/pythia-410m,step8,seed6,6,8
It was a wooden post.,It was a fence post.,post,post,Same Sense,0.04062092304229736,15,3.833333333,6,6,0,405334016,EleutherAI/pythia-410m,step8,seed6,6,8
It was a wooden post.,It was a fence post.,post,post,Same Sense,0.040193796157836914,16,3.833333333,6,6,0,405334016,EleutherAI/pythia-410m,step8,seed6,6,8
It was a wooden post.,It was a fence post.,post,post,Same Sense,0.03986799716949463,17,3.833333333,6,6,0,405334016,EleutherAI/pythia-410m,step8,seed6,6,8
It was a wooden post.,It was a fence post.,post,post,Same Sense,0.03879809379577637,18,3.833333333,6,6,0,405334016,EleutherAI/pythia-410m,step8,seed6,6,8
It was a wooden post.,It was a fence post.,post,post,Same Sense,0.03847050666809082,19,3.833333333,6,6,0,405334016,EleutherAI/pythia-410m,step8,seed6,6,8
It was a wooden post.,It was a fence post.,post,post,Same Sense,0.038388073444366455,20,3.833333333,6,6,0,405334016,EleutherAI/pythia-410m,step8,seed6,6,8
It was a wooden post.,It was a fence post.,post,post,Same Sense,0.03852653503417969,21,3.833333333,6,6,0,405334016,EleutherAI/pythia-410m,step8,seed6,6,8
It was a wooden post.,It was a fence post.,post,post,Same Sense,0.036955416202545166,22,3.833333333,6,6,0,405334016,EleutherAI/pythia-410m,step8,seed6,6,8
It was a wooden post.,It was a fence post.,post,post,Same Sense,0.035901665687561035,23,3.833333333,6,6,0,405334016,EleutherAI/pythia-410m,step8,seed6,6,8
It was a wooden post.,It was a fence post.,post,post,Same Sense,0.03553175926208496,24,3.833333333,6,6,0,405334016,EleutherAI/pythia-410m,step8,seed6,6,8
It was a teaching post.,It was a challenging post.,post,post,Same Sense,0.0,0,1.363636364,6,6,0,405334016,EleutherAI/pythia-410m,step8,seed6,6,8
It was a teaching post.,It was a challenging post.,post,post,Same Sense,0.020401358604431152,1,1.363636364,6,6,0,405334016,EleutherAI/pythia-410m,step8,seed6,6,8
It was a teaching post.,It was a challenging post.,post,post,Same Sense,0.02579045295715332,2,1.363636364,6,6,0,405334016,EleutherAI/pythia-410m,step8,seed6,6,8
It was a teaching post.,It was a challenging post.,post,post,Same Sense,0.029598891735076904,3,1.363636364,6,6,0,405334016,EleutherAI/pythia-410m,step8,seed6,6,8
It was a teaching post.,It was a challenging post.,post,post,Same Sense,0.032176971435546875,4,1.363636364,6,6,0,405334016,EleutherAI/pythia-410m,step8,seed6,6,8
It was a teaching post.,It was a challenging post.,post,post,Same Sense,0.03618049621582031,5,1.363636364,6,6,0,405334016,EleutherAI/pythia-410m,step8,seed6,6,8
It was a teaching post.,It was a challenging post.,post,post,Same Sense,0.03713446855545044,6,1.363636364,6,6,0,405334016,EleutherAI/pythia-410m,step8,seed6,6,8
It was a teaching post.,It was a challenging post.,post,post,Same Sense,0.03480517864227295,7,1.363636364,6,6,0,405334016,EleutherAI/pythia-410m,step8,seed6,6,8
It was a teaching post.,It was a challenging post.,post,post,Same Sense,0.03327834606170654,8,1.363636364,6,6,0,405334016,EleutherAI/pythia-410m,step8,seed6,6,8
It was a teaching post.,It was a challenging post.,post,post,Same Sense,0.032156527042388916,9,1.363636364,6,6,0,405334016,EleutherAI/pythia-410m,step8,seed6,6,8
It was a teaching post.,It was a challenging post.,post,post,Same Sense,0.031685471534729004,10,1.363636364,6,6,0,405334016,EleutherAI/pythia-410m,step8,seed6,6,8
It was a teaching post.,It was a challenging post.,post,post,Same Sense,0.030398845672607422,11,1.363636364,6,6,0,405334016,EleutherAI/pythia-410m,step8,seed6,6,8
It was a teaching post.,It was a challenging post.,post,post,Same Sense,0.03067237138748169,12,1.363636364,6,6,0,405334016,EleutherAI/pythia-410m,step8,seed6,6,8
It was a teaching post.,It was a challenging post.,post,post,Same Sense,0.03107661008834839,13,1.363636364,6,6,0,405334016,EleutherAI/pythia-410m,step8,seed6,6,8
It was a teaching post.,It was a challenging post.,post,post,Same Sense,0.031101644039154053,14,1.363636364,6,6,0,405334016,EleutherAI/pythia-410m,step8,seed6,6,8
It was a teaching post.,It was a challenging post.,post,post,Same Sense,0.03022623062133789,15,1.363636364,6,6,0,405334016,EleutherAI/pythia-410m,step8,seed6,6,8
It was a teaching post.,It was a challenging post.,post,post,Same Sense,0.029348433017730713,16,1.363636364,6,6,0,405334016,EleutherAI/pythia-410m,step8,seed6,6,8
It was a teaching post.,It was a challenging post.,post,post,Same Sense,0.028978407382965088,17,1.363636364,6,6,0,405334016,EleutherAI/pythia-410m,step8,seed6,6,8
It was a teaching post.,It was a challenging post.,post,post,Same Sense,0.027833878993988037,18,1.363636364,6,6,0,405334016,EleutherAI/pythia-410m,step8,seed6,6,8
It was a teaching post.,It was a challenging post.,post,post,Same Sense,0.027966856956481934,19,1.363636364,6,6,0,405334016,EleutherAI/pythia-410m,step8,seed6,6,8
It was a teaching post.,It was a challenging post.,post,post,Same Sense,0.028540849685668945,20,1.363636364,6,6,0,405334016,EleutherAI/pythia-410m,step8,seed6,6,8
It was a teaching post.,It was a challenging post.,post,post,Same Sense,0.02941352128982544,21,1.363636364,6,6,0,405334016,EleutherAI/pythia-410m,step8,seed6,6,8
It was a teaching post.,It was a challenging post.,post,post,Same Sense,0.02833569049835205,22,1.363636364,6,6,0,405334016,EleutherAI/pythia-410m,step8,seed6,6,8
It was a teaching post.,It was a challenging post.,post,post,Same Sense,0.027744770050048828,23,1.363636364,6,6,0,405334016,EleutherAI/pythia-410m,step8,seed6,6,8
It was a teaching post.,It was a challenging post.,post,post,Same Sense,0.027026236057281494,24,1.363636364,6,6,0,405334016,EleutherAI/pythia-410m,step8,seed6,6,8
He had the alcoholic punch.,He had the strongest punch.,punch,punch,Different Sense,0.0,0,0.428571429,6,6,0,405334016,EleutherAI/pythia-410m,step8,seed6,6,8
He had the alcoholic punch.,He had the strongest punch.,punch,punch,Different Sense,0.023080766201019287,1,0.428571429,6,6,0,405334016,EleutherAI/pythia-410m,step8,seed6,6,8
He had the alcoholic punch.,He had the strongest punch.,punch,punch,Different Sense,0.030541598796844482,2,0.428571429,6,6,0,405334016,EleutherAI/pythia-410m,step8,seed6,6,8
He had the alcoholic punch.,He had the strongest punch.,punch,punch,Different Sense,0.03508317470550537,3,0.428571429,6,6,0,405334016,EleutherAI/pythia-410m,step8,seed6,6,8
He had the alcoholic punch.,He had the strongest punch.,punch,punch,Different Sense,0.03968322277069092,4,0.428571429,6,6,0,405334016,EleutherAI/pythia-410m,step8,seed6,6,8
He had the alcoholic punch.,He had the strongest punch.,punch,punch,Different Sense,0.04311007261276245,5,0.428571429,6,6,0,405334016,EleutherAI/pythia-410m,step8,seed6,6,8
He had the alcoholic punch.,He had the strongest punch.,punch,punch,Different Sense,0.04233264923095703,6,0.428571429,6,6,0,405334016,EleutherAI/pythia-410m,step8,seed6,6,8
He had the alcoholic punch.,He had the strongest punch.,punch,punch,Different Sense,0.04114145040512085,7,0.428571429,6,6,0,405334016,EleutherAI/pythia-410m,step8,seed6,6,8
He had the alcoholic punch.,He had the strongest punch.,punch,punch,Different Sense,0.04068922996520996,8,0.428571429,6,6,0,405334016,EleutherAI/pythia-410m,step8,seed6,6,8
He had the alcoholic punch.,He had the strongest punch.,punch,punch,Different Sense,0.039867401123046875,9,0.428571429,6,6,0,405334016,EleutherAI/pythia-410m,step8,seed6,6,8
He had the alcoholic punch.,He had the strongest punch.,punch,punch,Different Sense,0.039512574672698975,10,0.428571429,6,6,0,405334016,EleutherAI/pythia-410m,step8,seed6,6,8
He had the alcoholic punch.,He had the strongest punch.,punch,punch,Different Sense,0.03798025846481323,11,0.428571429,6,6,0,405334016,EleutherAI/pythia-410m,step8,seed6,6,8
He had the alcoholic punch.,He had the strongest punch.,punch,punch,Different Sense,0.038892149925231934,12,0.428571429,6,6,0,405334016,EleutherAI/pythia-410m,step8,seed6,6,8
He had the alcoholic punch.,He had the strongest punch.,punch,punch,Different Sense,0.038087427616119385,13,0.428571429,6,6,0,405334016,EleutherAI/pythia-410m,step8,seed6,6,8
He had the alcoholic punch.,He had the strongest punch.,punch,punch,Different Sense,0.03635752201080322,14,0.428571429,6,6,0,405334016,EleutherAI/pythia-410m,step8,seed6,6,8
He had the alcoholic punch.,He had the strongest punch.,punch,punch,Different Sense,0.03671818971633911,15,0.428571429,6,6,0,405334016,EleutherAI/pythia-410m,step8,seed6,6,8
He had the alcoholic punch.,He had the strongest punch.,punch,punch,Different Sense,0.03576606512069702,16,0.428571429,6,6,0,405334016,EleutherAI/pythia-410m,step8,seed6,6,8
He had the alcoholic punch.,He had the strongest punch.,punch,punch,Different Sense,0.035096943378448486,17,0.428571429,6,6,0,405334016,EleutherAI/pythia-410m,step8,seed6,6,8
He had the alcoholic punch.,He had the strongest punch.,punch,punch,Different Sense,0.035106122493743896,18,0.428571429,6,6,0,405334016,EleutherAI/pythia-410m,step8,seed6,6,8
He had the alcoholic punch.,He had the strongest punch.,punch,punch,Different Sense,0.0345880389213562,19,0.428571429,6,6,0,405334016,EleutherAI/pythia-410m,step8,seed6,6,8
He had the alcoholic punch.,He had the strongest punch.,punch,punch,Different Sense,0.03415489196777344,20,0.428571429,6,6,0,405334016,EleutherAI/pythia-410m,step8,seed6,6,8
He had the alcoholic punch.,He had the strongest punch.,punch,punch,Different Sense,0.03427577018737793,21,0.428571429,6,6,0,405334016,EleutherAI/pythia-410m,step8,seed6,6,8
He had the alcoholic punch.,He had the strongest punch.,punch,punch,Different Sense,0.032419800758361816,22,0.428571429,6,6,0,405334016,EleutherAI/pythia-410m,step8,seed6,6,8
He had the alcoholic punch.,He had the strongest punch.,punch,punch,Different Sense,0.031293392181396484,23,0.428571429,6,6,0,405334016,EleutherAI/pythia-410m,step8,seed6,6,8
He had the alcoholic punch.,He had the strongest punch.,punch,punch,Different Sense,0.03122878074645996,24,0.428571429,6,6,0,405334016,EleutherAI/pythia-410m,step8,seed6,6,8
He had the alcoholic punch.,He had the quickest punch.,punch,punch,Different Sense,0.0,0,0.222222222,6,7,1,405334016,EleutherAI/pythia-410m,step8,seed6,6,8
He had the alcoholic punch.,He had the quickest punch.,punch,punch,Different Sense,0.02976125478744507,1,0.222222222,6,7,1,405334016,EleutherAI/pythia-410m,step8,seed6,6,8
He had the alcoholic punch.,He had the quickest punch.,punch,punch,Different Sense,0.04083597660064697,2,0.222222222,6,7,1,405334016,EleutherAI/pythia-410m,step8,seed6,6,8
He had the alcoholic punch.,He had the quickest punch.,punch,punch,Different Sense,0.045263051986694336,3,0.222222222,6,7,1,405334016,EleutherAI/pythia-410m,step8,seed6,6,8
He had the alcoholic punch.,He had the quickest punch.,punch,punch,Different Sense,0.04949742555618286,4,0.222222222,6,7,1,405334016,EleutherAI/pythia-410m,step8,seed6,6,8
He had the alcoholic punch.,He had the quickest punch.,punch,punch,Different Sense,0.054863810539245605,5,0.222222222,6,7,1,405334016,EleutherAI/pythia-410m,step8,seed6,6,8
He had the alcoholic punch.,He had the quickest punch.,punch,punch,Different Sense,0.05470538139343262,6,0.222222222,6,7,1,405334016,EleutherAI/pythia-410m,step8,seed6,6,8
He had the alcoholic punch.,He had the quickest punch.,punch,punch,Different Sense,0.050676822662353516,7,0.222222222,6,7,1,405334016,EleutherAI/pythia-410m,step8,seed6,6,8
He had the alcoholic punch.,He had the quickest punch.,punch,punch,Different Sense,0.04869663715362549,8,0.222222222,6,7,1,405334016,EleutherAI/pythia-410m,step8,seed6,6,8
He had the alcoholic punch.,He had the quickest punch.,punch,punch,Different Sense,0.04721403121948242,9,0.222222222,6,7,1,405334016,EleutherAI/pythia-410m,step8,seed6,6,8
He had the alcoholic punch.,He had the quickest punch.,punch,punch,Different Sense,0.048294663429260254,10,0.222222222,6,7,1,405334016,EleutherAI/pythia-410m,step8,seed6,6,8
He had the alcoholic punch.,He had the quickest punch.,punch,punch,Different Sense,0.049417853355407715,11,0.222222222,6,7,1,405334016,EleutherAI/pythia-410m,step8,seed6,6,8
He had the alcoholic punch.,He had the quickest punch.,punch,punch,Different Sense,0.05038028955459595,12,0.222222222,6,7,1,405334016,EleutherAI/pythia-410m,step8,seed6,6,8
He had the alcoholic punch.,He had the quickest punch.,punch,punch,Different Sense,0.048979878425598145,13,0.222222222,6,7,1,405334016,EleutherAI/pythia-410m,step8,seed6,6,8
He had the alcoholic punch.,He had the quickest punch.,punch,punch,Different Sense,0.04762810468673706,14,0.222222222,6,7,1,405334016,EleutherAI/pythia-410m,step8,seed6,6,8
He had the alcoholic punch.,He had the quickest punch.,punch,punch,Different Sense,0.04884272813796997,15,0.222222222,6,7,1,405334016,EleutherAI/pythia-410m,step8,seed6,6,8
He had the alcoholic punch.,He had the quickest punch.,punch,punch,Different Sense,0.048615872859954834,16,0.222222222,6,7,1,405334016,EleutherAI/pythia-410m,step8,seed6,6,8
He had the alcoholic punch.,He had the quickest punch.,punch,punch,Different Sense,0.04789799451828003,17,0.222222222,6,7,1,405334016,EleutherAI/pythia-410m,step8,seed6,6,8
He had the alcoholic punch.,He had the quickest punch.,punch,punch,Different Sense,0.048691391944885254,18,0.222222222,6,7,1,405334016,EleutherAI/pythia-410m,step8,seed6,6,8
He had the alcoholic punch.,He had the quickest punch.,punch,punch,Different Sense,0.04774707555770874,19,0.222222222,6,7,1,405334016,EleutherAI/pythia-410m,step8,seed6,6,8
He had the alcoholic punch.,He had the quickest punch.,punch,punch,Different Sense,0.04804861545562744,20,0.222222222,6,7,1,405334016,EleutherAI/pythia-410m,step8,seed6,6,8
He had the alcoholic punch.,He had the quickest punch.,punch,punch,Different Sense,0.0484614372253418,21,0.222222222,6,7,1,405334016,EleutherAI/pythia-410m,step8,seed6,6,8
He had the alcoholic punch.,He had the quickest punch.,punch,punch,Different Sense,0.04617065191268921,22,0.222222222,6,7,1,405334016,EleutherAI/pythia-410m,step8,seed6,6,8
He had the alcoholic punch.,He had the quickest punch.,punch,punch,Different Sense,0.04350095987319946,23,0.222222222,6,7,1,405334016,EleutherAI/pythia-410m,step8,seed6,6,8
He had the alcoholic punch.,He had the quickest punch.,punch,punch,Different Sense,0.04353576898574829,24,0.222222222,6,7,1,405334016,EleutherAI/pythia-410m,step8,seed6,6,8
He had the fruit punch.,He had the strongest punch.,punch,punch,Different Sense,0.0,0,0.1,6,6,0,405334016,EleutherAI/pythia-410m,step8,seed6,6,8
He had the fruit punch.,He had the strongest punch.,punch,punch,Different Sense,0.026055574417114258,1,0.1,6,6,0,405334016,EleutherAI/pythia-410m,step8,seed6,6,8
He had the fruit punch.,He had the strongest punch.,punch,punch,Different Sense,0.03252381086349487,2,0.1,6,6,0,405334016,EleutherAI/pythia-410m,step8,seed6,6,8
He had the fruit punch.,He had the strongest punch.,punch,punch,Different Sense,0.0336490273475647,3,0.1,6,6,0,405334016,EleutherAI/pythia-410m,step8,seed6,6,8
He had the fruit punch.,He had the strongest punch.,punch,punch,Different Sense,0.03779691457748413,4,0.1,6,6,0,405334016,EleutherAI/pythia-410m,step8,seed6,6,8
He had the fruit punch.,He had the strongest punch.,punch,punch,Different Sense,0.03987133502960205,5,0.1,6,6,0,405334016,EleutherAI/pythia-410m,step8,seed6,6,8
He had the fruit punch.,He had the strongest punch.,punch,punch,Different Sense,0.04084557294845581,6,0.1,6,6,0,405334016,EleutherAI/pythia-410m,step8,seed6,6,8
He had the fruit punch.,He had the strongest punch.,punch,punch,Different Sense,0.03873622417449951,7,0.1,6,6,0,405334016,EleutherAI/pythia-410m,step8,seed6,6,8
He had the fruit punch.,He had the strongest punch.,punch,punch,Different Sense,0.040467679500579834,8,0.1,6,6,0,405334016,EleutherAI/pythia-410m,step8,seed6,6,8
He had the fruit punch.,He had the strongest punch.,punch,punch,Different Sense,0.03923076391220093,9,0.1,6,6,0,405334016,EleutherAI/pythia-410m,step8,seed6,6,8
He had the fruit punch.,He had the strongest punch.,punch,punch,Different Sense,0.0398525595664978,10,0.1,6,6,0,405334016,EleutherAI/pythia-410m,step8,seed6,6,8
He had the fruit punch.,He had the strongest punch.,punch,punch,Different Sense,0.0390317440032959,11,0.1,6,6,0,405334016,EleutherAI/pythia-410m,step8,seed6,6,8
He had the fruit punch.,He had the strongest punch.,punch,punch,Different Sense,0.03959023952484131,12,0.1,6,6,0,405334016,EleutherAI/pythia-410m,step8,seed6,6,8
He had the fruit punch.,He had the strongest punch.,punch,punch,Different Sense,0.03822129964828491,13,0.1,6,6,0,405334016,EleutherAI/pythia-410m,step8,seed6,6,8
He had the fruit punch.,He had the strongest punch.,punch,punch,Different Sense,0.03714042901992798,14,0.1,6,6,0,405334016,EleutherAI/pythia-410m,step8,seed6,6,8
He had the fruit punch.,He had the strongest punch.,punch,punch,Different Sense,0.03652775287628174,15,0.1,6,6,0,405334016,EleutherAI/pythia-410m,step8,seed6,6,8
He had the fruit punch.,He had the strongest punch.,punch,punch,Different Sense,0.035798072814941406,16,0.1,6,6,0,405334016,EleutherAI/pythia-410m,step8,seed6,6,8
He had the fruit punch.,He had the strongest punch.,punch,punch,Different Sense,0.035830795764923096,17,0.1,6,6,0,405334016,EleutherAI/pythia-410m,step8,seed6,6,8
He had the fruit punch.,He had the strongest punch.,punch,punch,Different Sense,0.03645521402359009,18,0.1,6,6,0,405334016,EleutherAI/pythia-410m,step8,seed6,6,8
He had the fruit punch.,He had the strongest punch.,punch,punch,Different Sense,0.036071836948394775,19,0.1,6,6,0,405334016,EleutherAI/pythia-410m,step8,seed6,6,8
He had the fruit punch.,He had the strongest punch.,punch,punch,Different Sense,0.03552865982055664,20,0.1,6,6,0,405334016,EleutherAI/pythia-410m,step8,seed6,6,8
He had the fruit punch.,He had the strongest punch.,punch,punch,Different Sense,0.035046517848968506,21,0.1,6,6,0,405334016,EleutherAI/pythia-410m,step8,seed6,6,8
He had the fruit punch.,He had the strongest punch.,punch,punch,Different Sense,0.03390324115753174,22,0.1,6,6,0,405334016,EleutherAI/pythia-410m,step8,seed6,6,8
He had the fruit punch.,He had the strongest punch.,punch,punch,Different Sense,0.03350377082824707,23,0.1,6,6,0,405334016,EleutherAI/pythia-410m,step8,seed6,6,8
He had the fruit punch.,He had the strongest punch.,punch,punch,Different Sense,0.03283059597015381,24,0.1,6,6,0,405334016,EleutherAI/pythia-410m,step8,seed6,6,8
He had the fruit punch.,He had the quickest punch.,punch,punch,Different Sense,0.0,0,0.142857143,6,7,1,405334016,EleutherAI/pythia-410m,step8,seed6,6,8
He had the fruit punch.,He had the quickest punch.,punch,punch,Different Sense,0.031034529209136963,1,0.142857143,6,7,1,405334016,EleutherAI/pythia-410m,step8,seed6,6,8
He had the fruit punch.,He had the quickest punch.,punch,punch,Different Sense,0.04125732183456421,2,0.142857143,6,7,1,405334016,EleutherAI/pythia-410m,step8,seed6,6,8
He had the fruit punch.,He had the quickest punch.,punch,punch,Different Sense,0.04461091756820679,3,0.142857143,6,7,1,405334016,EleutherAI/pythia-410m,step8,seed6,6,8
He had the fruit punch.,He had the quickest punch.,punch,punch,Different Sense,0.04873228073120117,4,0.142857143,6,7,1,405334016,EleutherAI/pythia-410m,step8,seed6,6,8
He had the fruit punch.,He had the quickest punch.,punch,punch,Different Sense,0.05030030012130737,5,0.142857143,6,7,1,405334016,EleutherAI/pythia-410m,step8,seed6,6,8
He had the fruit punch.,He had the quickest punch.,punch,punch,Different Sense,0.050152599811553955,6,0.142857143,6,7,1,405334016,EleutherAI/pythia-410m,step8,seed6,6,8
He had the fruit punch.,He had the quickest punch.,punch,punch,Different Sense,0.04583555459976196,7,0.142857143,6,7,1,405334016,EleutherAI/pythia-410m,step8,seed6,6,8
He had the fruit punch.,He had the quickest punch.,punch,punch,Different Sense,0.045214712619781494,8,0.142857143,6,7,1,405334016,EleutherAI/pythia-410m,step8,seed6,6,8
He had the fruit punch.,He had the quickest punch.,punch,punch,Different Sense,0.04451584815979004,9,0.142857143,6,7,1,405334016,EleutherAI/pythia-410m,step8,seed6,6,8
He had the fruit punch.,He had the quickest punch.,punch,punch,Different Sense,0.04568743705749512,10,0.142857143,6,7,1,405334016,EleutherAI/pythia-410m,step8,seed6,6,8
He had the fruit punch.,He had the quickest punch.,punch,punch,Different Sense,0.045446038246154785,11,0.142857143,6,7,1,405334016,EleutherAI/pythia-410m,step8,seed6,6,8
He had the fruit punch.,He had the quickest punch.,punch,punch,Different Sense,0.04481929540634155,12,0.142857143,6,7,1,405334016,EleutherAI/pythia-410m,step8,seed6,6,8
He had the fruit punch.,He had the quickest punch.,punch,punch,Different Sense,0.0438956618309021,13,0.142857143,6,7,1,405334016,EleutherAI/pythia-410m,step8,seed6,6,8
He had the fruit punch.,He had the quickest punch.,punch,punch,Different Sense,0.042702555656433105,14,0.142857143,6,7,1,405334016,EleutherAI/pythia-410m,step8,seed6,6,8
He had the fruit punch.,He had the quickest punch.,punch,punch,Different Sense,0.043702661991119385,15,0.142857143,6,7,1,405334016,EleutherAI/pythia-410m,step8,seed6,6,8
He had the fruit punch.,He had the quickest punch.,punch,punch,Different Sense,0.04382908344268799,16,0.142857143,6,7,1,405334016,EleutherAI/pythia-410m,step8,seed6,6,8
He had the fruit punch.,He had the quickest punch.,punch,punch,Different Sense,0.042621076107025146,17,0.142857143,6,7,1,405334016,EleutherAI/pythia-410m,step8,seed6,6,8
He had the fruit punch.,He had the quickest punch.,punch,punch,Different Sense,0.043866634368896484,18,0.142857143,6,7,1,405334016,EleutherAI/pythia-410m,step8,seed6,6,8
He had the fruit punch.,He had the quickest punch.,punch,punch,Different Sense,0.04297536611557007,19,0.142857143,6,7,1,405334016,EleutherAI/pythia-410m,step8,seed6,6,8
He had the fruit punch.,He had the quickest punch.,punch,punch,Different Sense,0.0424962043762207,20,0.142857143,6,7,1,405334016,EleutherAI/pythia-410m,step8,seed6,6,8
He had the fruit punch.,He had the quickest punch.,punch,punch,Different Sense,0.04302912950515747,21,0.142857143,6,7,1,405334016,EleutherAI/pythia-410m,step8,seed6,6,8
He had the fruit punch.,He had the quickest punch.,punch,punch,Different Sense,0.04123443365097046,22,0.142857143,6,7,1,405334016,EleutherAI/pythia-410m,step8,seed6,6,8
He had the fruit punch.,He had the quickest punch.,punch,punch,Different Sense,0.039448559284210205,23,0.142857143,6,7,1,405334016,EleutherAI/pythia-410m,step8,seed6,6,8
He had the fruit punch.,He had the quickest punch.,punch,punch,Different Sense,0.03955543041229248,24,0.142857143,6,7,1,405334016,EleutherAI/pythia-410m,step8,seed6,6,8
He had the alcoholic punch.,He had the fruit punch.,punch,punch,Same Sense,0.0,0,3.833333333,6,6,0,405334016,EleutherAI/pythia-410m,step8,seed6,6,8
He had the alcoholic punch.,He had the fruit punch.,punch,punch,Same Sense,0.02732187509536743,1,3.833333333,6,6,0,405334016,EleutherAI/pythia-410m,step8,seed6,6,8
He had the alcoholic punch.,He had the fruit punch.,punch,punch,Same Sense,0.03849083185195923,2,3.833333333,6,6,0,405334016,EleutherAI/pythia-410m,step8,seed6,6,8
He had the alcoholic punch.,He had the fruit punch.,punch,punch,Same Sense,0.04007220268249512,3,3.833333333,6,6,0,405334016,EleutherAI/pythia-410m,step8,seed6,6,8
He had the alcoholic punch.,He had the fruit punch.,punch,punch,Same Sense,0.043569743633270264,4,3.833333333,6,6,0,405334016,EleutherAI/pythia-410m,step8,seed6,6,8
He had the alcoholic punch.,He had the fruit punch.,punch,punch,Same Sense,0.047565579414367676,5,3.833333333,6,6,0,405334016,EleutherAI/pythia-410m,step8,seed6,6,8
He had the alcoholic punch.,He had the fruit punch.,punch,punch,Same Sense,0.04729723930358887,6,3.833333333,6,6,0,405334016,EleutherAI/pythia-410m,step8,seed6,6,8
He had the alcoholic punch.,He had the fruit punch.,punch,punch,Same Sense,0.04425603151321411,7,3.833333333,6,6,0,405334016,EleutherAI/pythia-410m,step8,seed6,6,8
He had the alcoholic punch.,He had the fruit punch.,punch,punch,Same Sense,0.04309713840484619,8,3.833333333,6,6,0,405334016,EleutherAI/pythia-410m,step8,seed6,6,8
He had the alcoholic punch.,He had the fruit punch.,punch,punch,Same Sense,0.041691362857818604,9,3.833333333,6,6,0,405334016,EleutherAI/pythia-410m,step8,seed6,6,8
He had the alcoholic punch.,He had the fruit punch.,punch,punch,Same Sense,0.04191696643829346,10,3.833333333,6,6,0,405334016,EleutherAI/pythia-410m,step8,seed6,6,8
He had the alcoholic punch.,He had the fruit punch.,punch,punch,Same Sense,0.04145103693008423,11,3.833333333,6,6,0,405334016,EleutherAI/pythia-410m,step8,seed6,6,8
He had the alcoholic punch.,He had the fruit punch.,punch,punch,Same Sense,0.041675031185150146,12,3.833333333,6,6,0,405334016,EleutherAI/pythia-410m,step8,seed6,6,8
He had the alcoholic punch.,He had the fruit punch.,punch,punch,Same Sense,0.041598618030548096,13,3.833333333,6,6,0,405334016,EleutherAI/pythia-410m,step8,seed6,6,8
He had the alcoholic punch.,He had the fruit punch.,punch,punch,Same Sense,0.04046732187271118,14,3.833333333,6,6,0,405334016,EleutherAI/pythia-410m,step8,seed6,6,8
He had the alcoholic punch.,He had the fruit punch.,punch,punch,Same Sense,0.04011821746826172,15,3.833333333,6,6,0,405334016,EleutherAI/pythia-410m,step8,seed6,6,8
He had the alcoholic punch.,He had the fruit punch.,punch,punch,Same Sense,0.03869664669036865,16,3.833333333,6,6,0,405334016,EleutherAI/pythia-410m,step8,seed6,6,8
He had the alcoholic punch.,He had the fruit punch.,punch,punch,Same Sense,0.03874790668487549,17,3.833333333,6,6,0,405334016,EleutherAI/pythia-410m,step8,seed6,6,8
He had the alcoholic punch.,He had the fruit punch.,punch,punch,Same Sense,0.039339661598205566,18,3.833333333,6,6,0,405334016,EleutherAI/pythia-410m,step8,seed6,6,8
He had the alcoholic punch.,He had the fruit punch.,punch,punch,Same Sense,0.038711607456207275,19,3.833333333,6,6,0,405334016,EleutherAI/pythia-410m,step8,seed6,6,8
He had the alcoholic punch.,He had the fruit punch.,punch,punch,Same Sense,0.03754317760467529,20,3.833333333,6,6,0,405334016,EleutherAI/pythia-410m,step8,seed6,6,8
He had the alcoholic punch.,He had the fruit punch.,punch,punch,Same Sense,0.038052916526794434,21,3.833333333,6,6,0,405334016,EleutherAI/pythia-410m,step8,seed6,6,8
He had the alcoholic punch.,He had the fruit punch.,punch,punch,Same Sense,0.036298513412475586,22,3.833333333,6,6,0,405334016,EleutherAI/pythia-410m,step8,seed6,6,8
He had the alcoholic punch.,He had the fruit punch.,punch,punch,Same Sense,0.03494858741760254,23,3.833333333,6,6,0,405334016,EleutherAI/pythia-410m,step8,seed6,6,8
He had the alcoholic punch.,He had the fruit punch.,punch,punch,Same Sense,0.034635722637176514,24,3.833333333,6,6,0,405334016,EleutherAI/pythia-410m,step8,seed6,6,8
He had the strongest punch.,He had the quickest punch.,punch,punch,Same Sense,0.0,0,3.777777778,6,7,1,405334016,EleutherAI/pythia-410m,step8,seed6,6,8
He had the strongest punch.,He had the quickest punch.,punch,punch,Same Sense,0.028293490409851074,1,3.777777778,6,7,1,405334016,EleutherAI/pythia-410m,step8,seed6,6,8
He had the strongest punch.,He had the quickest punch.,punch,punch,Same Sense,0.03942912817001343,2,3.777777778,6,7,1,405334016,EleutherAI/pythia-410m,step8,seed6,6,8
He had the strongest punch.,He had the quickest punch.,punch,punch,Same Sense,0.04588598012924194,3,3.777777778,6,7,1,405334016,EleutherAI/pythia-410m,step8,seed6,6,8
He had the strongest punch.,He had the quickest punch.,punch,punch,Same Sense,0.052003324031829834,4,3.777777778,6,7,1,405334016,EleutherAI/pythia-410m,step8,seed6,6,8
He had the strongest punch.,He had the quickest punch.,punch,punch,Same Sense,0.054946839809417725,5,3.777777778,6,7,1,405334016,EleutherAI/pythia-410m,step8,seed6,6,8
He had the strongest punch.,He had the quickest punch.,punch,punch,Same Sense,0.05542171001434326,6,3.777777778,6,7,1,405334016,EleutherAI/pythia-410m,step8,seed6,6,8
He had the strongest punch.,He had the quickest punch.,punch,punch,Same Sense,0.05250704288482666,7,3.777777778,6,7,1,405334016,EleutherAI/pythia-410m,step8,seed6,6,8
He had the strongest punch.,He had the quickest punch.,punch,punch,Same Sense,0.05155682563781738,8,3.777777778,6,7,1,405334016,EleutherAI/pythia-410m,step8,seed6,6,8
He had the strongest punch.,He had the quickest punch.,punch,punch,Same Sense,0.04917377233505249,9,3.777777778,6,7,1,405334016,EleutherAI/pythia-410m,step8,seed6,6,8
He had the strongest punch.,He had the quickest punch.,punch,punch,Same Sense,0.048553645610809326,10,3.777777778,6,7,1,405334016,EleutherAI/pythia-410m,step8,seed6,6,8
He had the strongest punch.,He had the quickest punch.,punch,punch,Same Sense,0.049093425273895264,11,3.777777778,6,7,1,405334016,EleutherAI/pythia-410m,step8,seed6,6,8
He had the strongest punch.,He had the quickest punch.,punch,punch,Same Sense,0.04858696460723877,12,3.777777778,6,7,1,405334016,EleutherAI/pythia-410m,step8,seed6,6,8
He had the strongest punch.,He had the quickest punch.,punch,punch,Same Sense,0.04776155948638916,13,3.777777778,6,7,1,405334016,EleutherAI/pythia-410m,step8,seed6,6,8
He had the strongest punch.,He had the quickest punch.,punch,punch,Same Sense,0.04572772979736328,14,3.777777778,6,7,1,405334016,EleutherAI/pythia-410m,step8,seed6,6,8
He had the strongest punch.,He had the quickest punch.,punch,punch,Same Sense,0.04635041952133179,15,3.777777778,6,7,1,405334016,EleutherAI/pythia-410m,step8,seed6,6,8
He had the strongest punch.,He had the quickest punch.,punch,punch,Same Sense,0.045955538749694824,16,3.777777778,6,7,1,405334016,EleutherAI/pythia-410m,step8,seed6,6,8
He had the strongest punch.,He had the quickest punch.,punch,punch,Same Sense,0.0450325608253479,17,3.777777778,6,7,1,405334016,EleutherAI/pythia-410m,step8,seed6,6,8
He had the strongest punch.,He had the quickest punch.,punch,punch,Same Sense,0.045251548290252686,18,3.777777778,6,7,1,405334016,EleutherAI/pythia-410m,step8,seed6,6,8
He had the strongest punch.,He had the quickest punch.,punch,punch,Same Sense,0.04439741373062134,19,3.777777778,6,7,1,405334016,EleutherAI/pythia-410m,step8,seed6,6,8
He had the strongest punch.,He had the quickest punch.,punch,punch,Same Sense,0.0443379282951355,20,3.777777778,6,7,1,405334016,EleutherAI/pythia-410m,step8,seed6,6,8
He had the strongest punch.,He had the quickest punch.,punch,punch,Same Sense,0.04453015327453613,21,3.777777778,6,7,1,405334016,EleutherAI/pythia-410m,step8,seed6,6,8
He had the strongest punch.,He had the quickest punch.,punch,punch,Same Sense,0.04287952184677124,22,3.777777778,6,7,1,405334016,EleutherAI/pythia-410m,step8,seed6,6,8
He had the strongest punch.,He had the quickest punch.,punch,punch,Same Sense,0.04050546884536743,23,3.777777778,6,7,1,405334016,EleutherAI/pythia-410m,step8,seed6,6,8
He had the strongest punch.,He had the quickest punch.,punch,punch,Same Sense,0.040752112865448,24,3.777777778,6,7,1,405334016,EleutherAI/pythia-410m,step8,seed6,6,8
She had a brilliant pupil.,She had a dilated pupil.,pupil,pupil,Different Sense,0.0,0,0.714285714,6,6,0,405334016,EleutherAI/pythia-410m,step8,seed6,6,8
She had a brilliant pupil.,She had a dilated pupil.,pupil,pupil,Different Sense,0.023829400539398193,1,0.714285714,6,6,0,405334016,EleutherAI/pythia-410m,step8,seed6,6,8
She had a brilliant pupil.,She had a dilated pupil.,pupil,pupil,Different Sense,0.03657817840576172,2,0.714285714,6,6,0,405334016,EleutherAI/pythia-410m,step8,seed6,6,8
She had a brilliant pupil.,She had a dilated pupil.,pupil,pupil,Different Sense,0.04564774036407471,3,0.714285714,6,6,0,405334016,EleutherAI/pythia-410m,step8,seed6,6,8
She had a brilliant pupil.,She had a dilated pupil.,pupil,pupil,Different Sense,0.048986613750457764,4,0.714285714,6,6,0,405334016,EleutherAI/pythia-410m,step8,seed6,6,8
She had a brilliant pupil.,She had a dilated pupil.,pupil,pupil,Different Sense,0.04979658126831055,5,0.714285714,6,6,0,405334016,EleutherAI/pythia-410m,step8,seed6,6,8
She had a brilliant pupil.,She had a dilated pupil.,pupil,pupil,Different Sense,0.05091297626495361,6,0.714285714,6,6,0,405334016,EleutherAI/pythia-410m,step8,seed6,6,8
She had a brilliant pupil.,She had a dilated pupil.,pupil,pupil,Different Sense,0.05231034755706787,7,0.714285714,6,6,0,405334016,EleutherAI/pythia-410m,step8,seed6,6,8
She had a brilliant pupil.,She had a dilated pupil.,pupil,pupil,Different Sense,0.05445706844329834,8,0.714285714,6,6,0,405334016,EleutherAI/pythia-410m,step8,seed6,6,8
She had a brilliant pupil.,She had a dilated pupil.,pupil,pupil,Different Sense,0.050669074058532715,9,0.714285714,6,6,0,405334016,EleutherAI/pythia-410m,step8,seed6,6,8
She had a brilliant pupil.,She had a dilated pupil.,pupil,pupil,Different Sense,0.04865318536758423,10,0.714285714,6,6,0,405334016,EleutherAI/pythia-410m,step8,seed6,6,8
She had a brilliant pupil.,She had a dilated pupil.,pupil,pupil,Different Sense,0.04719513654708862,11,0.714285714,6,6,0,405334016,EleutherAI/pythia-410m,step8,seed6,6,8
She had a brilliant pupil.,She had a dilated pupil.,pupil,pupil,Different Sense,0.04764699935913086,12,0.714285714,6,6,0,405334016,EleutherAI/pythia-410m,step8,seed6,6,8
She had a brilliant pupil.,She had a dilated pupil.,pupil,pupil,Different Sense,0.04605984687805176,13,0.714285714,6,6,0,405334016,EleutherAI/pythia-410m,step8,seed6,6,8
She had a brilliant pupil.,She had a dilated pupil.,pupil,pupil,Different Sense,0.044911205768585205,14,0.714285714,6,6,0,405334016,EleutherAI/pythia-410m,step8,seed6,6,8
She had a brilliant pupil.,She had a dilated pupil.,pupil,pupil,Different Sense,0.04433101415634155,15,0.714285714,6,6,0,405334016,EleutherAI/pythia-410m,step8,seed6,6,8
She had a brilliant pupil.,She had a dilated pupil.,pupil,pupil,Different Sense,0.04505437612533569,16,0.714285714,6,6,0,405334016,EleutherAI/pythia-410m,step8,seed6,6,8
She had a brilliant pupil.,She had a dilated pupil.,pupil,pupil,Different Sense,0.04403036832809448,17,0.714285714,6,6,0,405334016,EleutherAI/pythia-410m,step8,seed6,6,8
She had a brilliant pupil.,She had a dilated pupil.,pupil,pupil,Different Sense,0.042040228843688965,18,0.714285714,6,6,0,405334016,EleutherAI/pythia-410m,step8,seed6,6,8
She had a brilliant pupil.,She had a dilated pupil.,pupil,pupil,Different Sense,0.042369186878204346,19,0.714285714,6,6,0,405334016,EleutherAI/pythia-410m,step8,seed6,6,8
She had a brilliant pupil.,She had a dilated pupil.,pupil,pupil,Different Sense,0.04237210750579834,20,0.714285714,6,6,0,405334016,EleutherAI/pythia-410m,step8,seed6,6,8
She had a brilliant pupil.,She had a dilated pupil.,pupil,pupil,Different Sense,0.04218655824661255,21,0.714285714,6,6,0,405334016,EleutherAI/pythia-410m,step8,seed6,6,8
She had a brilliant pupil.,She had a dilated pupil.,pupil,pupil,Different Sense,0.04102903604507446,22,0.714285714,6,6,0,405334016,EleutherAI/pythia-410m,step8,seed6,6,8
She had a brilliant pupil.,She had a dilated pupil.,pupil,pupil,Different Sense,0.04031103849411011,23,0.714285714,6,6,0,405334016,EleutherAI/pythia-410m,step8,seed6,6,8
She had a brilliant pupil.,She had a dilated pupil.,pupil,pupil,Different Sense,0.04026079177856445,24,0.714285714,6,6,0,405334016,EleutherAI/pythia-410m,step8,seed6,6,8
She had a brilliant pupil.,She had a cloudy pupil.,pupil,pupil,Different Sense,0.0,0,0.25,6,7,1,405334016,EleutherAI/pythia-410m,step8,seed6,6,8
She had a brilliant pupil.,She had a cloudy pupil.,pupil,pupil,Different Sense,0.03226923942565918,1,0.25,6,7,1,405334016,EleutherAI/pythia-410m,step8,seed6,6,8
She had a brilliant pupil.,She had a cloudy pupil.,pupil,pupil,Different Sense,0.04961371421813965,2,0.25,6,7,1,405334016,EleutherAI/pythia-410m,step8,seed6,6,8
She had a brilliant pupil.,She had a cloudy pupil.,pupil,pupil,Different Sense,0.06439822912216187,3,0.25,6,7,1,405334016,EleutherAI/pythia-410m,step8,seed6,6,8
She had a brilliant pupil.,She had a cloudy pupil.,pupil,pupil,Different Sense,0.06798022985458374,4,0.25,6,7,1,405334016,EleutherAI/pythia-410m,step8,seed6,6,8
She had a brilliant pupil.,She had a cloudy pupil.,pupil,pupil,Different Sense,0.06918495893478394,5,0.25,6,7,1,405334016,EleutherAI/pythia-410m,step8,seed6,6,8
She had a brilliant pupil.,She had a cloudy pupil.,pupil,pupil,Different Sense,0.06960457563400269,6,0.25,6,7,1,405334016,EleutherAI/pythia-410m,step8,seed6,6,8
She had a brilliant pupil.,She had a cloudy pupil.,pupil,pupil,Different Sense,0.0675894021987915,7,0.25,6,7,1,405334016,EleutherAI/pythia-410m,step8,seed6,6,8
She had a brilliant pupil.,She had a cloudy pupil.,pupil,pupil,Different Sense,0.06990981101989746,8,0.25,6,7,1,405334016,EleutherAI/pythia-410m,step8,seed6,6,8
She had a brilliant pupil.,She had a cloudy pupil.,pupil,pupil,Different Sense,0.06612813472747803,9,0.25,6,7,1,405334016,EleutherAI/pythia-410m,step8,seed6,6,8
She had a brilliant pupil.,She had a cloudy pupil.,pupil,pupil,Different Sense,0.06584751605987549,10,0.25,6,7,1,405334016,EleutherAI/pythia-410m,step8,seed6,6,8
She had a brilliant pupil.,She had a cloudy pupil.,pupil,pupil,Different Sense,0.0615696907043457,11,0.25,6,7,1,405334016,EleutherAI/pythia-410m,step8,seed6,6,8
She had a brilliant pupil.,She had a cloudy pupil.,pupil,pupil,Different Sense,0.06267023086547852,12,0.25,6,7,1,405334016,EleutherAI/pythia-410m,step8,seed6,6,8
She had a brilliant pupil.,She had a cloudy pupil.,pupil,pupil,Different Sense,0.061509013175964355,13,0.25,6,7,1,405334016,EleutherAI/pythia-410m,step8,seed6,6,8
She had a brilliant pupil.,She had a cloudy pupil.,pupil,pupil,Different Sense,0.0609777569770813,14,0.25,6,7,1,405334016,EleutherAI/pythia-410m,step8,seed6,6,8
She had a brilliant pupil.,She had a cloudy pupil.,pupil,pupil,Different Sense,0.059860408306121826,15,0.25,6,7,1,405334016,EleutherAI/pythia-410m,step8,seed6,6,8
She had a brilliant pupil.,She had a cloudy pupil.,pupil,pupil,Different Sense,0.060404062271118164,16,0.25,6,7,1,405334016,EleutherAI/pythia-410m,step8,seed6,6,8
She had a brilliant pupil.,She had a cloudy pupil.,pupil,pupil,Different Sense,0.05943185091018677,17,0.25,6,7,1,405334016,EleutherAI/pythia-410m,step8,seed6,6,8
She had a brilliant pupil.,She had a cloudy pupil.,pupil,pupil,Different Sense,0.05672663450241089,18,0.25,6,7,1,405334016,EleutherAI/pythia-410m,step8,seed6,6,8
She had a brilliant pupil.,She had a cloudy pupil.,pupil,pupil,Different Sense,0.05681121349334717,19,0.25,6,7,1,405334016,EleutherAI/pythia-410m,step8,seed6,6,8
She had a brilliant pupil.,She had a cloudy pupil.,pupil,pupil,Different Sense,0.05607479810714722,20,0.25,6,7,1,405334016,EleutherAI/pythia-410m,step8,seed6,6,8
She had a brilliant pupil.,She had a cloudy pupil.,pupil,pupil,Different Sense,0.05577212572097778,21,0.25,6,7,1,405334016,EleutherAI/pythia-410m,step8,seed6,6,8
She had a brilliant pupil.,She had a cloudy pupil.,pupil,pupil,Different Sense,0.05415081977844238,22,0.25,6,7,1,405334016,EleutherAI/pythia-410m,step8,seed6,6,8
She had a brilliant pupil.,She had a cloudy pupil.,pupil,pupil,Different Sense,0.05320984125137329,23,0.25,6,7,1,405334016,EleutherAI/pythia-410m,step8,seed6,6,8
She had a brilliant pupil.,She had a cloudy pupil.,pupil,pupil,Different Sense,0.05262434482574463,24,0.25,6,7,1,405334016,EleutherAI/pythia-410m,step8,seed6,6,8
She had an interested pupil.,She had a dilated pupil.,pupil,pupil,Different Sense,0.0,0,0.071428571,6,6,0,405334016,EleutherAI/pythia-410m,step8,seed6,6,8
She had an interested pupil.,She had a dilated pupil.,pupil,pupil,Different Sense,0.055801987648010254,1,0.071428571,6,6,0,405334016,EleutherAI/pythia-410m,step8,seed6,6,8
She had an interested pupil.,She had a dilated pupil.,pupil,pupil,Different Sense,0.08548927307128906,2,0.071428571,6,6,0,405334016,EleutherAI/pythia-410m,step8,seed6,6,8
She had an interested pupil.,She had a dilated pupil.,pupil,pupil,Different Sense,0.09500879049301147,3,0.071428571,6,6,0,405334016,EleutherAI/pythia-410m,step8,seed6,6,8
She had an interested pupil.,She had a dilated pupil.,pupil,pupil,Different Sense,0.10080009698867798,4,0.071428571,6,6,0,405334016,EleutherAI/pythia-410m,step8,seed6,6,8
She had an interested pupil.,She had a dilated pupil.,pupil,pupil,Different Sense,0.10704082250595093,5,0.071428571,6,6,0,405334016,EleutherAI/pythia-410m,step8,seed6,6,8
She had an interested pupil.,She had a dilated pupil.,pupil,pupil,Different Sense,0.1136515736579895,6,0.071428571,6,6,0,405334016,EleutherAI/pythia-410m,step8,seed6,6,8
She had an interested pupil.,She had a dilated pupil.,pupil,pupil,Different Sense,0.11465674638748169,7,0.071428571,6,6,0,405334016,EleutherAI/pythia-410m,step8,seed6,6,8
She had an interested pupil.,She had a dilated pupil.,pupil,pupil,Different Sense,0.11754179000854492,8,0.071428571,6,6,0,405334016,EleutherAI/pythia-410m,step8,seed6,6,8
She had an interested pupil.,She had a dilated pupil.,pupil,pupil,Different Sense,0.11088192462921143,9,0.071428571,6,6,0,405334016,EleutherAI/pythia-410m,step8,seed6,6,8
She had an interested pupil.,She had a dilated pupil.,pupil,pupil,Different Sense,0.11303055286407471,10,0.071428571,6,6,0,405334016,EleutherAI/pythia-410m,step8,seed6,6,8
She had an interested pupil.,She had a dilated pupil.,pupil,pupil,Different Sense,0.11147153377532959,11,0.071428571,6,6,0,405334016,EleutherAI/pythia-410m,step8,seed6,6,8
She had an interested pupil.,She had a dilated pupil.,pupil,pupil,Different Sense,0.11025196313858032,12,0.071428571,6,6,0,405334016,EleutherAI/pythia-410m,step8,seed6,6,8
She had an interested pupil.,She had a dilated pupil.,pupil,pupil,Different Sense,0.10649251937866211,13,0.071428571,6,6,0,405334016,EleutherAI/pythia-410m,step8,seed6,6,8
She had an interested pupil.,She had a dilated pupil.,pupil,pupil,Different Sense,0.10558253526687622,14,0.071428571,6,6,0,405334016,EleutherAI/pythia-410m,step8,seed6,6,8
She had an interested pupil.,She had a dilated pupil.,pupil,pupil,Different Sense,0.10484611988067627,15,0.071428571,6,6,0,405334016,EleutherAI/pythia-410m,step8,seed6,6,8
She had an interested pupil.,She had a dilated pupil.,pupil,pupil,Different Sense,0.10482507944107056,16,0.071428571,6,6,0,405334016,EleutherAI/pythia-410m,step8,seed6,6,8
She had an interested pupil.,She had a dilated pupil.,pupil,pupil,Different Sense,0.10337519645690918,17,0.071428571,6,6,0,405334016,EleutherAI/pythia-410m,step8,seed6,6,8
She had an interested pupil.,She had a dilated pupil.,pupil,pupil,Different Sense,0.10011434555053711,18,0.071428571,6,6,0,405334016,EleutherAI/pythia-410m,step8,seed6,6,8
She had an interested pupil.,She had a dilated pupil.,pupil,pupil,Different Sense,0.09654837846755981,19,0.071428571,6,6,0,405334016,EleutherAI/pythia-410m,step8,seed6,6,8
She had an interested pupil.,She had a dilated pupil.,pupil,pupil,Different Sense,0.09471762180328369,20,0.071428571,6,6,0,405334016,EleutherAI/pythia-410m,step8,seed6,6,8
She had an interested pupil.,She had a dilated pupil.,pupil,pupil,Different Sense,0.09713584184646606,21,0.071428571,6,6,0,405334016,EleutherAI/pythia-410m,step8,seed6,6,8
She had an interested pupil.,She had a dilated pupil.,pupil,pupil,Different Sense,0.09514665603637695,22,0.071428571,6,6,0,405334016,EleutherAI/pythia-410m,step8,seed6,6,8
She had an interested pupil.,She had a dilated pupil.,pupil,pupil,Different Sense,0.09310030937194824,23,0.071428571,6,6,0,405334016,EleutherAI/pythia-410m,step8,seed6,6,8
She had an interested pupil.,She had a dilated pupil.,pupil,pupil,Different Sense,0.0923798680305481,24,0.071428571,6,6,0,405334016,EleutherAI/pythia-410m,step8,seed6,6,8
She had an interested pupil.,She had a cloudy pupil.,pupil,pupil,Different Sense,0.0,0,0.153846154,6,7,1,405334016,EleutherAI/pythia-410m,step8,seed6,6,8
She had an interested pupil.,She had a cloudy pupil.,pupil,pupil,Different Sense,0.05767464637756348,1,0.153846154,6,7,1,405334016,EleutherAI/pythia-410m,step8,seed6,6,8
She had an interested pupil.,She had a cloudy pupil.,pupil,pupil,Different Sense,0.09533113241195679,2,0.153846154,6,7,1,405334016,EleutherAI/pythia-410m,step8,seed6,6,8
She had an interested pupil.,She had a cloudy pupil.,pupil,pupil,Different Sense,0.10651886463165283,3,0.153846154,6,7,1,405334016,EleutherAI/pythia-410m,step8,seed6,6,8
She had an interested pupil.,She had a cloudy pupil.,pupil,pupil,Different Sense,0.11180907487869263,4,0.153846154,6,7,1,405334016,EleutherAI/pythia-410m,step8,seed6,6,8
She had an interested pupil.,She had a cloudy pupil.,pupil,pupil,Different Sense,0.11772072315216064,5,0.153846154,6,7,1,405334016,EleutherAI/pythia-410m,step8,seed6,6,8
She had an interested pupil.,She had a cloudy pupil.,pupil,pupil,Different Sense,0.12122029066085815,6,0.153846154,6,7,1,405334016,EleutherAI/pythia-410m,step8,seed6,6,8
She had an interested pupil.,She had a cloudy pupil.,pupil,pupil,Different Sense,0.1233249306678772,7,0.153846154,6,7,1,405334016,EleutherAI/pythia-410m,step8,seed6,6,8
She had an interested pupil.,She had a cloudy pupil.,pupil,pupil,Different Sense,0.12632054090499878,8,0.153846154,6,7,1,405334016,EleutherAI/pythia-410m,step8,seed6,6,8
She had an interested pupil.,She had a cloudy pupil.,pupil,pupil,Different Sense,0.11972492933273315,9,0.153846154,6,7,1,405334016,EleutherAI/pythia-410m,step8,seed6,6,8
She had an interested pupil.,She had a cloudy pupil.,pupil,pupil,Different Sense,0.12454384565353394,10,0.153846154,6,7,1,405334016,EleutherAI/pythia-410m,step8,seed6,6,8
She had an interested pupil.,She had a cloudy pupil.,pupil,pupil,Different Sense,0.12281107902526855,11,0.153846154,6,7,1,405334016,EleutherAI/pythia-410m,step8,seed6,6,8
She had an interested pupil.,She had a cloudy pupil.,pupil,pupil,Different Sense,0.12264615297317505,12,0.153846154,6,7,1,405334016,EleutherAI/pythia-410m,step8,seed6,6,8
She had an interested pupil.,She had a cloudy pupil.,pupil,pupil,Different Sense,0.11940765380859375,13,0.153846154,6,7,1,405334016,EleutherAI/pythia-410m,step8,seed6,6,8
She had an interested pupil.,She had a cloudy pupil.,pupil,pupil,Different Sense,0.11998671293258667,14,0.153846154,6,7,1,405334016,EleutherAI/pythia-410m,step8,seed6,6,8
She had an interested pupil.,She had a cloudy pupil.,pupil,pupil,Different Sense,0.11806672811508179,15,0.153846154,6,7,1,405334016,EleutherAI/pythia-410m,step8,seed6,6,8
She had an interested pupil.,She had a cloudy pupil.,pupil,pupil,Different Sense,0.11754250526428223,16,0.153846154,6,7,1,405334016,EleutherAI/pythia-410m,step8,seed6,6,8
She had an interested pupil.,She had a cloudy pupil.,pupil,pupil,Different Sense,0.11445492506027222,17,0.153846154,6,7,1,405334016,EleutherAI/pythia-410m,step8,seed6,6,8
She had an interested pupil.,She had a cloudy pupil.,pupil,pupil,Different Sense,0.10943418741226196,18,0.153846154,6,7,1,405334016,EleutherAI/pythia-410m,step8,seed6,6,8
She had an interested pupil.,She had a cloudy pupil.,pupil,pupil,Different Sense,0.10552811622619629,19,0.153846154,6,7,1,405334016,EleutherAI/pythia-410m,step8,seed6,6,8
She had an interested pupil.,She had a cloudy pupil.,pupil,pupil,Different Sense,0.10241132974624634,20,0.153846154,6,7,1,405334016,EleutherAI/pythia-410m,step8,seed6,6,8
She had an interested pupil.,She had a cloudy pupil.,pupil,pupil,Different Sense,0.10172337293624878,21,0.153846154,6,7,1,405334016,EleutherAI/pythia-410m,step8,seed6,6,8
She had an interested pupil.,She had a cloudy pupil.,pupil,pupil,Different Sense,0.09781885147094727,22,0.153846154,6,7,1,405334016,EleutherAI/pythia-410m,step8,seed6,6,8
She had an interested pupil.,She had a cloudy pupil.,pupil,pupil,Different Sense,0.0977051854133606,23,0.153846154,6,7,1,405334016,EleutherAI/pythia-410m,step8,seed6,6,8
She had an interested pupil.,She had a cloudy pupil.,pupil,pupil,Different Sense,0.09681034088134766,24,0.153846154,6,7,1,405334016,EleutherAI/pythia-410m,step8,seed6,6,8
She had a brilliant pupil.,She had an interested pupil.,pupil,pupil,Same Sense,0.0,0,3.692307692,6,6,0,405334016,EleutherAI/pythia-410m,step8,seed6,6,8
She had a brilliant pupil.,She had an interested pupil.,pupil,pupil,Same Sense,0.04471391439437866,1,3.692307692,6,6,0,405334016,EleutherAI/pythia-410m,step8,seed6,6,8
She had a brilliant pupil.,She had an interested pupil.,pupil,pupil,Same Sense,0.07085412740707397,2,3.692307692,6,6,0,405334016,EleutherAI/pythia-410m,step8,seed6,6,8
She had a brilliant pupil.,She had an interested pupil.,pupil,pupil,Same Sense,0.07853180170059204,3,3.692307692,6,6,0,405334016,EleutherAI/pythia-410m,step8,seed6,6,8
She had a brilliant pupil.,She had an interested pupil.,pupil,pupil,Same Sense,0.08595812320709229,4,3.692307692,6,6,0,405334016,EleutherAI/pythia-410m,step8,seed6,6,8
She had a brilliant pupil.,She had an interested pupil.,pupil,pupil,Same Sense,0.0910869836807251,5,3.692307692,6,6,0,405334016,EleutherAI/pythia-410m,step8,seed6,6,8
She had a brilliant pupil.,She had an interested pupil.,pupil,pupil,Same Sense,0.0993226170539856,6,3.692307692,6,6,0,405334016,EleutherAI/pythia-410m,step8,seed6,6,8
She had a brilliant pupil.,She had an interested pupil.,pupil,pupil,Same Sense,0.09778034687042236,7,3.692307692,6,6,0,405334016,EleutherAI/pythia-410m,step8,seed6,6,8
She had a brilliant pupil.,She had an interested pupil.,pupil,pupil,Same Sense,0.1027635931968689,8,3.692307692,6,6,0,405334016,EleutherAI/pythia-410m,step8,seed6,6,8
She had a brilliant pupil.,She had an interested pupil.,pupil,pupil,Same Sense,0.09258413314819336,9,3.692307692,6,6,0,405334016,EleutherAI/pythia-410m,step8,seed6,6,8
She had a brilliant pupil.,She had an interested pupil.,pupil,pupil,Same Sense,0.09724879264831543,10,3.692307692,6,6,0,405334016,EleutherAI/pythia-410m,step8,seed6,6,8
She had a brilliant pupil.,She had an interested pupil.,pupil,pupil,Same Sense,0.09730881452560425,11,3.692307692,6,6,0,405334016,EleutherAI/pythia-410m,step8,seed6,6,8
She had a brilliant pupil.,She had an interested pupil.,pupil,pupil,Same Sense,0.09658980369567871,12,3.692307692,6,6,0,405334016,EleutherAI/pythia-410m,step8,seed6,6,8
She had a brilliant pupil.,She had an interested pupil.,pupil,pupil,Same Sense,0.09173637628555298,13,3.692307692,6,6,0,405334016,EleutherAI/pythia-410m,step8,seed6,6,8
She had a brilliant pupil.,She had an interested pupil.,pupil,pupil,Same Sense,0.08984959125518799,14,3.692307692,6,6,0,405334016,EleutherAI/pythia-410m,step8,seed6,6,8
She had a brilliant pupil.,She had an interested pupil.,pupil,pupil,Same Sense,0.0884929895401001,15,3.692307692,6,6,0,405334016,EleutherAI/pythia-410m,step8,seed6,6,8
She had a brilliant pupil.,She had an interested pupil.,pupil,pupil,Same Sense,0.08815544843673706,16,3.692307692,6,6,0,405334016,EleutherAI/pythia-410m,step8,seed6,6,8
She had a brilliant pupil.,She had an interested pupil.,pupil,pupil,Same Sense,0.0886262059211731,17,3.692307692,6,6,0,405334016,EleutherAI/pythia-410m,step8,seed6,6,8
She had a brilliant pupil.,She had an interested pupil.,pupil,pupil,Same Sense,0.08594971895217896,18,3.692307692,6,6,0,405334016,EleutherAI/pythia-410m,step8,seed6,6,8
She had a brilliant pupil.,She had an interested pupil.,pupil,pupil,Same Sense,0.08475244045257568,19,3.692307692,6,6,0,405334016,EleutherAI/pythia-410m,step8,seed6,6,8
She had a brilliant pupil.,She had an interested pupil.,pupil,pupil,Same Sense,0.08307117223739624,20,3.692307692,6,6,0,405334016,EleutherAI/pythia-410m,step8,seed6,6,8
She had a brilliant pupil.,She had an interested pupil.,pupil,pupil,Same Sense,0.0832321047782898,21,3.692307692,6,6,0,405334016,EleutherAI/pythia-410m,step8,seed6,6,8
She had a brilliant pupil.,She had an interested pupil.,pupil,pupil,Same Sense,0.08126074075698853,22,3.692307692,6,6,0,405334016,EleutherAI/pythia-410m,step8,seed6,6,8
She had a brilliant pupil.,She had an interested pupil.,pupil,pupil,Same Sense,0.08060866594314575,23,3.692307692,6,6,0,405334016,EleutherAI/pythia-410m,step8,seed6,6,8
She had a brilliant pupil.,She had an interested pupil.,pupil,pupil,Same Sense,0.08002662658691406,24,3.692307692,6,6,0,405334016,EleutherAI/pythia-410m,step8,seed6,6,8
She had a dilated pupil.,She had a cloudy pupil.,pupil,pupil,Same Sense,0.0,0,2.333333333,6,7,1,405334016,EleutherAI/pythia-410m,step8,seed6,6,8
She had a dilated pupil.,She had a cloudy pupil.,pupil,pupil,Same Sense,0.03376758098602295,1,2.333333333,6,7,1,405334016,EleutherAI/pythia-410m,step8,seed6,6,8
She had a dilated pupil.,She had a cloudy pupil.,pupil,pupil,Same Sense,0.055226802825927734,2,2.333333333,6,7,1,405334016,EleutherAI/pythia-410m,step8,seed6,6,8
She had a dilated pupil.,She had a cloudy pupil.,pupil,pupil,Same Sense,0.06369191408157349,3,2.333333333,6,7,1,405334016,EleutherAI/pythia-410m,step8,seed6,6,8
She had a dilated pupil.,She had a cloudy pupil.,pupil,pupil,Same Sense,0.06324148178100586,4,2.333333333,6,7,1,405334016,EleutherAI/pythia-410m,step8,seed6,6,8
She had a dilated pupil.,She had a cloudy pupil.,pupil,pupil,Same Sense,0.06508266925811768,5,2.333333333,6,7,1,405334016,EleutherAI/pythia-410m,step8,seed6,6,8
She had a dilated pupil.,She had a cloudy pupil.,pupil,pupil,Same Sense,0.06717890501022339,6,2.333333333,6,7,1,405334016,EleutherAI/pythia-410m,step8,seed6,6,8
She had a dilated pupil.,She had a cloudy pupil.,pupil,pupil,Same Sense,0.0681532621383667,7,2.333333333,6,7,1,405334016,EleutherAI/pythia-410m,step8,seed6,6,8
She had a dilated pupil.,She had a cloudy pupil.,pupil,pupil,Same Sense,0.0690653920173645,8,2.333333333,6,7,1,405334016,EleutherAI/pythia-410m,step8,seed6,6,8
She had a dilated pupil.,She had a cloudy pupil.,pupil,pupil,Same Sense,0.06583178043365479,9,2.333333333,6,7,1,405334016,EleutherAI/pythia-410m,step8,seed6,6,8
She had a dilated pupil.,She had a cloudy pupil.,pupil,pupil,Same Sense,0.06420588493347168,10,2.333333333,6,7,1,405334016,EleutherAI/pythia-410m,step8,seed6,6,8
She had a dilated pupil.,She had a cloudy pupil.,pupil,pupil,Same Sense,0.0630905032157898,11,2.333333333,6,7,1,405334016,EleutherAI/pythia-410m,step8,seed6,6,8
She had a dilated pupil.,She had a cloudy pupil.,pupil,pupil,Same Sense,0.06404387950897217,12,2.333333333,6,7,1,405334016,EleutherAI/pythia-410m,step8,seed6,6,8
She had a dilated pupil.,She had a cloudy pupil.,pupil,pupil,Same Sense,0.06292712688446045,13,2.333333333,6,7,1,405334016,EleutherAI/pythia-410m,step8,seed6,6,8
She had a dilated pupil.,She had a cloudy pupil.,pupil,pupil,Same Sense,0.06212109327316284,14,2.333333333,6,7,1,405334016,EleutherAI/pythia-410m,step8,seed6,6,8
She had a dilated pupil.,She had a cloudy pupil.,pupil,pupil,Same Sense,0.06156456470489502,15,2.333333333,6,7,1,405334016,EleutherAI/pythia-410m,step8,seed6,6,8
She had a dilated pupil.,She had a cloudy pupil.,pupil,pupil,Same Sense,0.06284070014953613,16,2.333333333,6,7,1,405334016,EleutherAI/pythia-410m,step8,seed6,6,8
She had a dilated pupil.,She had a cloudy pupil.,pupil,pupil,Same Sense,0.06237447261810303,17,2.333333333,6,7,1,405334016,EleutherAI/pythia-410m,step8,seed6,6,8
She had a dilated pupil.,She had a cloudy pupil.,pupil,pupil,Same Sense,0.06099790334701538,18,2.333333333,6,7,1,405334016,EleutherAI/pythia-410m,step8,seed6,6,8
She had a dilated pupil.,She had a cloudy pupil.,pupil,pupil,Same Sense,0.06078392267227173,19,2.333333333,6,7,1,405334016,EleutherAI/pythia-410m,step8,seed6,6,8
She had a dilated pupil.,She had a cloudy pupil.,pupil,pupil,Same Sense,0.06031167507171631,20,2.333333333,6,7,1,405334016,EleutherAI/pythia-410m,step8,seed6,6,8
She had a dilated pupil.,She had a cloudy pupil.,pupil,pupil,Same Sense,0.061129868030548096,21,2.333333333,6,7,1,405334016,EleutherAI/pythia-410m,step8,seed6,6,8
She had a dilated pupil.,She had a cloudy pupil.,pupil,pupil,Same Sense,0.05875372886657715,22,2.333333333,6,7,1,405334016,EleutherAI/pythia-410m,step8,seed6,6,8
She had a dilated pupil.,She had a cloudy pupil.,pupil,pupil,Same Sense,0.05751746892929077,23,2.333333333,6,7,1,405334016,EleutherAI/pythia-410m,step8,seed6,6,8
She had a dilated pupil.,She had a cloudy pupil.,pupil,pupil,Same Sense,0.05629289150238037,24,2.333333333,6,7,1,405334016,EleutherAI/pythia-410m,step8,seed6,6,8
That was a loud racket.,That was a badminton racket.,racket,racket,Different Sense,0.0,0,0.125,6,8,2,405334016,EleutherAI/pythia-410m,step8,seed6,6,8
That was a loud racket.,That was a badminton racket.,racket,racket,Different Sense,0.04028725624084473,1,0.125,6,8,2,405334016,EleutherAI/pythia-410m,step8,seed6,6,8
That was a loud racket.,That was a badminton racket.,racket,racket,Different Sense,0.0550350546836853,2,0.125,6,8,2,405334016,EleutherAI/pythia-410m,step8,seed6,6,8
That was a loud racket.,That was a badminton racket.,racket,racket,Different Sense,0.0623469352722168,3,0.125,6,8,2,405334016,EleutherAI/pythia-410m,step8,seed6,6,8
That was a loud racket.,That was a badminton racket.,racket,racket,Different Sense,0.06836658716201782,4,0.125,6,8,2,405334016,EleutherAI/pythia-410m,step8,seed6,6,8
That was a loud racket.,That was a badminton racket.,racket,racket,Different Sense,0.07125812768936157,5,0.125,6,8,2,405334016,EleutherAI/pythia-410m,step8,seed6,6,8
That was a loud racket.,That was a badminton racket.,racket,racket,Different Sense,0.07233566045761108,6,0.125,6,8,2,405334016,EleutherAI/pythia-410m,step8,seed6,6,8
That was a loud racket.,That was a badminton racket.,racket,racket,Different Sense,0.07419973611831665,7,0.125,6,8,2,405334016,EleutherAI/pythia-410m,step8,seed6,6,8
That was a loud racket.,That was a badminton racket.,racket,racket,Different Sense,0.07530015707015991,8,0.125,6,8,2,405334016,EleutherAI/pythia-410m,step8,seed6,6,8
That was a loud racket.,That was a badminton racket.,racket,racket,Different Sense,0.07221096754074097,9,0.125,6,8,2,405334016,EleutherAI/pythia-410m,step8,seed6,6,8
That was a loud racket.,That was a badminton racket.,racket,racket,Different Sense,0.07042306661605835,10,0.125,6,8,2,405334016,EleutherAI/pythia-410m,step8,seed6,6,8
That was a loud racket.,That was a badminton racket.,racket,racket,Different Sense,0.06838726997375488,11,0.125,6,8,2,405334016,EleutherAI/pythia-410m,step8,seed6,6,8
That was a loud racket.,That was a badminton racket.,racket,racket,Different Sense,0.06900352239608765,12,0.125,6,8,2,405334016,EleutherAI/pythia-410m,step8,seed6,6,8
That was a loud racket.,That was a badminton racket.,racket,racket,Different Sense,0.0713200569152832,13,0.125,6,8,2,405334016,EleutherAI/pythia-410m,step8,seed6,6,8
That was a loud racket.,That was a badminton racket.,racket,racket,Different Sense,0.07113778591156006,14,0.125,6,8,2,405334016,EleutherAI/pythia-410m,step8,seed6,6,8
That was a loud racket.,That was a badminton racket.,racket,racket,Different Sense,0.0655927062034607,15,0.125,6,8,2,405334016,EleutherAI/pythia-410m,step8,seed6,6,8
That was a loud racket.,That was a badminton racket.,racket,racket,Different Sense,0.06554454565048218,16,0.125,6,8,2,405334016,EleutherAI/pythia-410m,step8,seed6,6,8
That was a loud racket.,That was a badminton racket.,racket,racket,Different Sense,0.06458663940429688,17,0.125,6,8,2,405334016,EleutherAI/pythia-410m,step8,seed6,6,8
That was a loud racket.,That was a badminton racket.,racket,racket,Different Sense,0.06464236974716187,18,0.125,6,8,2,405334016,EleutherAI/pythia-410m,step8,seed6,6,8
That was a loud racket.,That was a badminton racket.,racket,racket,Different Sense,0.06267613172531128,19,0.125,6,8,2,405334016,EleutherAI/pythia-410m,step8,seed6,6,8
That was a loud racket.,That was a badminton racket.,racket,racket,Different Sense,0.0613635778427124,20,0.125,6,8,2,405334016,EleutherAI/pythia-410m,step8,seed6,6,8
That was a loud racket.,That was a badminton racket.,racket,racket,Different Sense,0.058862388134002686,21,0.125,6,8,2,405334016,EleutherAI/pythia-410m,step8,seed6,6,8
That was a loud racket.,That was a badminton racket.,racket,racket,Different Sense,0.05712246894836426,22,0.125,6,8,2,405334016,EleutherAI/pythia-410m,step8,seed6,6,8
That was a loud racket.,That was a badminton racket.,racket,racket,Different Sense,0.05642205476760864,23,0.125,6,8,2,405334016,EleutherAI/pythia-410m,step8,seed6,6,8
That was a loud racket.,That was a badminton racket.,racket,racket,Different Sense,0.05613744258880615,24,0.125,6,8,2,405334016,EleutherAI/pythia-410m,step8,seed6,6,8
That was a loud racket.,That was a tennis racket.,racket,racket,Different Sense,0.0,0,0.176470588,6,6,0,405334016,EleutherAI/pythia-410m,step8,seed6,6,8
That was a loud racket.,That was a tennis racket.,racket,racket,Different Sense,0.03343915939331055,1,0.176470588,6,6,0,405334016,EleutherAI/pythia-410m,step8,seed6,6,8
That was a loud racket.,That was a tennis racket.,racket,racket,Different Sense,0.040883421897888184,2,0.176470588,6,6,0,405334016,EleutherAI/pythia-410m,step8,seed6,6,8
That was a loud racket.,That was a tennis racket.,racket,racket,Different Sense,0.047797322273254395,3,0.176470588,6,6,0,405334016,EleutherAI/pythia-410m,step8,seed6,6,8
That was a loud racket.,That was a tennis racket.,racket,racket,Different Sense,0.05276775360107422,4,0.176470588,6,6,0,405334016,EleutherAI/pythia-410m,step8,seed6,6,8
That was a loud racket.,That was a tennis racket.,racket,racket,Different Sense,0.051733970642089844,5,0.176470588,6,6,0,405334016,EleutherAI/pythia-410m,step8,seed6,6,8
That was a loud racket.,That was a tennis racket.,racket,racket,Different Sense,0.05189996957778931,6,0.176470588,6,6,0,405334016,EleutherAI/pythia-410m,step8,seed6,6,8
That was a loud racket.,That was a tennis racket.,racket,racket,Different Sense,0.050533831119537354,7,0.176470588,6,6,0,405334016,EleutherAI/pythia-410m,step8,seed6,6,8
That was a loud racket.,That was a tennis racket.,racket,racket,Different Sense,0.05092430114746094,8,0.176470588,6,6,0,405334016,EleutherAI/pythia-410m,step8,seed6,6,8
That was a loud racket.,That was a tennis racket.,racket,racket,Different Sense,0.04872936010360718,9,0.176470588,6,6,0,405334016,EleutherAI/pythia-410m,step8,seed6,6,8
That was a loud racket.,That was a tennis racket.,racket,racket,Different Sense,0.046777427196502686,10,0.176470588,6,6,0,405334016,EleutherAI/pythia-410m,step8,seed6,6,8
That was a loud racket.,That was a tennis racket.,racket,racket,Different Sense,0.045028507709503174,11,0.176470588,6,6,0,405334016,EleutherAI/pythia-410m,step8,seed6,6,8
That was a loud racket.,That was a tennis racket.,racket,racket,Different Sense,0.0447002649307251,12,0.176470588,6,6,0,405334016,EleutherAI/pythia-410m,step8,seed6,6,8
That was a loud racket.,That was a tennis racket.,racket,racket,Different Sense,0.045526981353759766,13,0.176470588,6,6,0,405334016,EleutherAI/pythia-410m,step8,seed6,6,8
That was a loud racket.,That was a tennis racket.,racket,racket,Different Sense,0.045498669147491455,14,0.176470588,6,6,0,405334016,EleutherAI/pythia-410m,step8,seed6,6,8
That was a loud racket.,That was a tennis racket.,racket,racket,Different Sense,0.043174684047698975,15,0.176470588,6,6,0,405334016,EleutherAI/pythia-410m,step8,seed6,6,8
That was a loud racket.,That was a tennis racket.,racket,racket,Different Sense,0.0420757532119751,16,0.176470588,6,6,0,405334016,EleutherAI/pythia-410m,step8,seed6,6,8
That was a loud racket.,That was a tennis racket.,racket,racket,Different Sense,0.03975653648376465,17,0.176470588,6,6,0,405334016,EleutherAI/pythia-410m,step8,seed6,6,8
That was a loud racket.,That was a tennis racket.,racket,racket,Different Sense,0.03908604383468628,18,0.176470588,6,6,0,405334016,EleutherAI/pythia-410m,step8,seed6,6,8
That was a loud racket.,That was a tennis racket.,racket,racket,Different Sense,0.03786730766296387,19,0.176470588,6,6,0,405334016,EleutherAI/pythia-410m,step8,seed6,6,8
That was a loud racket.,That was a tennis racket.,racket,racket,Different Sense,0.03678774833679199,20,0.176470588,6,6,0,405334016,EleutherAI/pythia-410m,step8,seed6,6,8
That was a loud racket.,That was a tennis racket.,racket,racket,Different Sense,0.036650896072387695,21,0.176470588,6,6,0,405334016,EleutherAI/pythia-410m,step8,seed6,6,8
That was a loud racket.,That was a tennis racket.,racket,racket,Different Sense,0.035400331020355225,22,0.176470588,6,6,0,405334016,EleutherAI/pythia-410m,step8,seed6,6,8
That was a loud racket.,That was a tennis racket.,racket,racket,Different Sense,0.03491908311843872,23,0.176470588,6,6,0,405334016,EleutherAI/pythia-410m,step8,seed6,6,8
That was a loud racket.,That was a tennis racket.,racket,racket,Different Sense,0.03509223461151123,24,0.176470588,6,6,0,405334016,EleutherAI/pythia-410m,step8,seed6,6,8
That was an annoying racket.,That was a badminton racket.,racket,racket,Different Sense,0.0,0,0.166666667,6,8,2,405334016,EleutherAI/pythia-410m,step8,seed6,6,8
That was an annoying racket.,That was a badminton racket.,racket,racket,Different Sense,0.06520771980285645,1,0.166666667,6,8,2,405334016,EleutherAI/pythia-410m,step8,seed6,6,8
That was an annoying racket.,That was a badminton racket.,racket,racket,Different Sense,0.08906978368759155,2,0.166666667,6,8,2,405334016,EleutherAI/pythia-410m,step8,seed6,6,8
That was an annoying racket.,That was a badminton racket.,racket,racket,Different Sense,0.09823352098464966,3,0.166666667,6,8,2,405334016,EleutherAI/pythia-410m,step8,seed6,6,8
That was an annoying racket.,That was a badminton racket.,racket,racket,Different Sense,0.1065218448638916,4,0.166666667,6,8,2,405334016,EleutherAI/pythia-410m,step8,seed6,6,8
That was an annoying racket.,That was a badminton racket.,racket,racket,Different Sense,0.11480832099914551,5,0.166666667,6,8,2,405334016,EleutherAI/pythia-410m,step8,seed6,6,8
That was an annoying racket.,That was a badminton racket.,racket,racket,Different Sense,0.12615525722503662,6,0.166666667,6,8,2,405334016,EleutherAI/pythia-410m,step8,seed6,6,8
That was an annoying racket.,That was a badminton racket.,racket,racket,Different Sense,0.12231707572937012,7,0.166666667,6,8,2,405334016,EleutherAI/pythia-410m,step8,seed6,6,8
That was an annoying racket.,That was a badminton racket.,racket,racket,Different Sense,0.12260997295379639,8,0.166666667,6,8,2,405334016,EleutherAI/pythia-410m,step8,seed6,6,8
That was an annoying racket.,That was a badminton racket.,racket,racket,Different Sense,0.12061572074890137,9,0.166666667,6,8,2,405334016,EleutherAI/pythia-410m,step8,seed6,6,8
That was an annoying racket.,That was a badminton racket.,racket,racket,Different Sense,0.12464886903762817,10,0.166666667,6,8,2,405334016,EleutherAI/pythia-410m,step8,seed6,6,8
That was an annoying racket.,That was a badminton racket.,racket,racket,Different Sense,0.12073802947998047,11,0.166666667,6,8,2,405334016,EleutherAI/pythia-410m,step8,seed6,6,8
That was an annoying racket.,That was a badminton racket.,racket,racket,Different Sense,0.12140917778015137,12,0.166666667,6,8,2,405334016,EleutherAI/pythia-410m,step8,seed6,6,8
That was an annoying racket.,That was a badminton racket.,racket,racket,Different Sense,0.12025630474090576,13,0.166666667,6,8,2,405334016,EleutherAI/pythia-410m,step8,seed6,6,8
That was an annoying racket.,That was a badminton racket.,racket,racket,Different Sense,0.1204218864440918,14,0.166666667,6,8,2,405334016,EleutherAI/pythia-410m,step8,seed6,6,8
That was an annoying racket.,That was a badminton racket.,racket,racket,Different Sense,0.1148979663848877,15,0.166666667,6,8,2,405334016,EleutherAI/pythia-410m,step8,seed6,6,8
That was an annoying racket.,That was a badminton racket.,racket,racket,Different Sense,0.11295819282531738,16,0.166666667,6,8,2,405334016,EleutherAI/pythia-410m,step8,seed6,6,8
That was an annoying racket.,That was a badminton racket.,racket,racket,Different Sense,0.11115849018096924,17,0.166666667,6,8,2,405334016,EleutherAI/pythia-410m,step8,seed6,6,8
That was an annoying racket.,That was a badminton racket.,racket,racket,Different Sense,0.11145752668380737,18,0.166666667,6,8,2,405334016,EleutherAI/pythia-410m,step8,seed6,6,8
That was an annoying racket.,That was a badminton racket.,racket,racket,Different Sense,0.10857325792312622,19,0.166666667,6,8,2,405334016,EleutherAI/pythia-410m,step8,seed6,6,8
That was an annoying racket.,That was a badminton racket.,racket,racket,Different Sense,0.10641509294509888,20,0.166666667,6,8,2,405334016,EleutherAI/pythia-410m,step8,seed6,6,8
That was an annoying racket.,That was a badminton racket.,racket,racket,Different Sense,0.10420763492584229,21,0.166666667,6,8,2,405334016,EleutherAI/pythia-410m,step8,seed6,6,8
That was an annoying racket.,That was a badminton racket.,racket,racket,Different Sense,0.10069209337234497,22,0.166666667,6,8,2,405334016,EleutherAI/pythia-410m,step8,seed6,6,8
That was an annoying racket.,That was a badminton racket.,racket,racket,Different Sense,0.09783303737640381,23,0.166666667,6,8,2,405334016,EleutherAI/pythia-410m,step8,seed6,6,8
That was an annoying racket.,That was a badminton racket.,racket,racket,Different Sense,0.09740340709686279,24,0.166666667,6,8,2,405334016,EleutherAI/pythia-410m,step8,seed6,6,8
That was an annoying racket.,That was a tennis racket.,racket,racket,Different Sense,0.0,0,0.0,6,6,0,405334016,EleutherAI/pythia-410m,step8,seed6,6,8
That was an annoying racket.,That was a tennis racket.,racket,racket,Different Sense,0.05652362108230591,1,0.0,6,6,0,405334016,EleutherAI/pythia-410m,step8,seed6,6,8
That was an annoying racket.,That was a tennis racket.,racket,racket,Different Sense,0.07628631591796875,2,0.0,6,6,0,405334016,EleutherAI/pythia-410m,step8,seed6,6,8
That was an annoying racket.,That was a tennis racket.,racket,racket,Different Sense,0.08510518074035645,3,0.0,6,6,0,405334016,EleutherAI/pythia-410m,step8,seed6,6,8
That was an annoying racket.,That was a tennis racket.,racket,racket,Different Sense,0.09312164783477783,4,0.0,6,6,0,405334016,EleutherAI/pythia-410m,step8,seed6,6,8
That was an annoying racket.,That was a tennis racket.,racket,racket,Different Sense,0.09666389226913452,5,0.0,6,6,0,405334016,EleutherAI/pythia-410m,step8,seed6,6,8
That was an annoying racket.,That was a tennis racket.,racket,racket,Different Sense,0.1074291467666626,6,0.0,6,6,0,405334016,EleutherAI/pythia-410m,step8,seed6,6,8
That was an annoying racket.,That was a tennis racket.,racket,racket,Different Sense,0.10553950071334839,7,0.0,6,6,0,405334016,EleutherAI/pythia-410m,step8,seed6,6,8
That was an annoying racket.,That was a tennis racket.,racket,racket,Different Sense,0.10369551181793213,8,0.0,6,6,0,405334016,EleutherAI/pythia-410m,step8,seed6,6,8
That was an annoying racket.,That was a tennis racket.,racket,racket,Different Sense,0.10000336170196533,9,0.0,6,6,0,405334016,EleutherAI/pythia-410m,step8,seed6,6,8
That was an annoying racket.,That was a tennis racket.,racket,racket,Different Sense,0.1007799506187439,10,0.0,6,6,0,405334016,EleutherAI/pythia-410m,step8,seed6,6,8
That was an annoying racket.,That was a tennis racket.,racket,racket,Different Sense,0.09982556104660034,11,0.0,6,6,0,405334016,EleutherAI/pythia-410m,step8,seed6,6,8
That was an annoying racket.,That was a tennis racket.,racket,racket,Different Sense,0.09945809841156006,12,0.0,6,6,0,405334016,EleutherAI/pythia-410m,step8,seed6,6,8
That was an annoying racket.,That was a tennis racket.,racket,racket,Different Sense,0.09945124387741089,13,0.0,6,6,0,405334016,EleutherAI/pythia-410m,step8,seed6,6,8
That was an annoying racket.,That was a tennis racket.,racket,racket,Different Sense,0.10049033164978027,14,0.0,6,6,0,405334016,EleutherAI/pythia-410m,step8,seed6,6,8
That was an annoying racket.,That was a tennis racket.,racket,racket,Different Sense,0.09843575954437256,15,0.0,6,6,0,405334016,EleutherAI/pythia-410m,step8,seed6,6,8
That was an annoying racket.,That was a tennis racket.,racket,racket,Different Sense,0.09826117753982544,16,0.0,6,6,0,405334016,EleutherAI/pythia-410m,step8,seed6,6,8
That was an annoying racket.,That was a tennis racket.,racket,racket,Different Sense,0.09751129150390625,17,0.0,6,6,0,405334016,EleutherAI/pythia-410m,step8,seed6,6,8
That was an annoying racket.,That was a tennis racket.,racket,racket,Different Sense,0.09675109386444092,18,0.0,6,6,0,405334016,EleutherAI/pythia-410m,step8,seed6,6,8
That was an annoying racket.,That was a tennis racket.,racket,racket,Different Sense,0.09401339292526245,19,0.0,6,6,0,405334016,EleutherAI/pythia-410m,step8,seed6,6,8
That was an annoying racket.,That was a tennis racket.,racket,racket,Different Sense,0.09119004011154175,20,0.0,6,6,0,405334016,EleutherAI/pythia-410m,step8,seed6,6,8
That was an annoying racket.,That was a tennis racket.,racket,racket,Different Sense,0.08998912572860718,21,0.0,6,6,0,405334016,EleutherAI/pythia-410m,step8,seed6,6,8
That was an annoying racket.,That was a tennis racket.,racket,racket,Different Sense,0.08598214387893677,22,0.0,6,6,0,405334016,EleutherAI/pythia-410m,step8,seed6,6,8
That was an annoying racket.,That was a tennis racket.,racket,racket,Different Sense,0.08354055881500244,23,0.0,6,6,0,405334016,EleutherAI/pythia-410m,step8,seed6,6,8
That was an annoying racket.,That was a tennis racket.,racket,racket,Different Sense,0.08380287885665894,24,0.0,6,6,0,405334016,EleutherAI/pythia-410m,step8,seed6,6,8
That was a loud racket.,That was an annoying racket.,racket,racket,Same Sense,0.0,0,3.384615385,6,6,0,405334016,EleutherAI/pythia-410m,step8,seed6,6,8
That was a loud racket.,That was an annoying racket.,racket,racket,Same Sense,0.06787383556365967,1,3.384615385,6,6,0,405334016,EleutherAI/pythia-410m,step8,seed6,6,8
That was a loud racket.,That was an annoying racket.,racket,racket,Same Sense,0.08438104391098022,2,3.384615385,6,6,0,405334016,EleutherAI/pythia-410m,step8,seed6,6,8
That was a loud racket.,That was an annoying racket.,racket,racket,Same Sense,0.09207749366760254,3,3.384615385,6,6,0,405334016,EleutherAI/pythia-410m,step8,seed6,6,8
That was a loud racket.,That was an annoying racket.,racket,racket,Same Sense,0.10024195909500122,4,3.384615385,6,6,0,405334016,EleutherAI/pythia-410m,step8,seed6,6,8
That was a loud racket.,That was an annoying racket.,racket,racket,Same Sense,0.09977608919143677,5,3.384615385,6,6,0,405334016,EleutherAI/pythia-410m,step8,seed6,6,8
That was a loud racket.,That was an annoying racket.,racket,racket,Same Sense,0.10994243621826172,6,3.384615385,6,6,0,405334016,EleutherAI/pythia-410m,step8,seed6,6,8
That was a loud racket.,That was an annoying racket.,racket,racket,Same Sense,0.11174041032791138,7,3.384615385,6,6,0,405334016,EleutherAI/pythia-410m,step8,seed6,6,8
That was a loud racket.,That was an annoying racket.,racket,racket,Same Sense,0.11212491989135742,8,3.384615385,6,6,0,405334016,EleutherAI/pythia-410m,step8,seed6,6,8
That was a loud racket.,That was an annoying racket.,racket,racket,Same Sense,0.10937905311584473,9,3.384615385,6,6,0,405334016,EleutherAI/pythia-410m,step8,seed6,6,8
That was a loud racket.,That was an annoying racket.,racket,racket,Same Sense,0.10957014560699463,10,3.384615385,6,6,0,405334016,EleutherAI/pythia-410m,step8,seed6,6,8
That was a loud racket.,That was an annoying racket.,racket,racket,Same Sense,0.10546773672103882,11,3.384615385,6,6,0,405334016,EleutherAI/pythia-410m,step8,seed6,6,8
That was a loud racket.,That was an annoying racket.,racket,racket,Same Sense,0.10471707582473755,12,3.384615385,6,6,0,405334016,EleutherAI/pythia-410m,step8,seed6,6,8
That was a loud racket.,That was an annoying racket.,racket,racket,Same Sense,0.10268294811248779,13,3.384615385,6,6,0,405334016,EleutherAI/pythia-410m,step8,seed6,6,8
That was a loud racket.,That was an annoying racket.,racket,racket,Same Sense,0.1035962700843811,14,3.384615385,6,6,0,405334016,EleutherAI/pythia-410m,step8,seed6,6,8
That was a loud racket.,That was an annoying racket.,racket,racket,Same Sense,0.10117512941360474,15,3.384615385,6,6,0,405334016,EleutherAI/pythia-410m,step8,seed6,6,8
That was a loud racket.,That was an annoying racket.,racket,racket,Same Sense,0.09760856628417969,16,3.384615385,6,6,0,405334016,EleutherAI/pythia-410m,step8,seed6,6,8
That was a loud racket.,That was an annoying racket.,racket,racket,Same Sense,0.09744828939437866,17,3.384615385,6,6,0,405334016,EleutherAI/pythia-410m,step8,seed6,6,8
That was a loud racket.,That was an annoying racket.,racket,racket,Same Sense,0.09751194715499878,18,3.384615385,6,6,0,405334016,EleutherAI/pythia-410m,step8,seed6,6,8
That was a loud racket.,That was an annoying racket.,racket,racket,Same Sense,0.09367793798446655,19,3.384615385,6,6,0,405334016,EleutherAI/pythia-410m,step8,seed6,6,8
That was a loud racket.,That was an annoying racket.,racket,racket,Same Sense,0.0917654037475586,20,3.384615385,6,6,0,405334016,EleutherAI/pythia-410m,step8,seed6,6,8
That was a loud racket.,That was an annoying racket.,racket,racket,Same Sense,0.08982580900192261,21,3.384615385,6,6,0,405334016,EleutherAI/pythia-410m,step8,seed6,6,8
That was a loud racket.,That was an annoying racket.,racket,racket,Same Sense,0.08670812845230103,22,3.384615385,6,6,0,405334016,EleutherAI/pythia-410m,step8,seed6,6,8
That was a loud racket.,That was an annoying racket.,racket,racket,Same Sense,0.0846320390701294,23,3.384615385,6,6,0,405334016,EleutherAI/pythia-410m,step8,seed6,6,8
That was a loud racket.,That was an annoying racket.,racket,racket,Same Sense,0.08401459455490112,24,3.384615385,6,6,0,405334016,EleutherAI/pythia-410m,step8,seed6,6,8
That was a badminton racket.,That was a tennis racket.,racket,racket,Same Sense,0.0,0,3.666666667,8,6,2,405334016,EleutherAI/pythia-410m,step8,seed6,6,8
That was a badminton racket.,That was a tennis racket.,racket,racket,Same Sense,0.033867716789245605,1,3.666666667,8,6,2,405334016,EleutherAI/pythia-410m,step8,seed6,6,8
That was a badminton racket.,That was a tennis racket.,racket,racket,Same Sense,0.048258423805236816,2,3.666666667,8,6,2,405334016,EleutherAI/pythia-410m,step8,seed6,6,8
That was a badminton racket.,That was a tennis racket.,racket,racket,Same Sense,0.056020498275756836,3,3.666666667,8,6,2,405334016,EleutherAI/pythia-410m,step8,seed6,6,8
That was a badminton racket.,That was a tennis racket.,racket,racket,Same Sense,0.06215447187423706,4,3.666666667,8,6,2,405334016,EleutherAI/pythia-410m,step8,seed6,6,8
That was a badminton racket.,That was a tennis racket.,racket,racket,Same Sense,0.06872689723968506,5,3.666666667,8,6,2,405334016,EleutherAI/pythia-410m,step8,seed6,6,8
That was a badminton racket.,That was a tennis racket.,racket,racket,Same Sense,0.0709732174873352,6,3.666666667,8,6,2,405334016,EleutherAI/pythia-410m,step8,seed6,6,8
That was a badminton racket.,That was a tennis racket.,racket,racket,Same Sense,0.07125699520111084,7,3.666666667,8,6,2,405334016,EleutherAI/pythia-410m,step8,seed6,6,8
That was a badminton racket.,That was a tennis racket.,racket,racket,Same Sense,0.07431703805923462,8,3.666666667,8,6,2,405334016,EleutherAI/pythia-410m,step8,seed6,6,8
That was a badminton racket.,That was a tennis racket.,racket,racket,Same Sense,0.07166343927383423,9,3.666666667,8,6,2,405334016,EleutherAI/pythia-410m,step8,seed6,6,8
That was a badminton racket.,That was a tennis racket.,racket,racket,Same Sense,0.06990784406661987,10,3.666666667,8,6,2,405334016,EleutherAI/pythia-410m,step8,seed6,6,8
That was a badminton racket.,That was a tennis racket.,racket,racket,Same Sense,0.06735140085220337,11,3.666666667,8,6,2,405334016,EleutherAI/pythia-410m,step8,seed6,6,8
That was a badminton racket.,That was a tennis racket.,racket,racket,Same Sense,0.06782996654510498,12,3.666666667,8,6,2,405334016,EleutherAI/pythia-410m,step8,seed6,6,8
That was a badminton racket.,That was a tennis racket.,racket,racket,Same Sense,0.06845098733901978,13,3.666666667,8,6,2,405334016,EleutherAI/pythia-410m,step8,seed6,6,8
That was a badminton racket.,That was a tennis racket.,racket,racket,Same Sense,0.0695454478263855,14,3.666666667,8,6,2,405334016,EleutherAI/pythia-410m,step8,seed6,6,8
That was a badminton racket.,That was a tennis racket.,racket,racket,Same Sense,0.06650716066360474,15,3.666666667,8,6,2,405334016,EleutherAI/pythia-410m,step8,seed6,6,8
That was a badminton racket.,That was a tennis racket.,racket,racket,Same Sense,0.06566399335861206,16,3.666666667,8,6,2,405334016,EleutherAI/pythia-410m,step8,seed6,6,8
That was a badminton racket.,That was a tennis racket.,racket,racket,Same Sense,0.06430119276046753,17,3.666666667,8,6,2,405334016,EleutherAI/pythia-410m,step8,seed6,6,8
That was a badminton racket.,That was a tennis racket.,racket,racket,Same Sense,0.06436079740524292,18,3.666666667,8,6,2,405334016,EleutherAI/pythia-410m,step8,seed6,6,8
That was a badminton racket.,That was a tennis racket.,racket,racket,Same Sense,0.06230396032333374,19,3.666666667,8,6,2,405334016,EleutherAI/pythia-410m,step8,seed6,6,8
That was a badminton racket.,That was a tennis racket.,racket,racket,Same Sense,0.06240779161453247,20,3.666666667,8,6,2,405334016,EleutherAI/pythia-410m,step8,seed6,6,8
That was a badminton racket.,That was a tennis racket.,racket,racket,Same Sense,0.060258448123931885,21,3.666666667,8,6,2,405334016,EleutherAI/pythia-410m,step8,seed6,6,8
That was a badminton racket.,That was a tennis racket.,racket,racket,Same Sense,0.059271156787872314,22,3.666666667,8,6,2,405334016,EleutherAI/pythia-410m,step8,seed6,6,8
That was a badminton racket.,That was a tennis racket.,racket,racket,Same Sense,0.05653911828994751,23,3.666666667,8,6,2,405334016,EleutherAI/pythia-410m,step8,seed6,6,8
That was a badminton racket.,That was a tennis racket.,racket,racket,Same Sense,0.05717247724533081,24,3.666666667,8,6,2,405334016,EleutherAI/pythia-410m,step8,seed6,6,8
He liked electronic rock.,He liked limestone rock.,rock,rock,Different Sense,0.0,0,0.666666667,5,5,0,405334016,EleutherAI/pythia-410m,step8,seed6,6,8
He liked electronic rock.,He liked limestone rock.,rock,rock,Different Sense,0.0324862003326416,1,0.666666667,5,5,0,405334016,EleutherAI/pythia-410m,step8,seed6,6,8
He liked electronic rock.,He liked limestone rock.,rock,rock,Different Sense,0.044909119606018066,2,0.666666667,5,5,0,405334016,EleutherAI/pythia-410m,step8,seed6,6,8
He liked electronic rock.,He liked limestone rock.,rock,rock,Different Sense,0.05470532178878784,3,0.666666667,5,5,0,405334016,EleutherAI/pythia-410m,step8,seed6,6,8
He liked electronic rock.,He liked limestone rock.,rock,rock,Different Sense,0.0538364052772522,4,0.666666667,5,5,0,405334016,EleutherAI/pythia-410m,step8,seed6,6,8
He liked electronic rock.,He liked limestone rock.,rock,rock,Different Sense,0.06155961751937866,5,0.666666667,5,5,0,405334016,EleutherAI/pythia-410m,step8,seed6,6,8
He liked electronic rock.,He liked limestone rock.,rock,rock,Different Sense,0.06009000539779663,6,0.666666667,5,5,0,405334016,EleutherAI/pythia-410m,step8,seed6,6,8
He liked electronic rock.,He liked limestone rock.,rock,rock,Different Sense,0.056985557079315186,7,0.666666667,5,5,0,405334016,EleutherAI/pythia-410m,step8,seed6,6,8
He liked electronic rock.,He liked limestone rock.,rock,rock,Different Sense,0.055972933769226074,8,0.666666667,5,5,0,405334016,EleutherAI/pythia-410m,step8,seed6,6,8
He liked electronic rock.,He liked limestone rock.,rock,rock,Different Sense,0.0555722713470459,9,0.666666667,5,5,0,405334016,EleutherAI/pythia-410m,step8,seed6,6,8
He liked electronic rock.,He liked limestone rock.,rock,rock,Different Sense,0.05890089273452759,10,0.666666667,5,5,0,405334016,EleutherAI/pythia-410m,step8,seed6,6,8
He liked electronic rock.,He liked limestone rock.,rock,rock,Different Sense,0.059267401695251465,11,0.666666667,5,5,0,405334016,EleutherAI/pythia-410m,step8,seed6,6,8
He liked electronic rock.,He liked limestone rock.,rock,rock,Different Sense,0.06034773588180542,12,0.666666667,5,5,0,405334016,EleutherAI/pythia-410m,step8,seed6,6,8
He liked electronic rock.,He liked limestone rock.,rock,rock,Different Sense,0.06022554636001587,13,0.666666667,5,5,0,405334016,EleutherAI/pythia-410m,step8,seed6,6,8
He liked electronic rock.,He liked limestone rock.,rock,rock,Different Sense,0.05834603309631348,14,0.666666667,5,5,0,405334016,EleutherAI/pythia-410m,step8,seed6,6,8
He liked electronic rock.,He liked limestone rock.,rock,rock,Different Sense,0.05514103174209595,15,0.666666667,5,5,0,405334016,EleutherAI/pythia-410m,step8,seed6,6,8
He liked electronic rock.,He liked limestone rock.,rock,rock,Different Sense,0.05434596538543701,16,0.666666667,5,5,0,405334016,EleutherAI/pythia-410m,step8,seed6,6,8
He liked electronic rock.,He liked limestone rock.,rock,rock,Different Sense,0.05406522750854492,17,0.666666667,5,5,0,405334016,EleutherAI/pythia-410m,step8,seed6,6,8
He liked electronic rock.,He liked limestone rock.,rock,rock,Different Sense,0.05312812328338623,18,0.666666667,5,5,0,405334016,EleutherAI/pythia-410m,step8,seed6,6,8
He liked electronic rock.,He liked limestone rock.,rock,rock,Different Sense,0.05167508125305176,19,0.666666667,5,5,0,405334016,EleutherAI/pythia-410m,step8,seed6,6,8
He liked electronic rock.,He liked limestone rock.,rock,rock,Different Sense,0.050864338874816895,20,0.666666667,5,5,0,405334016,EleutherAI/pythia-410m,step8,seed6,6,8
He liked electronic rock.,He liked limestone rock.,rock,rock,Different Sense,0.05199909210205078,21,0.666666667,5,5,0,405334016,EleutherAI/pythia-410m,step8,seed6,6,8
He liked electronic rock.,He liked limestone rock.,rock,rock,Different Sense,0.050972580909729004,22,0.666666667,5,5,0,405334016,EleutherAI/pythia-410m,step8,seed6,6,8
He liked electronic rock.,He liked limestone rock.,rock,rock,Different Sense,0.05034559965133667,23,0.666666667,5,5,0,405334016,EleutherAI/pythia-410m,step8,seed6,6,8
He liked electronic rock.,He liked limestone rock.,rock,rock,Different Sense,0.04963505268096924,24,0.666666667,5,5,0,405334016,EleutherAI/pythia-410m,step8,seed6,6,8
He liked electronic rock.,He liked granite rock.,rock,rock,Different Sense,0.0,0,0.181818182,5,5,0,405334016,EleutherAI/pythia-410m,step8,seed6,6,8
He liked electronic rock.,He liked granite rock.,rock,rock,Different Sense,0.03539860248565674,1,0.181818182,5,5,0,405334016,EleutherAI/pythia-410m,step8,seed6,6,8
He liked electronic rock.,He liked granite rock.,rock,rock,Different Sense,0.05148369073867798,2,0.181818182,5,5,0,405334016,EleutherAI/pythia-410m,step8,seed6,6,8
He liked electronic rock.,He liked granite rock.,rock,rock,Different Sense,0.060301363468170166,3,0.181818182,5,5,0,405334016,EleutherAI/pythia-410m,step8,seed6,6,8
He liked electronic rock.,He liked granite rock.,rock,rock,Different Sense,0.05774110555648804,4,0.181818182,5,5,0,405334016,EleutherAI/pythia-410m,step8,seed6,6,8
He liked electronic rock.,He liked granite rock.,rock,rock,Different Sense,0.06350910663604736,5,0.181818182,5,5,0,405334016,EleutherAI/pythia-410m,step8,seed6,6,8
He liked electronic rock.,He liked granite rock.,rock,rock,Different Sense,0.06150460243225098,6,0.181818182,5,5,0,405334016,EleutherAI/pythia-410m,step8,seed6,6,8
He liked electronic rock.,He liked granite rock.,rock,rock,Different Sense,0.0624958872795105,7,0.181818182,5,5,0,405334016,EleutherAI/pythia-410m,step8,seed6,6,8
He liked electronic rock.,He liked granite rock.,rock,rock,Different Sense,0.0632399320602417,8,0.181818182,5,5,0,405334016,EleutherAI/pythia-410m,step8,seed6,6,8
He liked electronic rock.,He liked granite rock.,rock,rock,Different Sense,0.06124669313430786,9,0.181818182,5,5,0,405334016,EleutherAI/pythia-410m,step8,seed6,6,8
He liked electronic rock.,He liked granite rock.,rock,rock,Different Sense,0.06376391649246216,10,0.181818182,5,5,0,405334016,EleutherAI/pythia-410m,step8,seed6,6,8
He liked electronic rock.,He liked granite rock.,rock,rock,Different Sense,0.06288212537765503,11,0.181818182,5,5,0,405334016,EleutherAI/pythia-410m,step8,seed6,6,8
He liked electronic rock.,He liked granite rock.,rock,rock,Different Sense,0.0633193850517273,12,0.181818182,5,5,0,405334016,EleutherAI/pythia-410m,step8,seed6,6,8
He liked electronic rock.,He liked granite rock.,rock,rock,Different Sense,0.06362509727478027,13,0.181818182,5,5,0,405334016,EleutherAI/pythia-410m,step8,seed6,6,8
He liked electronic rock.,He liked granite rock.,rock,rock,Different Sense,0.061802685260772705,14,0.181818182,5,5,0,405334016,EleutherAI/pythia-410m,step8,seed6,6,8
He liked electronic rock.,He liked granite rock.,rock,rock,Different Sense,0.0583338737487793,15,0.181818182,5,5,0,405334016,EleutherAI/pythia-410m,step8,seed6,6,8
He liked electronic rock.,He liked granite rock.,rock,rock,Different Sense,0.0575944185256958,16,0.181818182,5,5,0,405334016,EleutherAI/pythia-410m,step8,seed6,6,8
He liked electronic rock.,He liked granite rock.,rock,rock,Different Sense,0.055948495864868164,17,0.181818182,5,5,0,405334016,EleutherAI/pythia-410m,step8,seed6,6,8
He liked electronic rock.,He liked granite rock.,rock,rock,Different Sense,0.054976820945739746,18,0.181818182,5,5,0,405334016,EleutherAI/pythia-410m,step8,seed6,6,8
He liked electronic rock.,He liked granite rock.,rock,rock,Different Sense,0.05341154336929321,19,0.181818182,5,5,0,405334016,EleutherAI/pythia-410m,step8,seed6,6,8
He liked electronic rock.,He liked granite rock.,rock,rock,Different Sense,0.05266231298446655,20,0.181818182,5,5,0,405334016,EleutherAI/pythia-410m,step8,seed6,6,8
He liked electronic rock.,He liked granite rock.,rock,rock,Different Sense,0.0530165433883667,21,0.181818182,5,5,0,405334016,EleutherAI/pythia-410m,step8,seed6,6,8
He liked electronic rock.,He liked granite rock.,rock,rock,Different Sense,0.05180162191390991,22,0.181818182,5,5,0,405334016,EleutherAI/pythia-410m,step8,seed6,6,8
He liked electronic rock.,He liked granite rock.,rock,rock,Different Sense,0.05086088180541992,23,0.181818182,5,5,0,405334016,EleutherAI/pythia-410m,step8,seed6,6,8
He liked electronic rock.,He liked granite rock.,rock,rock,Different Sense,0.050195395946502686,24,0.181818182,5,5,0,405334016,EleutherAI/pythia-410m,step8,seed6,6,8
He liked alternative rock.,He liked limestone rock.,rock,rock,Different Sense,0.0,0,0.357142857,5,5,0,405334016,EleutherAI/pythia-410m,step8,seed6,6,8
He liked alternative rock.,He liked limestone rock.,rock,rock,Different Sense,0.038825273513793945,1,0.357142857,5,5,0,405334016,EleutherAI/pythia-410m,step8,seed6,6,8
He liked alternative rock.,He liked limestone rock.,rock,rock,Different Sense,0.04932326078414917,2,0.357142857,5,5,0,405334016,EleutherAI/pythia-410m,step8,seed6,6,8
He liked alternative rock.,He liked limestone rock.,rock,rock,Different Sense,0.0566137433052063,3,0.357142857,5,5,0,405334016,EleutherAI/pythia-410m,step8,seed6,6,8
He liked alternative rock.,He liked limestone rock.,rock,rock,Different Sense,0.05512923002243042,4,0.357142857,5,5,0,405334016,EleutherAI/pythia-410m,step8,seed6,6,8
He liked alternative rock.,He liked limestone rock.,rock,rock,Different Sense,0.06196540594100952,5,0.357142857,5,5,0,405334016,EleutherAI/pythia-410m,step8,seed6,6,8
He liked alternative rock.,He liked limestone rock.,rock,rock,Different Sense,0.056868910789489746,6,0.357142857,5,5,0,405334016,EleutherAI/pythia-410m,step8,seed6,6,8
He liked alternative rock.,He liked limestone rock.,rock,rock,Different Sense,0.056414127349853516,7,0.357142857,5,5,0,405334016,EleutherAI/pythia-410m,step8,seed6,6,8
He liked alternative rock.,He liked limestone rock.,rock,rock,Different Sense,0.05481112003326416,8,0.357142857,5,5,0,405334016,EleutherAI/pythia-410m,step8,seed6,6,8
He liked alternative rock.,He liked limestone rock.,rock,rock,Different Sense,0.0529213547706604,9,0.357142857,5,5,0,405334016,EleutherAI/pythia-410m,step8,seed6,6,8
He liked alternative rock.,He liked limestone rock.,rock,rock,Different Sense,0.05375838279724121,10,0.357142857,5,5,0,405334016,EleutherAI/pythia-410m,step8,seed6,6,8
He liked alternative rock.,He liked limestone rock.,rock,rock,Different Sense,0.05408751964569092,11,0.357142857,5,5,0,405334016,EleutherAI/pythia-410m,step8,seed6,6,8
He liked alternative rock.,He liked limestone rock.,rock,rock,Different Sense,0.05430489778518677,12,0.357142857,5,5,0,405334016,EleutherAI/pythia-410m,step8,seed6,6,8
He liked alternative rock.,He liked limestone rock.,rock,rock,Different Sense,0.055530428886413574,13,0.357142857,5,5,0,405334016,EleutherAI/pythia-410m,step8,seed6,6,8
He liked alternative rock.,He liked limestone rock.,rock,rock,Different Sense,0.0521695613861084,14,0.357142857,5,5,0,405334016,EleutherAI/pythia-410m,step8,seed6,6,8
He liked alternative rock.,He liked limestone rock.,rock,rock,Different Sense,0.05116039514541626,15,0.357142857,5,5,0,405334016,EleutherAI/pythia-410m,step8,seed6,6,8
He liked alternative rock.,He liked limestone rock.,rock,rock,Different Sense,0.04936283826828003,16,0.357142857,5,5,0,405334016,EleutherAI/pythia-410m,step8,seed6,6,8
He liked alternative rock.,He liked limestone rock.,rock,rock,Different Sense,0.04860067367553711,17,0.357142857,5,5,0,405334016,EleutherAI/pythia-410m,step8,seed6,6,8
He liked alternative rock.,He liked limestone rock.,rock,rock,Different Sense,0.048693180084228516,18,0.357142857,5,5,0,405334016,EleutherAI/pythia-410m,step8,seed6,6,8
He liked alternative rock.,He liked limestone rock.,rock,rock,Different Sense,0.047238945960998535,19,0.357142857,5,5,0,405334016,EleutherAI/pythia-410m,step8,seed6,6,8
He liked alternative rock.,He liked limestone rock.,rock,rock,Different Sense,0.04771542549133301,20,0.357142857,5,5,0,405334016,EleutherAI/pythia-410m,step8,seed6,6,8
He liked alternative rock.,He liked limestone rock.,rock,rock,Different Sense,0.04843395948410034,21,0.357142857,5,5,0,405334016,EleutherAI/pythia-410m,step8,seed6,6,8
He liked alternative rock.,He liked limestone rock.,rock,rock,Different Sense,0.04678153991699219,22,0.357142857,5,5,0,405334016,EleutherAI/pythia-410m,step8,seed6,6,8
He liked alternative rock.,He liked limestone rock.,rock,rock,Different Sense,0.04536634683609009,23,0.357142857,5,5,0,405334016,EleutherAI/pythia-410m,step8,seed6,6,8
He liked alternative rock.,He liked limestone rock.,rock,rock,Different Sense,0.04423946142196655,24,0.357142857,5,5,0,405334016,EleutherAI/pythia-410m,step8,seed6,6,8
He liked alternative rock.,He liked granite rock.,rock,rock,Different Sense,0.0,0,0.166666667,5,5,0,405334016,EleutherAI/pythia-410m,step8,seed6,6,8
He liked alternative rock.,He liked granite rock.,rock,rock,Different Sense,0.04333817958831787,1,0.166666667,5,5,0,405334016,EleutherAI/pythia-410m,step8,seed6,6,8
He liked alternative rock.,He liked granite rock.,rock,rock,Different Sense,0.05550414323806763,2,0.166666667,5,5,0,405334016,EleutherAI/pythia-410m,step8,seed6,6,8
He liked alternative rock.,He liked granite rock.,rock,rock,Different Sense,0.06262779235839844,3,0.166666667,5,5,0,405334016,EleutherAI/pythia-410m,step8,seed6,6,8
He liked alternative rock.,He liked granite rock.,rock,rock,Different Sense,0.06406813859939575,4,0.166666667,5,5,0,405334016,EleutherAI/pythia-410m,step8,seed6,6,8
He liked alternative rock.,He liked granite rock.,rock,rock,Different Sense,0.07087826728820801,5,0.166666667,5,5,0,405334016,EleutherAI/pythia-410m,step8,seed6,6,8
He liked alternative rock.,He liked granite rock.,rock,rock,Different Sense,0.06487107276916504,6,0.166666667,5,5,0,405334016,EleutherAI/pythia-410m,step8,seed6,6,8
He liked alternative rock.,He liked granite rock.,rock,rock,Different Sense,0.0635521411895752,7,0.166666667,5,5,0,405334016,EleutherAI/pythia-410m,step8,seed6,6,8
He liked alternative rock.,He liked granite rock.,rock,rock,Different Sense,0.0642462968826294,8,0.166666667,5,5,0,405334016,EleutherAI/pythia-410m,step8,seed6,6,8
He liked alternative rock.,He liked granite rock.,rock,rock,Different Sense,0.06084418296813965,9,0.166666667,5,5,0,405334016,EleutherAI/pythia-410m,step8,seed6,6,8
He liked alternative rock.,He liked granite rock.,rock,rock,Different Sense,0.060734331607818604,10,0.166666667,5,5,0,405334016,EleutherAI/pythia-410m,step8,seed6,6,8
He liked alternative rock.,He liked granite rock.,rock,rock,Different Sense,0.06170374155044556,11,0.166666667,5,5,0,405334016,EleutherAI/pythia-410m,step8,seed6,6,8
He liked alternative rock.,He liked granite rock.,rock,rock,Different Sense,0.06178641319274902,12,0.166666667,5,5,0,405334016,EleutherAI/pythia-410m,step8,seed6,6,8
He liked alternative rock.,He liked granite rock.,rock,rock,Different Sense,0.0642513632774353,13,0.166666667,5,5,0,405334016,EleutherAI/pythia-410m,step8,seed6,6,8
He liked alternative rock.,He liked granite rock.,rock,rock,Different Sense,0.06147521734237671,14,0.166666667,5,5,0,405334016,EleutherAI/pythia-410m,step8,seed6,6,8
He liked alternative rock.,He liked granite rock.,rock,rock,Different Sense,0.058608949184417725,15,0.166666667,5,5,0,405334016,EleutherAI/pythia-410m,step8,seed6,6,8
He liked alternative rock.,He liked granite rock.,rock,rock,Different Sense,0.057405054569244385,16,0.166666667,5,5,0,405334016,EleutherAI/pythia-410m,step8,seed6,6,8
He liked alternative rock.,He liked granite rock.,rock,rock,Different Sense,0.057209312915802,17,0.166666667,5,5,0,405334016,EleutherAI/pythia-410m,step8,seed6,6,8
He liked alternative rock.,He liked granite rock.,rock,rock,Different Sense,0.057432591915130615,18,0.166666667,5,5,0,405334016,EleutherAI/pythia-410m,step8,seed6,6,8
He liked alternative rock.,He liked granite rock.,rock,rock,Different Sense,0.05606400966644287,19,0.166666667,5,5,0,405334016,EleutherAI/pythia-410m,step8,seed6,6,8
He liked alternative rock.,He liked granite rock.,rock,rock,Different Sense,0.055326640605926514,20,0.166666667,5,5,0,405334016,EleutherAI/pythia-410m,step8,seed6,6,8
He liked alternative rock.,He liked granite rock.,rock,rock,Different Sense,0.05515474081039429,21,0.166666667,5,5,0,405334016,EleutherAI/pythia-410m,step8,seed6,6,8
He liked alternative rock.,He liked granite rock.,rock,rock,Different Sense,0.05281829833984375,22,0.166666667,5,5,0,405334016,EleutherAI/pythia-410m,step8,seed6,6,8
He liked alternative rock.,He liked granite rock.,rock,rock,Different Sense,0.051213741302490234,23,0.166666667,5,5,0,405334016,EleutherAI/pythia-410m,step8,seed6,6,8
He liked alternative rock.,He liked granite rock.,rock,rock,Different Sense,0.049601972103118896,24,0.166666667,5,5,0,405334016,EleutherAI/pythia-410m,step8,seed6,6,8
He liked electronic rock.,He liked alternative rock.,rock,rock,Same Sense,0.0,0,3.727272727,5,5,0,405334016,EleutherAI/pythia-410m,step8,seed6,6,8
He liked electronic rock.,He liked alternative rock.,rock,rock,Same Sense,0.03687417507171631,1,3.727272727,5,5,0,405334016,EleutherAI/pythia-410m,step8,seed6,6,8
He liked electronic rock.,He liked alternative rock.,rock,rock,Same Sense,0.04939216375350952,2,3.727272727,5,5,0,405334016,EleutherAI/pythia-410m,step8,seed6,6,8
He liked electronic rock.,He liked alternative rock.,rock,rock,Same Sense,0.05813729763031006,3,3.727272727,5,5,0,405334016,EleutherAI/pythia-410m,step8,seed6,6,8
He liked electronic rock.,He liked alternative rock.,rock,rock,Same Sense,0.058339595794677734,4,3.727272727,5,5,0,405334016,EleutherAI/pythia-410m,step8,seed6,6,8
He liked electronic rock.,He liked alternative rock.,rock,rock,Same Sense,0.0654827356338501,5,3.727272727,5,5,0,405334016,EleutherAI/pythia-410m,step8,seed6,6,8
He liked electronic rock.,He liked alternative rock.,rock,rock,Same Sense,0.06349563598632812,6,3.727272727,5,5,0,405334016,EleutherAI/pythia-410m,step8,seed6,6,8
He liked electronic rock.,He liked alternative rock.,rock,rock,Same Sense,0.06256848573684692,7,3.727272727,5,5,0,405334016,EleutherAI/pythia-410m,step8,seed6,6,8
He liked electronic rock.,He liked alternative rock.,rock,rock,Same Sense,0.06319206953048706,8,3.727272727,5,5,0,405334016,EleutherAI/pythia-410m,step8,seed6,6,8
He liked electronic rock.,He liked alternative rock.,rock,rock,Same Sense,0.059972286224365234,9,3.727272727,5,5,0,405334016,EleutherAI/pythia-410m,step8,seed6,6,8
He liked electronic rock.,He liked alternative rock.,rock,rock,Same Sense,0.06084799766540527,10,3.727272727,5,5,0,405334016,EleutherAI/pythia-410m,step8,seed6,6,8
He liked electronic rock.,He liked alternative rock.,rock,rock,Same Sense,0.059915363788604736,11,3.727272727,5,5,0,405334016,EleutherAI/pythia-410m,step8,seed6,6,8
He liked electronic rock.,He liked alternative rock.,rock,rock,Same Sense,0.060137808322906494,12,3.727272727,5,5,0,405334016,EleutherAI/pythia-410m,step8,seed6,6,8
He liked electronic rock.,He liked alternative rock.,rock,rock,Same Sense,0.06035691499710083,13,3.727272727,5,5,0,405334016,EleutherAI/pythia-410m,step8,seed6,6,8
He liked electronic rock.,He liked alternative rock.,rock,rock,Same Sense,0.05719339847564697,14,3.727272727,5,5,0,405334016,EleutherAI/pythia-410m,step8,seed6,6,8
He liked electronic rock.,He liked alternative rock.,rock,rock,Same Sense,0.055345237255096436,15,3.727272727,5,5,0,405334016,EleutherAI/pythia-410m,step8,seed6,6,8
He liked electronic rock.,He liked alternative rock.,rock,rock,Same Sense,0.053233325481414795,16,3.727272727,5,5,0,405334016,EleutherAI/pythia-410m,step8,seed6,6,8
He liked electronic rock.,He liked alternative rock.,rock,rock,Same Sense,0.05423426628112793,17,3.727272727,5,5,0,405334016,EleutherAI/pythia-410m,step8,seed6,6,8
He liked electronic rock.,He liked alternative rock.,rock,rock,Same Sense,0.05418241024017334,18,3.727272727,5,5,0,405334016,EleutherAI/pythia-410m,step8,seed6,6,8
He liked electronic rock.,He liked alternative rock.,rock,rock,Same Sense,0.053369224071502686,19,3.727272727,5,5,0,405334016,EleutherAI/pythia-410m,step8,seed6,6,8
He liked electronic rock.,He liked alternative rock.,rock,rock,Same Sense,0.05248844623565674,20,3.727272727,5,5,0,405334016,EleutherAI/pythia-410m,step8,seed6,6,8
He liked electronic rock.,He liked alternative rock.,rock,rock,Same Sense,0.05255633592605591,21,3.727272727,5,5,0,405334016,EleutherAI/pythia-410m,step8,seed6,6,8
He liked electronic rock.,He liked alternative rock.,rock,rock,Same Sense,0.05021560192108154,22,3.727272727,5,5,0,405334016,EleutherAI/pythia-410m,step8,seed6,6,8
He liked electronic rock.,He liked alternative rock.,rock,rock,Same Sense,0.050075411796569824,23,3.727272727,5,5,0,405334016,EleutherAI/pythia-410m,step8,seed6,6,8
He liked electronic rock.,He liked alternative rock.,rock,rock,Same Sense,0.04932999610900879,24,3.727272727,5,5,0,405334016,EleutherAI/pythia-410m,step8,seed6,6,8
He liked limestone rock.,He liked granite rock.,rock,rock,Same Sense,0.0,0,4.0,5,5,0,405334016,EleutherAI/pythia-410m,step8,seed6,6,8
He liked limestone rock.,He liked granite rock.,rock,rock,Same Sense,0.03814893960952759,1,4.0,5,5,0,405334016,EleutherAI/pythia-410m,step8,seed6,6,8
He liked limestone rock.,He liked granite rock.,rock,rock,Same Sense,0.05111551284790039,2,4.0,5,5,0,405334016,EleutherAI/pythia-410m,step8,seed6,6,8
He liked limestone rock.,He liked granite rock.,rock,rock,Same Sense,0.06126314401626587,3,4.0,5,5,0,405334016,EleutherAI/pythia-410m,step8,seed6,6,8
He liked limestone rock.,He liked granite rock.,rock,rock,Same Sense,0.059947192668914795,4,4.0,5,5,0,405334016,EleutherAI/pythia-410m,step8,seed6,6,8
He liked limestone rock.,He liked granite rock.,rock,rock,Same Sense,0.06644099950790405,5,4.0,5,5,0,405334016,EleutherAI/pythia-410m,step8,seed6,6,8
He liked limestone rock.,He liked granite rock.,rock,rock,Same Sense,0.0644194483757019,6,4.0,5,5,0,405334016,EleutherAI/pythia-410m,step8,seed6,6,8
He liked limestone rock.,He liked granite rock.,rock,rock,Same Sense,0.0619887113571167,7,4.0,5,5,0,405334016,EleutherAI/pythia-410m,step8,seed6,6,8
He liked limestone rock.,He liked granite rock.,rock,rock,Same Sense,0.06181842088699341,8,4.0,5,5,0,405334016,EleutherAI/pythia-410m,step8,seed6,6,8
He liked limestone rock.,He liked granite rock.,rock,rock,Same Sense,0.059247374534606934,9,4.0,5,5,0,405334016,EleutherAI/pythia-410m,step8,seed6,6,8
He liked limestone rock.,He liked granite rock.,rock,rock,Same Sense,0.06092864274978638,10,4.0,5,5,0,405334016,EleutherAI/pythia-410m,step8,seed6,6,8
He liked limestone rock.,He liked granite rock.,rock,rock,Same Sense,0.06091201305389404,11,4.0,5,5,0,405334016,EleutherAI/pythia-410m,step8,seed6,6,8
He liked limestone rock.,He liked granite rock.,rock,rock,Same Sense,0.05975019931793213,12,4.0,5,5,0,405334016,EleutherAI/pythia-410m,step8,seed6,6,8
He liked limestone rock.,He liked granite rock.,rock,rock,Same Sense,0.0621417760848999,13,4.0,5,5,0,405334016,EleutherAI/pythia-410m,step8,seed6,6,8
He liked limestone rock.,He liked granite rock.,rock,rock,Same Sense,0.06011950969696045,14,4.0,5,5,0,405334016,EleutherAI/pythia-410m,step8,seed6,6,8
He liked limestone rock.,He liked granite rock.,rock,rock,Same Sense,0.057015061378479004,15,4.0,5,5,0,405334016,EleutherAI/pythia-410m,step8,seed6,6,8
He liked limestone rock.,He liked granite rock.,rock,rock,Same Sense,0.05673116445541382,16,4.0,5,5,0,405334016,EleutherAI/pythia-410m,step8,seed6,6,8
He liked limestone rock.,He liked granite rock.,rock,rock,Same Sense,0.05484616756439209,17,4.0,5,5,0,405334016,EleutherAI/pythia-410m,step8,seed6,6,8
He liked limestone rock.,He liked granite rock.,rock,rock,Same Sense,0.05372965335845947,18,4.0,5,5,0,405334016,EleutherAI/pythia-410m,step8,seed6,6,8
He liked limestone rock.,He liked granite rock.,rock,rock,Same Sense,0.05224144458770752,19,4.0,5,5,0,405334016,EleutherAI/pythia-410m,step8,seed6,6,8
He liked limestone rock.,He liked granite rock.,rock,rock,Same Sense,0.05143862962722778,20,4.0,5,5,0,405334016,EleutherAI/pythia-410m,step8,seed6,6,8
He liked limestone rock.,He liked granite rock.,rock,rock,Same Sense,0.05252730846405029,21,4.0,5,5,0,405334016,EleutherAI/pythia-410m,step8,seed6,6,8
He liked limestone rock.,He liked granite rock.,rock,rock,Same Sense,0.050058841705322266,22,4.0,5,5,0,405334016,EleutherAI/pythia-410m,step8,seed6,6,8
He liked limestone rock.,He liked granite rock.,rock,rock,Same Sense,0.04775857925415039,23,4.0,5,5,0,405334016,EleutherAI/pythia-410m,step8,seed6,6,8
He liked limestone rock.,He liked granite rock.,rock,rock,Same Sense,0.0473363995552063,24,4.0,5,5,0,405334016,EleutherAI/pythia-410m,step8,seed6,6,8
He saw the wise sage.,He saw the fragrant sage.,sage,sage,Different Sense,0.0,0,0.333333333,6,7,1,405334016,EleutherAI/pythia-410m,step8,seed6,6,8
He saw the wise sage.,He saw the fragrant sage.,sage,sage,Different Sense,0.030660510063171387,1,0.333333333,6,7,1,405334016,EleutherAI/pythia-410m,step8,seed6,6,8
He saw the wise sage.,He saw the fragrant sage.,sage,sage,Different Sense,0.04419797658920288,2,0.333333333,6,7,1,405334016,EleutherAI/pythia-410m,step8,seed6,6,8
He saw the wise sage.,He saw the fragrant sage.,sage,sage,Different Sense,0.04623520374298096,3,0.333333333,6,7,1,405334016,EleutherAI/pythia-410m,step8,seed6,6,8
He saw the wise sage.,He saw the fragrant sage.,sage,sage,Different Sense,0.04641014337539673,4,0.333333333,6,7,1,405334016,EleutherAI/pythia-410m,step8,seed6,6,8
He saw the wise sage.,He saw the fragrant sage.,sage,sage,Different Sense,0.04944300651550293,5,0.333333333,6,7,1,405334016,EleutherAI/pythia-410m,step8,seed6,6,8
He saw the wise sage.,He saw the fragrant sage.,sage,sage,Different Sense,0.052538931369781494,6,0.333333333,6,7,1,405334016,EleutherAI/pythia-410m,step8,seed6,6,8
He saw the wise sage.,He saw the fragrant sage.,sage,sage,Different Sense,0.048908233642578125,7,0.333333333,6,7,1,405334016,EleutherAI/pythia-410m,step8,seed6,6,8
He saw the wise sage.,He saw the fragrant sage.,sage,sage,Different Sense,0.0481569766998291,8,0.333333333,6,7,1,405334016,EleutherAI/pythia-410m,step8,seed6,6,8
He saw the wise sage.,He saw the fragrant sage.,sage,sage,Different Sense,0.047892212867736816,9,0.333333333,6,7,1,405334016,EleutherAI/pythia-410m,step8,seed6,6,8
He saw the wise sage.,He saw the fragrant sage.,sage,sage,Different Sense,0.04795491695404053,10,0.333333333,6,7,1,405334016,EleutherAI/pythia-410m,step8,seed6,6,8
He saw the wise sage.,He saw the fragrant sage.,sage,sage,Different Sense,0.04864126443862915,11,0.333333333,6,7,1,405334016,EleutherAI/pythia-410m,step8,seed6,6,8
He saw the wise sage.,He saw the fragrant sage.,sage,sage,Different Sense,0.05083203315734863,12,0.333333333,6,7,1,405334016,EleutherAI/pythia-410m,step8,seed6,6,8
He saw the wise sage.,He saw the fragrant sage.,sage,sage,Different Sense,0.050818681716918945,13,0.333333333,6,7,1,405334016,EleutherAI/pythia-410m,step8,seed6,6,8
He saw the wise sage.,He saw the fragrant sage.,sage,sage,Different Sense,0.04911768436431885,14,0.333333333,6,7,1,405334016,EleutherAI/pythia-410m,step8,seed6,6,8
He saw the wise sage.,He saw the fragrant sage.,sage,sage,Different Sense,0.04736518859863281,15,0.333333333,6,7,1,405334016,EleutherAI/pythia-410m,step8,seed6,6,8
He saw the wise sage.,He saw the fragrant sage.,sage,sage,Different Sense,0.045768141746520996,16,0.333333333,6,7,1,405334016,EleutherAI/pythia-410m,step8,seed6,6,8
He saw the wise sage.,He saw the fragrant sage.,sage,sage,Different Sense,0.046132028102874756,17,0.333333333,6,7,1,405334016,EleutherAI/pythia-410m,step8,seed6,6,8
He saw the wise sage.,He saw the fragrant sage.,sage,sage,Different Sense,0.04674720764160156,18,0.333333333,6,7,1,405334016,EleutherAI/pythia-410m,step8,seed6,6,8
He saw the wise sage.,He saw the fragrant sage.,sage,sage,Different Sense,0.046286940574645996,19,0.333333333,6,7,1,405334016,EleutherAI/pythia-410m,step8,seed6,6,8
He saw the wise sage.,He saw the fragrant sage.,sage,sage,Different Sense,0.046042025089263916,20,0.333333333,6,7,1,405334016,EleutherAI/pythia-410m,step8,seed6,6,8
He saw the wise sage.,He saw the fragrant sage.,sage,sage,Different Sense,0.04585188627243042,21,0.333333333,6,7,1,405334016,EleutherAI/pythia-410m,step8,seed6,6,8
He saw the wise sage.,He saw the fragrant sage.,sage,sage,Different Sense,0.04447203874588013,22,0.333333333,6,7,1,405334016,EleutherAI/pythia-410m,step8,seed6,6,8
He saw the wise sage.,He saw the fragrant sage.,sage,sage,Different Sense,0.04309636354446411,23,0.333333333,6,7,1,405334016,EleutherAI/pythia-410m,step8,seed6,6,8
He saw the wise sage.,He saw the fragrant sage.,sage,sage,Different Sense,0.042220890522003174,24,0.333333333,6,7,1,405334016,EleutherAI/pythia-410m,step8,seed6,6,8
He saw the wise sage.,He saw the bushy sage.,sage,sage,Different Sense,0.0,0,0.666666667,6,7,1,405334016,EleutherAI/pythia-410m,step8,seed6,6,8
He saw the wise sage.,He saw the bushy sage.,sage,sage,Different Sense,0.02776467800140381,1,0.666666667,6,7,1,405334016,EleutherAI/pythia-410m,step8,seed6,6,8
He saw the wise sage.,He saw the bushy sage.,sage,sage,Different Sense,0.042368412017822266,2,0.666666667,6,7,1,405334016,EleutherAI/pythia-410m,step8,seed6,6,8
He saw the wise sage.,He saw the bushy sage.,sage,sage,Different Sense,0.04775130748748779,3,0.666666667,6,7,1,405334016,EleutherAI/pythia-410m,step8,seed6,6,8
He saw the wise sage.,He saw the bushy sage.,sage,sage,Different Sense,0.049901366233825684,4,0.666666667,6,7,1,405334016,EleutherAI/pythia-410m,step8,seed6,6,8
He saw the wise sage.,He saw the bushy sage.,sage,sage,Different Sense,0.048668503761291504,5,0.666666667,6,7,1,405334016,EleutherAI/pythia-410m,step8,seed6,6,8
He saw the wise sage.,He saw the bushy sage.,sage,sage,Different Sense,0.048827171325683594,6,0.666666667,6,7,1,405334016,EleutherAI/pythia-410m,step8,seed6,6,8
He saw the wise sage.,He saw the bushy sage.,sage,sage,Different Sense,0.0475306510925293,7,0.666666667,6,7,1,405334016,EleutherAI/pythia-410m,step8,seed6,6,8
He saw the wise sage.,He saw the bushy sage.,sage,sage,Different Sense,0.046721816062927246,8,0.666666667,6,7,1,405334016,EleutherAI/pythia-410m,step8,seed6,6,8
He saw the wise sage.,He saw the bushy sage.,sage,sage,Different Sense,0.0480269193649292,9,0.666666667,6,7,1,405334016,EleutherAI/pythia-410m,step8,seed6,6,8
He saw the wise sage.,He saw the bushy sage.,sage,sage,Different Sense,0.04624813795089722,10,0.666666667,6,7,1,405334016,EleutherAI/pythia-410m,step8,seed6,6,8
He saw the wise sage.,He saw the bushy sage.,sage,sage,Different Sense,0.046852171421051025,11,0.666666667,6,7,1,405334016,EleutherAI/pythia-410m,step8,seed6,6,8
He saw the wise sage.,He saw the bushy sage.,sage,sage,Different Sense,0.0484309196472168,12,0.666666667,6,7,1,405334016,EleutherAI/pythia-410m,step8,seed6,6,8
He saw the wise sage.,He saw the bushy sage.,sage,sage,Different Sense,0.04729658365249634,13,0.666666667,6,7,1,405334016,EleutherAI/pythia-410m,step8,seed6,6,8
He saw the wise sage.,He saw the bushy sage.,sage,sage,Different Sense,0.045180678367614746,14,0.666666667,6,7,1,405334016,EleutherAI/pythia-410m,step8,seed6,6,8
He saw the wise sage.,He saw the bushy sage.,sage,sage,Different Sense,0.044076740741729736,15,0.666666667,6,7,1,405334016,EleutherAI/pythia-410m,step8,seed6,6,8
He saw the wise sage.,He saw the bushy sage.,sage,sage,Different Sense,0.04300522804260254,16,0.666666667,6,7,1,405334016,EleutherAI/pythia-410m,step8,seed6,6,8
He saw the wise sage.,He saw the bushy sage.,sage,sage,Different Sense,0.04343694448471069,17,0.666666667,6,7,1,405334016,EleutherAI/pythia-410m,step8,seed6,6,8
He saw the wise sage.,He saw the bushy sage.,sage,sage,Different Sense,0.04365009069442749,18,0.666666667,6,7,1,405334016,EleutherAI/pythia-410m,step8,seed6,6,8
He saw the wise sage.,He saw the bushy sage.,sage,sage,Different Sense,0.042251765727996826,19,0.666666667,6,7,1,405334016,EleutherAI/pythia-410m,step8,seed6,6,8
He saw the wise sage.,He saw the bushy sage.,sage,sage,Different Sense,0.04162091016769409,20,0.666666667,6,7,1,405334016,EleutherAI/pythia-410m,step8,seed6,6,8
He saw the wise sage.,He saw the bushy sage.,sage,sage,Different Sense,0.04191833734512329,21,0.666666667,6,7,1,405334016,EleutherAI/pythia-410m,step8,seed6,6,8
He saw the wise sage.,He saw the bushy sage.,sage,sage,Different Sense,0.040289223194122314,22,0.666666667,6,7,1,405334016,EleutherAI/pythia-410m,step8,seed6,6,8
He saw the wise sage.,He saw the bushy sage.,sage,sage,Different Sense,0.039098381996154785,23,0.666666667,6,7,1,405334016,EleutherAI/pythia-410m,step8,seed6,6,8
He saw the wise sage.,He saw the bushy sage.,sage,sage,Different Sense,0.03766632080078125,24,0.666666667,6,7,1,405334016,EleutherAI/pythia-410m,step8,seed6,6,8
He saw the renowned sage.,He saw the fragrant sage.,sage,sage,Different Sense,0.0,0,0.45,6,7,1,405334016,EleutherAI/pythia-410m,step8,seed6,6,8
He saw the renowned sage.,He saw the fragrant sage.,sage,sage,Different Sense,0.03336828947067261,1,0.45,6,7,1,405334016,EleutherAI/pythia-410m,step8,seed6,6,8
He saw the renowned sage.,He saw the fragrant sage.,sage,sage,Different Sense,0.05008387565612793,2,0.45,6,7,1,405334016,EleutherAI/pythia-410m,step8,seed6,6,8
He saw the renowned sage.,He saw the fragrant sage.,sage,sage,Different Sense,0.05240964889526367,3,0.45,6,7,1,405334016,EleutherAI/pythia-410m,step8,seed6,6,8
He saw the renowned sage.,He saw the fragrant sage.,sage,sage,Different Sense,0.0569688081741333,4,0.45,6,7,1,405334016,EleutherAI/pythia-410m,step8,seed6,6,8
He saw the renowned sage.,He saw the fragrant sage.,sage,sage,Different Sense,0.06239598989486694,5,0.45,6,7,1,405334016,EleutherAI/pythia-410m,step8,seed6,6,8
He saw the renowned sage.,He saw the fragrant sage.,sage,sage,Different Sense,0.06376928091049194,6,0.45,6,7,1,405334016,EleutherAI/pythia-410m,step8,seed6,6,8
He saw the renowned sage.,He saw the fragrant sage.,sage,sage,Different Sense,0.05900663137435913,7,0.45,6,7,1,405334016,EleutherAI/pythia-410m,step8,seed6,6,8
He saw the renowned sage.,He saw the fragrant sage.,sage,sage,Different Sense,0.05828660726547241,8,0.45,6,7,1,405334016,EleutherAI/pythia-410m,step8,seed6,6,8
He saw the renowned sage.,He saw the fragrant sage.,sage,sage,Different Sense,0.059024691581726074,9,0.45,6,7,1,405334016,EleutherAI/pythia-410m,step8,seed6,6,8
He saw the renowned sage.,He saw the fragrant sage.,sage,sage,Different Sense,0.0587732195854187,10,0.45,6,7,1,405334016,EleutherAI/pythia-410m,step8,seed6,6,8
He saw the renowned sage.,He saw the fragrant sage.,sage,sage,Different Sense,0.057217955589294434,11,0.45,6,7,1,405334016,EleutherAI/pythia-410m,step8,seed6,6,8
He saw the renowned sage.,He saw the fragrant sage.,sage,sage,Different Sense,0.05801481008529663,12,0.45,6,7,1,405334016,EleutherAI/pythia-410m,step8,seed6,6,8
He saw the renowned sage.,He saw the fragrant sage.,sage,sage,Different Sense,0.05651414394378662,13,0.45,6,7,1,405334016,EleutherAI/pythia-410m,step8,seed6,6,8
He saw the renowned sage.,He saw the fragrant sage.,sage,sage,Different Sense,0.05526500940322876,14,0.45,6,7,1,405334016,EleutherAI/pythia-410m,step8,seed6,6,8
He saw the renowned sage.,He saw the fragrant sage.,sage,sage,Different Sense,0.053367435932159424,15,0.45,6,7,1,405334016,EleutherAI/pythia-410m,step8,seed6,6,8
He saw the renowned sage.,He saw the fragrant sage.,sage,sage,Different Sense,0.05109769105911255,16,0.45,6,7,1,405334016,EleutherAI/pythia-410m,step8,seed6,6,8
He saw the renowned sage.,He saw the fragrant sage.,sage,sage,Different Sense,0.05036121606826782,17,0.45,6,7,1,405334016,EleutherAI/pythia-410m,step8,seed6,6,8
He saw the renowned sage.,He saw the fragrant sage.,sage,sage,Different Sense,0.05135113000869751,18,0.45,6,7,1,405334016,EleutherAI/pythia-410m,step8,seed6,6,8
He saw the renowned sage.,He saw the fragrant sage.,sage,sage,Different Sense,0.05032902956008911,19,0.45,6,7,1,405334016,EleutherAI/pythia-410m,step8,seed6,6,8
He saw the renowned sage.,He saw the fragrant sage.,sage,sage,Different Sense,0.05048239231109619,20,0.45,6,7,1,405334016,EleutherAI/pythia-410m,step8,seed6,6,8
He saw the renowned sage.,He saw the fragrant sage.,sage,sage,Different Sense,0.04972773790359497,21,0.45,6,7,1,405334016,EleutherAI/pythia-410m,step8,seed6,6,8
He saw the renowned sage.,He saw the fragrant sage.,sage,sage,Different Sense,0.04685640335083008,22,0.45,6,7,1,405334016,EleutherAI/pythia-410m,step8,seed6,6,8
He saw the renowned sage.,He saw the fragrant sage.,sage,sage,Different Sense,0.04507070779800415,23,0.45,6,7,1,405334016,EleutherAI/pythia-410m,step8,seed6,6,8
He saw the renowned sage.,He saw the fragrant sage.,sage,sage,Different Sense,0.0440826416015625,24,0.45,6,7,1,405334016,EleutherAI/pythia-410m,step8,seed6,6,8
He saw the renowned sage.,He saw the bushy sage.,sage,sage,Different Sense,0.0,0,0.818181818,6,7,1,405334016,EleutherAI/pythia-410m,step8,seed6,6,8
He saw the renowned sage.,He saw the bushy sage.,sage,sage,Different Sense,0.026219069957733154,1,0.818181818,6,7,1,405334016,EleutherAI/pythia-410m,step8,seed6,6,8
He saw the renowned sage.,He saw the bushy sage.,sage,sage,Different Sense,0.04318547248840332,2,0.818181818,6,7,1,405334016,EleutherAI/pythia-410m,step8,seed6,6,8
He saw the renowned sage.,He saw the bushy sage.,sage,sage,Different Sense,0.046145856380462646,3,0.818181818,6,7,1,405334016,EleutherAI/pythia-410m,step8,seed6,6,8
He saw the renowned sage.,He saw the bushy sage.,sage,sage,Different Sense,0.04938453435897827,4,0.818181818,6,7,1,405334016,EleutherAI/pythia-410m,step8,seed6,6,8
He saw the renowned sage.,He saw the bushy sage.,sage,sage,Different Sense,0.05043911933898926,5,0.818181818,6,7,1,405334016,EleutherAI/pythia-410m,step8,seed6,6,8
He saw the renowned sage.,He saw the bushy sage.,sage,sage,Different Sense,0.04864501953125,6,0.818181818,6,7,1,405334016,EleutherAI/pythia-410m,step8,seed6,6,8
He saw the renowned sage.,He saw the bushy sage.,sage,sage,Different Sense,0.04698812961578369,7,0.818181818,6,7,1,405334016,EleutherAI/pythia-410m,step8,seed6,6,8
He saw the renowned sage.,He saw the bushy sage.,sage,sage,Different Sense,0.04657590389251709,8,0.818181818,6,7,1,405334016,EleutherAI/pythia-410m,step8,seed6,6,8
He saw the renowned sage.,He saw the bushy sage.,sage,sage,Different Sense,0.047300755977630615,9,0.818181818,6,7,1,405334016,EleutherAI/pythia-410m,step8,seed6,6,8
He saw the renowned sage.,He saw the bushy sage.,sage,sage,Different Sense,0.04660218954086304,10,0.818181818,6,7,1,405334016,EleutherAI/pythia-410m,step8,seed6,6,8
He saw the renowned sage.,He saw the bushy sage.,sage,sage,Different Sense,0.046446263790130615,11,0.818181818,6,7,1,405334016,EleutherAI/pythia-410m,step8,seed6,6,8
He saw the renowned sage.,He saw the bushy sage.,sage,sage,Different Sense,0.04797995090484619,12,0.818181818,6,7,1,405334016,EleutherAI/pythia-410m,step8,seed6,6,8
He saw the renowned sage.,He saw the bushy sage.,sage,sage,Different Sense,0.047382652759552,13,0.818181818,6,7,1,405334016,EleutherAI/pythia-410m,step8,seed6,6,8
He saw the renowned sage.,He saw the bushy sage.,sage,sage,Different Sense,0.04695636034011841,14,0.818181818,6,7,1,405334016,EleutherAI/pythia-410m,step8,seed6,6,8
He saw the renowned sage.,He saw the bushy sage.,sage,sage,Different Sense,0.04408383369445801,15,0.818181818,6,7,1,405334016,EleutherAI/pythia-410m,step8,seed6,6,8
He saw the renowned sage.,He saw the bushy sage.,sage,sage,Different Sense,0.0425337553024292,16,0.818181818,6,7,1,405334016,EleutherAI/pythia-410m,step8,seed6,6,8
He saw the renowned sage.,He saw the bushy sage.,sage,sage,Different Sense,0.04220157861709595,17,0.818181818,6,7,1,405334016,EleutherAI/pythia-410m,step8,seed6,6,8
He saw the renowned sage.,He saw the bushy sage.,sage,sage,Different Sense,0.04208672046661377,18,0.818181818,6,7,1,405334016,EleutherAI/pythia-410m,step8,seed6,6,8
He saw the renowned sage.,He saw the bushy sage.,sage,sage,Different Sense,0.04023092985153198,19,0.818181818,6,7,1,405334016,EleutherAI/pythia-410m,step8,seed6,6,8
He saw the renowned sage.,He saw the bushy sage.,sage,sage,Different Sense,0.040364205837249756,20,0.818181818,6,7,1,405334016,EleutherAI/pythia-410m,step8,seed6,6,8
He saw the renowned sage.,He saw the bushy sage.,sage,sage,Different Sense,0.03990185260772705,21,0.818181818,6,7,1,405334016,EleutherAI/pythia-410m,step8,seed6,6,8
He saw the renowned sage.,He saw the bushy sage.,sage,sage,Different Sense,0.037921786308288574,22,0.818181818,6,7,1,405334016,EleutherAI/pythia-410m,step8,seed6,6,8
He saw the renowned sage.,He saw the bushy sage.,sage,sage,Different Sense,0.036864519119262695,23,0.818181818,6,7,1,405334016,EleutherAI/pythia-410m,step8,seed6,6,8
He saw the renowned sage.,He saw the bushy sage.,sage,sage,Different Sense,0.03496432304382324,24,0.818181818,6,7,1,405334016,EleutherAI/pythia-410m,step8,seed6,6,8
He saw the wise sage.,He saw the renowned sage.,sage,sage,Same Sense,0.0,0,3.230769231,6,6,0,405334016,EleutherAI/pythia-410m,step8,seed6,6,8
He saw the wise sage.,He saw the renowned sage.,sage,sage,Same Sense,0.025865793228149414,1,3.230769231,6,6,0,405334016,EleutherAI/pythia-410m,step8,seed6,6,8
He saw the wise sage.,He saw the renowned sage.,sage,sage,Same Sense,0.03732413053512573,2,3.230769231,6,6,0,405334016,EleutherAI/pythia-410m,step8,seed6,6,8
He saw the wise sage.,He saw the renowned sage.,sage,sage,Same Sense,0.038925886154174805,3,3.230769231,6,6,0,405334016,EleutherAI/pythia-410m,step8,seed6,6,8
He saw the wise sage.,He saw the renowned sage.,sage,sage,Same Sense,0.04426974058151245,4,3.230769231,6,6,0,405334016,EleutherAI/pythia-410m,step8,seed6,6,8
He saw the wise sage.,He saw the renowned sage.,sage,sage,Same Sense,0.04551851749420166,5,3.230769231,6,6,0,405334016,EleutherAI/pythia-410m,step8,seed6,6,8
He saw the wise sage.,He saw the renowned sage.,sage,sage,Same Sense,0.04466366767883301,6,3.230769231,6,6,0,405334016,EleutherAI/pythia-410m,step8,seed6,6,8
He saw the wise sage.,He saw the renowned sage.,sage,sage,Same Sense,0.04211866855621338,7,3.230769231,6,6,0,405334016,EleutherAI/pythia-410m,step8,seed6,6,8
He saw the wise sage.,He saw the renowned sage.,sage,sage,Same Sense,0.04263335466384888,8,3.230769231,6,6,0,405334016,EleutherAI/pythia-410m,step8,seed6,6,8
He saw the wise sage.,He saw the renowned sage.,sage,sage,Same Sense,0.041847050189971924,9,3.230769231,6,6,0,405334016,EleutherAI/pythia-410m,step8,seed6,6,8
He saw the wise sage.,He saw the renowned sage.,sage,sage,Same Sense,0.04202669858932495,10,3.230769231,6,6,0,405334016,EleutherAI/pythia-410m,step8,seed6,6,8
He saw the wise sage.,He saw the renowned sage.,sage,sage,Same Sense,0.04057270288467407,11,3.230769231,6,6,0,405334016,EleutherAI/pythia-410m,step8,seed6,6,8
He saw the wise sage.,He saw the renowned sage.,sage,sage,Same Sense,0.04139679670333862,12,3.230769231,6,6,0,405334016,EleutherAI/pythia-410m,step8,seed6,6,8
He saw the wise sage.,He saw the renowned sage.,sage,sage,Same Sense,0.03956019878387451,13,3.230769231,6,6,0,405334016,EleutherAI/pythia-410m,step8,seed6,6,8
He saw the wise sage.,He saw the renowned sage.,sage,sage,Same Sense,0.03763061761856079,14,3.230769231,6,6,0,405334016,EleutherAI/pythia-410m,step8,seed6,6,8
He saw the wise sage.,He saw the renowned sage.,sage,sage,Same Sense,0.036484718322753906,15,3.230769231,6,6,0,405334016,EleutherAI/pythia-410m,step8,seed6,6,8
He saw the wise sage.,He saw the renowned sage.,sage,sage,Same Sense,0.03556489944458008,16,3.230769231,6,6,0,405334016,EleutherAI/pythia-410m,step8,seed6,6,8
He saw the wise sage.,He saw the renowned sage.,sage,sage,Same Sense,0.0347440242767334,17,3.230769231,6,6,0,405334016,EleutherAI/pythia-410m,step8,seed6,6,8
He saw the wise sage.,He saw the renowned sage.,sage,sage,Same Sense,0.03472203016281128,18,3.230769231,6,6,0,405334016,EleutherAI/pythia-410m,step8,seed6,6,8
He saw the wise sage.,He saw the renowned sage.,sage,sage,Same Sense,0.033477604389190674,19,3.230769231,6,6,0,405334016,EleutherAI/pythia-410m,step8,seed6,6,8
He saw the wise sage.,He saw the renowned sage.,sage,sage,Same Sense,0.03349125385284424,20,3.230769231,6,6,0,405334016,EleutherAI/pythia-410m,step8,seed6,6,8
He saw the wise sage.,He saw the renowned sage.,sage,sage,Same Sense,0.032384514808654785,21,3.230769231,6,6,0,405334016,EleutherAI/pythia-410m,step8,seed6,6,8
He saw the wise sage.,He saw the renowned sage.,sage,sage,Same Sense,0.03175497055053711,22,3.230769231,6,6,0,405334016,EleutherAI/pythia-410m,step8,seed6,6,8
He saw the wise sage.,He saw the renowned sage.,sage,sage,Same Sense,0.030448079109191895,23,3.230769231,6,6,0,405334016,EleutherAI/pythia-410m,step8,seed6,6,8
He saw the wise sage.,He saw the renowned sage.,sage,sage,Same Sense,0.029461383819580078,24,3.230769231,6,6,0,405334016,EleutherAI/pythia-410m,step8,seed6,6,8
He saw the fragrant sage.,He saw the bushy sage.,sage,sage,Same Sense,0.0,0,2.5,7,7,0,405334016,EleutherAI/pythia-410m,step8,seed6,6,8
He saw the fragrant sage.,He saw the bushy sage.,sage,sage,Same Sense,0.029630959033966064,1,2.5,7,7,0,405334016,EleutherAI/pythia-410m,step8,seed6,6,8
He saw the fragrant sage.,He saw the bushy sage.,sage,sage,Same Sense,0.04894459247589111,2,2.5,7,7,0,405334016,EleutherAI/pythia-410m,step8,seed6,6,8
He saw the fragrant sage.,He saw the bushy sage.,sage,sage,Same Sense,0.05621308088302612,3,2.5,7,7,0,405334016,EleutherAI/pythia-410m,step8,seed6,6,8
He saw the fragrant sage.,He saw the bushy sage.,sage,sage,Same Sense,0.058191776275634766,4,2.5,7,7,0,405334016,EleutherAI/pythia-410m,step8,seed6,6,8
He saw the fragrant sage.,He saw the bushy sage.,sage,sage,Same Sense,0.06468808650970459,5,2.5,7,7,0,405334016,EleutherAI/pythia-410m,step8,seed6,6,8
He saw the fragrant sage.,He saw the bushy sage.,sage,sage,Same Sense,0.06417310237884521,6,2.5,7,7,0,405334016,EleutherAI/pythia-410m,step8,seed6,6,8
He saw the fragrant sage.,He saw the bushy sage.,sage,sage,Same Sense,0.059620797634124756,7,2.5,7,7,0,405334016,EleutherAI/pythia-410m,step8,seed6,6,8
He saw the fragrant sage.,He saw the bushy sage.,sage,sage,Same Sense,0.05621761083602905,8,2.5,7,7,0,405334016,EleutherAI/pythia-410m,step8,seed6,6,8
He saw the fragrant sage.,He saw the bushy sage.,sage,sage,Same Sense,0.055580198764801025,9,2.5,7,7,0,405334016,EleutherAI/pythia-410m,step8,seed6,6,8
He saw the fragrant sage.,He saw the bushy sage.,sage,sage,Same Sense,0.05455935001373291,10,2.5,7,7,0,405334016,EleutherAI/pythia-410m,step8,seed6,6,8
He saw the fragrant sage.,He saw the bushy sage.,sage,sage,Same Sense,0.05344170331954956,11,2.5,7,7,0,405334016,EleutherAI/pythia-410m,step8,seed6,6,8
He saw the fragrant sage.,He saw the bushy sage.,sage,sage,Same Sense,0.055386483669281006,12,2.5,7,7,0,405334016,EleutherAI/pythia-410m,step8,seed6,6,8
He saw the fragrant sage.,He saw the bushy sage.,sage,sage,Same Sense,0.05578112602233887,13,2.5,7,7,0,405334016,EleutherAI/pythia-410m,step8,seed6,6,8
He saw the fragrant sage.,He saw the bushy sage.,sage,sage,Same Sense,0.055917322635650635,14,2.5,7,7,0,405334016,EleutherAI/pythia-410m,step8,seed6,6,8
He saw the fragrant sage.,He saw the bushy sage.,sage,sage,Same Sense,0.053275108337402344,15,2.5,7,7,0,405334016,EleutherAI/pythia-410m,step8,seed6,6,8
He saw the fragrant sage.,He saw the bushy sage.,sage,sage,Same Sense,0.051975905895233154,16,2.5,7,7,0,405334016,EleutherAI/pythia-410m,step8,seed6,6,8
He saw the fragrant sage.,He saw the bushy sage.,sage,sage,Same Sense,0.05207186937332153,17,2.5,7,7,0,405334016,EleutherAI/pythia-410m,step8,seed6,6,8
He saw the fragrant sage.,He saw the bushy sage.,sage,sage,Same Sense,0.05302309989929199,18,2.5,7,7,0,405334016,EleutherAI/pythia-410m,step8,seed6,6,8
He saw the fragrant sage.,He saw the bushy sage.,sage,sage,Same Sense,0.051829755306243896,19,2.5,7,7,0,405334016,EleutherAI/pythia-410m,step8,seed6,6,8
He saw the fragrant sage.,He saw the bushy sage.,sage,sage,Same Sense,0.0520969033241272,20,2.5,7,7,0,405334016,EleutherAI/pythia-410m,step8,seed6,6,8
He saw the fragrant sage.,He saw the bushy sage.,sage,sage,Same Sense,0.05243206024169922,21,2.5,7,7,0,405334016,EleutherAI/pythia-410m,step8,seed6,6,8
He saw the fragrant sage.,He saw the bushy sage.,sage,sage,Same Sense,0.051233768463134766,22,2.5,7,7,0,405334016,EleutherAI/pythia-410m,step8,seed6,6,8
He saw the fragrant sage.,He saw the bushy sage.,sage,sage,Same Sense,0.0491519570350647,23,2.5,7,7,0,405334016,EleutherAI/pythia-410m,step8,seed6,6,8
He saw the fragrant sage.,He saw the bushy sage.,sage,sage,Same Sense,0.04824608564376831,24,2.5,7,7,0,405334016,EleutherAI/pythia-410m,step8,seed6,6,8
It was a fish scale.,It was a music scale.,scale,scale,Different Sense,0.0,0,0.133333333,6,6,0,405334016,EleutherAI/pythia-410m,step8,seed6,6,8
It was a fish scale.,It was a music scale.,scale,scale,Different Sense,0.02653735876083374,1,0.133333333,6,6,0,405334016,EleutherAI/pythia-410m,step8,seed6,6,8
It was a fish scale.,It was a music scale.,scale,scale,Different Sense,0.03328806161880493,2,0.133333333,6,6,0,405334016,EleutherAI/pythia-410m,step8,seed6,6,8
It was a fish scale.,It was a music scale.,scale,scale,Different Sense,0.04021036624908447,3,0.133333333,6,6,0,405334016,EleutherAI/pythia-410m,step8,seed6,6,8
It was a fish scale.,It was a music scale.,scale,scale,Different Sense,0.04268336296081543,4,0.133333333,6,6,0,405334016,EleutherAI/pythia-410m,step8,seed6,6,8
It was a fish scale.,It was a music scale.,scale,scale,Different Sense,0.04409980773925781,5,0.133333333,6,6,0,405334016,EleutherAI/pythia-410m,step8,seed6,6,8
It was a fish scale.,It was a music scale.,scale,scale,Different Sense,0.046964824199676514,6,0.133333333,6,6,0,405334016,EleutherAI/pythia-410m,step8,seed6,6,8
It was a fish scale.,It was a music scale.,scale,scale,Different Sense,0.04723590612411499,7,0.133333333,6,6,0,405334016,EleutherAI/pythia-410m,step8,seed6,6,8
It was a fish scale.,It was a music scale.,scale,scale,Different Sense,0.04515838623046875,8,0.133333333,6,6,0,405334016,EleutherAI/pythia-410m,step8,seed6,6,8
It was a fish scale.,It was a music scale.,scale,scale,Different Sense,0.045420289039611816,9,0.133333333,6,6,0,405334016,EleutherAI/pythia-410m,step8,seed6,6,8
It was a fish scale.,It was a music scale.,scale,scale,Different Sense,0.04269498586654663,10,0.133333333,6,6,0,405334016,EleutherAI/pythia-410m,step8,seed6,6,8
It was a fish scale.,It was a music scale.,scale,scale,Different Sense,0.04218900203704834,11,0.133333333,6,6,0,405334016,EleutherAI/pythia-410m,step8,seed6,6,8
It was a fish scale.,It was a music scale.,scale,scale,Different Sense,0.04203885793685913,12,0.133333333,6,6,0,405334016,EleutherAI/pythia-410m,step8,seed6,6,8
It was a fish scale.,It was a music scale.,scale,scale,Different Sense,0.04273873567581177,13,0.133333333,6,6,0,405334016,EleutherAI/pythia-410m,step8,seed6,6,8
It was a fish scale.,It was a music scale.,scale,scale,Different Sense,0.04220682382583618,14,0.133333333,6,6,0,405334016,EleutherAI/pythia-410m,step8,seed6,6,8
It was a fish scale.,It was a music scale.,scale,scale,Different Sense,0.040374577045440674,15,0.133333333,6,6,0,405334016,EleutherAI/pythia-410m,step8,seed6,6,8
It was a fish scale.,It was a music scale.,scale,scale,Different Sense,0.03967708349227905,16,0.133333333,6,6,0,405334016,EleutherAI/pythia-410m,step8,seed6,6,8
It was a fish scale.,It was a music scale.,scale,scale,Different Sense,0.03828150033950806,17,0.133333333,6,6,0,405334016,EleutherAI/pythia-410m,step8,seed6,6,8
It was a fish scale.,It was a music scale.,scale,scale,Different Sense,0.03840571641921997,18,0.133333333,6,6,0,405334016,EleutherAI/pythia-410m,step8,seed6,6,8
It was a fish scale.,It was a music scale.,scale,scale,Different Sense,0.037830352783203125,19,0.133333333,6,6,0,405334016,EleutherAI/pythia-410m,step8,seed6,6,8
It was a fish scale.,It was a music scale.,scale,scale,Different Sense,0.037312328815460205,20,0.133333333,6,6,0,405334016,EleutherAI/pythia-410m,step8,seed6,6,8
It was a fish scale.,It was a music scale.,scale,scale,Different Sense,0.03717541694641113,21,0.133333333,6,6,0,405334016,EleutherAI/pythia-410m,step8,seed6,6,8
It was a fish scale.,It was a music scale.,scale,scale,Different Sense,0.03564268350601196,22,0.133333333,6,6,0,405334016,EleutherAI/pythia-410m,step8,seed6,6,8
It was a fish scale.,It was a music scale.,scale,scale,Different Sense,0.034545063972473145,23,0.133333333,6,6,0,405334016,EleutherAI/pythia-410m,step8,seed6,6,8
It was a fish scale.,It was a music scale.,scale,scale,Different Sense,0.03389883041381836,24,0.133333333,6,6,0,405334016,EleutherAI/pythia-410m,step8,seed6,6,8
It was a fish scale.,It was a major scale.,scale,scale,Different Sense,0.0,0,0.428571429,6,6,0,405334016,EleutherAI/pythia-410m,step8,seed6,6,8
It was a fish scale.,It was a major scale.,scale,scale,Different Sense,0.027942001819610596,1,0.428571429,6,6,0,405334016,EleutherAI/pythia-410m,step8,seed6,6,8
It was a fish scale.,It was a major scale.,scale,scale,Different Sense,0.037709593772888184,2,0.428571429,6,6,0,405334016,EleutherAI/pythia-410m,step8,seed6,6,8
It was a fish scale.,It was a major scale.,scale,scale,Different Sense,0.04440629482269287,3,0.428571429,6,6,0,405334016,EleutherAI/pythia-410m,step8,seed6,6,8
It was a fish scale.,It was a major scale.,scale,scale,Different Sense,0.04722321033477783,4,0.428571429,6,6,0,405334016,EleutherAI/pythia-410m,step8,seed6,6,8
It was a fish scale.,It was a major scale.,scale,scale,Different Sense,0.0477789044380188,5,0.428571429,6,6,0,405334016,EleutherAI/pythia-410m,step8,seed6,6,8
It was a fish scale.,It was a major scale.,scale,scale,Different Sense,0.0473862886428833,6,0.428571429,6,6,0,405334016,EleutherAI/pythia-410m,step8,seed6,6,8
It was a fish scale.,It was a major scale.,scale,scale,Different Sense,0.04756432771682739,7,0.428571429,6,6,0,405334016,EleutherAI/pythia-410m,step8,seed6,6,8
It was a fish scale.,It was a major scale.,scale,scale,Different Sense,0.045458972454071045,8,0.428571429,6,6,0,405334016,EleutherAI/pythia-410m,step8,seed6,6,8
It was a fish scale.,It was a major scale.,scale,scale,Different Sense,0.04446321725845337,9,0.428571429,6,6,0,405334016,EleutherAI/pythia-410m,step8,seed6,6,8
It was a fish scale.,It was a major scale.,scale,scale,Different Sense,0.04453366994857788,10,0.428571429,6,6,0,405334016,EleutherAI/pythia-410m,step8,seed6,6,8
It was a fish scale.,It was a major scale.,scale,scale,Different Sense,0.044147491455078125,11,0.428571429,6,6,0,405334016,EleutherAI/pythia-410m,step8,seed6,6,8
It was a fish scale.,It was a major scale.,scale,scale,Different Sense,0.044095635414123535,12,0.428571429,6,6,0,405334016,EleutherAI/pythia-410m,step8,seed6,6,8
It was a fish scale.,It was a major scale.,scale,scale,Different Sense,0.04510331153869629,13,0.428571429,6,6,0,405334016,EleutherAI/pythia-410m,step8,seed6,6,8
It was a fish scale.,It was a major scale.,scale,scale,Different Sense,0.043833911418914795,14,0.428571429,6,6,0,405334016,EleutherAI/pythia-410m,step8,seed6,6,8
It was a fish scale.,It was a major scale.,scale,scale,Different Sense,0.04289853572845459,15,0.428571429,6,6,0,405334016,EleutherAI/pythia-410m,step8,seed6,6,8
It was a fish scale.,It was a major scale.,scale,scale,Different Sense,0.04152023792266846,16,0.428571429,6,6,0,405334016,EleutherAI/pythia-410m,step8,seed6,6,8
It was a fish scale.,It was a major scale.,scale,scale,Different Sense,0.04028230905532837,17,0.428571429,6,6,0,405334016,EleutherAI/pythia-410m,step8,seed6,6,8
It was a fish scale.,It was a major scale.,scale,scale,Different Sense,0.03987020254135132,18,0.428571429,6,6,0,405334016,EleutherAI/pythia-410m,step8,seed6,6,8
It was a fish scale.,It was a major scale.,scale,scale,Different Sense,0.03868556022644043,19,0.428571429,6,6,0,405334016,EleutherAI/pythia-410m,step8,seed6,6,8
It was a fish scale.,It was a major scale.,scale,scale,Different Sense,0.03809136152267456,20,0.428571429,6,6,0,405334016,EleutherAI/pythia-410m,step8,seed6,6,8
It was a fish scale.,It was a major scale.,scale,scale,Different Sense,0.03798002004623413,21,0.428571429,6,6,0,405334016,EleutherAI/pythia-410m,step8,seed6,6,8
It was a fish scale.,It was a major scale.,scale,scale,Different Sense,0.0369303822517395,22,0.428571429,6,6,0,405334016,EleutherAI/pythia-410m,step8,seed6,6,8
It was a fish scale.,It was a major scale.,scale,scale,Different Sense,0.03625965118408203,23,0.428571429,6,6,0,405334016,EleutherAI/pythia-410m,step8,seed6,6,8
It was a fish scale.,It was a major scale.,scale,scale,Different Sense,0.036228954792022705,24,0.428571429,6,6,0,405334016,EleutherAI/pythia-410m,step8,seed6,6,8
It was a lizard scale.,It was a music scale.,scale,scale,Different Sense,0.0,0,0.222222222,7,6,1,405334016,EleutherAI/pythia-410m,step8,seed6,6,8
It was a lizard scale.,It was a music scale.,scale,scale,Different Sense,0.02886795997619629,1,0.222222222,7,6,1,405334016,EleutherAI/pythia-410m,step8,seed6,6,8
It was a lizard scale.,It was a music scale.,scale,scale,Different Sense,0.042226314544677734,2,0.222222222,7,6,1,405334016,EleutherAI/pythia-410m,step8,seed6,6,8
It was a lizard scale.,It was a music scale.,scale,scale,Different Sense,0.04941725730895996,3,0.222222222,7,6,1,405334016,EleutherAI/pythia-410m,step8,seed6,6,8
It was a lizard scale.,It was a music scale.,scale,scale,Different Sense,0.05573451519012451,4,0.222222222,7,6,1,405334016,EleutherAI/pythia-410m,step8,seed6,6,8
It was a lizard scale.,It was a music scale.,scale,scale,Different Sense,0.05867511034011841,5,0.222222222,7,6,1,405334016,EleutherAI/pythia-410m,step8,seed6,6,8
It was a lizard scale.,It was a music scale.,scale,scale,Different Sense,0.05788701772689819,6,0.222222222,7,6,1,405334016,EleutherAI/pythia-410m,step8,seed6,6,8
It was a lizard scale.,It was a music scale.,scale,scale,Different Sense,0.0574413537979126,7,0.222222222,7,6,1,405334016,EleutherAI/pythia-410m,step8,seed6,6,8
It was a lizard scale.,It was a music scale.,scale,scale,Different Sense,0.053945302963256836,8,0.222222222,7,6,1,405334016,EleutherAI/pythia-410m,step8,seed6,6,8
It was a lizard scale.,It was a music scale.,scale,scale,Different Sense,0.05286598205566406,9,0.222222222,7,6,1,405334016,EleutherAI/pythia-410m,step8,seed6,6,8
It was a lizard scale.,It was a music scale.,scale,scale,Different Sense,0.05047410726547241,10,0.222222222,7,6,1,405334016,EleutherAI/pythia-410m,step8,seed6,6,8
It was a lizard scale.,It was a music scale.,scale,scale,Different Sense,0.052790820598602295,11,0.222222222,7,6,1,405334016,EleutherAI/pythia-410m,step8,seed6,6,8
It was a lizard scale.,It was a music scale.,scale,scale,Different Sense,0.05193668603897095,12,0.222222222,7,6,1,405334016,EleutherAI/pythia-410m,step8,seed6,6,8
It was a lizard scale.,It was a music scale.,scale,scale,Different Sense,0.053206682205200195,13,0.222222222,7,6,1,405334016,EleutherAI/pythia-410m,step8,seed6,6,8
It was a lizard scale.,It was a music scale.,scale,scale,Different Sense,0.052354276180267334,14,0.222222222,7,6,1,405334016,EleutherAI/pythia-410m,step8,seed6,6,8
It was a lizard scale.,It was a music scale.,scale,scale,Different Sense,0.05112111568450928,15,0.222222222,7,6,1,405334016,EleutherAI/pythia-410m,step8,seed6,6,8
It was a lizard scale.,It was a music scale.,scale,scale,Different Sense,0.05024784803390503,16,0.222222222,7,6,1,405334016,EleutherAI/pythia-410m,step8,seed6,6,8
It was a lizard scale.,It was a music scale.,scale,scale,Different Sense,0.04872536659240723,17,0.222222222,7,6,1,405334016,EleutherAI/pythia-410m,step8,seed6,6,8
It was a lizard scale.,It was a music scale.,scale,scale,Different Sense,0.0494346022605896,18,0.222222222,7,6,1,405334016,EleutherAI/pythia-410m,step8,seed6,6,8
It was a lizard scale.,It was a music scale.,scale,scale,Different Sense,0.04914432764053345,19,0.222222222,7,6,1,405334016,EleutherAI/pythia-410m,step8,seed6,6,8
It was a lizard scale.,It was a music scale.,scale,scale,Different Sense,0.04894059896469116,20,0.222222222,7,6,1,405334016,EleutherAI/pythia-410m,step8,seed6,6,8
It was a lizard scale.,It was a music scale.,scale,scale,Different Sense,0.04839825630187988,21,0.222222222,7,6,1,405334016,EleutherAI/pythia-410m,step8,seed6,6,8
It was a lizard scale.,It was a music scale.,scale,scale,Different Sense,0.04671722650527954,22,0.222222222,7,6,1,405334016,EleutherAI/pythia-410m,step8,seed6,6,8
It was a lizard scale.,It was a music scale.,scale,scale,Different Sense,0.046204209327697754,23,0.222222222,7,6,1,405334016,EleutherAI/pythia-410m,step8,seed6,6,8
It was a lizard scale.,It was a music scale.,scale,scale,Different Sense,0.04475492238998413,24,0.222222222,7,6,1,405334016,EleutherAI/pythia-410m,step8,seed6,6,8
It was a lizard scale.,It was a major scale.,scale,scale,Different Sense,0.0,0,0.307692308,7,6,1,405334016,EleutherAI/pythia-410m,step8,seed6,6,8
It was a lizard scale.,It was a major scale.,scale,scale,Different Sense,0.036257922649383545,1,0.307692308,7,6,1,405334016,EleutherAI/pythia-410m,step8,seed6,6,8
It was a lizard scale.,It was a major scale.,scale,scale,Different Sense,0.052172720432281494,2,0.307692308,7,6,1,405334016,EleutherAI/pythia-410m,step8,seed6,6,8
It was a lizard scale.,It was a major scale.,scale,scale,Different Sense,0.059351563453674316,3,0.307692308,7,6,1,405334016,EleutherAI/pythia-410m,step8,seed6,6,8
It was a lizard scale.,It was a major scale.,scale,scale,Different Sense,0.06276804208755493,4,0.307692308,7,6,1,405334016,EleutherAI/pythia-410m,step8,seed6,6,8
It was a lizard scale.,It was a major scale.,scale,scale,Different Sense,0.06781446933746338,5,0.307692308,7,6,1,405334016,EleutherAI/pythia-410m,step8,seed6,6,8
It was a lizard scale.,It was a major scale.,scale,scale,Different Sense,0.0654870867729187,6,0.307692308,7,6,1,405334016,EleutherAI/pythia-410m,step8,seed6,6,8
It was a lizard scale.,It was a major scale.,scale,scale,Different Sense,0.06695383787155151,7,0.307692308,7,6,1,405334016,EleutherAI/pythia-410m,step8,seed6,6,8
It was a lizard scale.,It was a major scale.,scale,scale,Different Sense,0.06346958875656128,8,0.307692308,7,6,1,405334016,EleutherAI/pythia-410m,step8,seed6,6,8
It was a lizard scale.,It was a major scale.,scale,scale,Different Sense,0.06181615591049194,9,0.307692308,7,6,1,405334016,EleutherAI/pythia-410m,step8,seed6,6,8
It was a lizard scale.,It was a major scale.,scale,scale,Different Sense,0.060270071029663086,10,0.307692308,7,6,1,405334016,EleutherAI/pythia-410m,step8,seed6,6,8
It was a lizard scale.,It was a major scale.,scale,scale,Different Sense,0.062457263469696045,11,0.307692308,7,6,1,405334016,EleutherAI/pythia-410m,step8,seed6,6,8
It was a lizard scale.,It was a major scale.,scale,scale,Different Sense,0.06058162450790405,12,0.307692308,7,6,1,405334016,EleutherAI/pythia-410m,step8,seed6,6,8
It was a lizard scale.,It was a major scale.,scale,scale,Different Sense,0.06141209602355957,13,0.307692308,7,6,1,405334016,EleutherAI/pythia-410m,step8,seed6,6,8
It was a lizard scale.,It was a major scale.,scale,scale,Different Sense,0.05949866771697998,14,0.307692308,7,6,1,405334016,EleutherAI/pythia-410m,step8,seed6,6,8
It was a lizard scale.,It was a major scale.,scale,scale,Different Sense,0.05773818492889404,15,0.307692308,7,6,1,405334016,EleutherAI/pythia-410m,step8,seed6,6,8
It was a lizard scale.,It was a major scale.,scale,scale,Different Sense,0.05630826950073242,16,0.307692308,7,6,1,405334016,EleutherAI/pythia-410m,step8,seed6,6,8
It was a lizard scale.,It was a major scale.,scale,scale,Different Sense,0.05524146556854248,17,0.307692308,7,6,1,405334016,EleutherAI/pythia-410m,step8,seed6,6,8
It was a lizard scale.,It was a major scale.,scale,scale,Different Sense,0.05534517765045166,18,0.307692308,7,6,1,405334016,EleutherAI/pythia-410m,step8,seed6,6,8
It was a lizard scale.,It was a major scale.,scale,scale,Different Sense,0.0539020299911499,19,0.307692308,7,6,1,405334016,EleutherAI/pythia-410m,step8,seed6,6,8
It was a lizard scale.,It was a major scale.,scale,scale,Different Sense,0.052679359912872314,20,0.307692308,7,6,1,405334016,EleutherAI/pythia-410m,step8,seed6,6,8
It was a lizard scale.,It was a major scale.,scale,scale,Different Sense,0.05150151252746582,21,0.307692308,7,6,1,405334016,EleutherAI/pythia-410m,step8,seed6,6,8
It was a lizard scale.,It was a major scale.,scale,scale,Different Sense,0.04941213130950928,22,0.307692308,7,6,1,405334016,EleutherAI/pythia-410m,step8,seed6,6,8
It was a lizard scale.,It was a major scale.,scale,scale,Different Sense,0.04733872413635254,23,0.307692308,7,6,1,405334016,EleutherAI/pythia-410m,step8,seed6,6,8
It was a lizard scale.,It was a major scale.,scale,scale,Different Sense,0.046811699867248535,24,0.307692308,7,6,1,405334016,EleutherAI/pythia-410m,step8,seed6,6,8
It was a fish scale.,It was a lizard scale.,scale,scale,Same Sense,0.0,0,3.5,6,7,1,405334016,EleutherAI/pythia-410m,step8,seed6,6,8
It was a fish scale.,It was a lizard scale.,scale,scale,Same Sense,0.033541977405548096,1,3.5,6,7,1,405334016,EleutherAI/pythia-410m,step8,seed6,6,8
It was a fish scale.,It was a lizard scale.,scale,scale,Same Sense,0.04506582021713257,2,3.5,6,7,1,405334016,EleutherAI/pythia-410m,step8,seed6,6,8
It was a fish scale.,It was a lizard scale.,scale,scale,Same Sense,0.052663326263427734,3,3.5,6,7,1,405334016,EleutherAI/pythia-410m,step8,seed6,6,8
It was a fish scale.,It was a lizard scale.,scale,scale,Same Sense,0.05501466989517212,4,3.5,6,7,1,405334016,EleutherAI/pythia-410m,step8,seed6,6,8
It was a fish scale.,It was a lizard scale.,scale,scale,Same Sense,0.06131184101104736,5,3.5,6,7,1,405334016,EleutherAI/pythia-410m,step8,seed6,6,8
It was a fish scale.,It was a lizard scale.,scale,scale,Same Sense,0.06268131732940674,6,3.5,6,7,1,405334016,EleutherAI/pythia-410m,step8,seed6,6,8
It was a fish scale.,It was a lizard scale.,scale,scale,Same Sense,0.062125444412231445,7,3.5,6,7,1,405334016,EleutherAI/pythia-410m,step8,seed6,6,8
It was a fish scale.,It was a lizard scale.,scale,scale,Same Sense,0.058761417865753174,8,3.5,6,7,1,405334016,EleutherAI/pythia-410m,step8,seed6,6,8
It was a fish scale.,It was a lizard scale.,scale,scale,Same Sense,0.059860169887542725,9,3.5,6,7,1,405334016,EleutherAI/pythia-410m,step8,seed6,6,8
It was a fish scale.,It was a lizard scale.,scale,scale,Same Sense,0.058571696281433105,10,3.5,6,7,1,405334016,EleutherAI/pythia-410m,step8,seed6,6,8
It was a fish scale.,It was a lizard scale.,scale,scale,Same Sense,0.059780657291412354,11,3.5,6,7,1,405334016,EleutherAI/pythia-410m,step8,seed6,6,8
It was a fish scale.,It was a lizard scale.,scale,scale,Same Sense,0.06056475639343262,12,3.5,6,7,1,405334016,EleutherAI/pythia-410m,step8,seed6,6,8
It was a fish scale.,It was a lizard scale.,scale,scale,Same Sense,0.06222766637802124,13,3.5,6,7,1,405334016,EleutherAI/pythia-410m,step8,seed6,6,8
It was a fish scale.,It was a lizard scale.,scale,scale,Same Sense,0.059335172176361084,14,3.5,6,7,1,405334016,EleutherAI/pythia-410m,step8,seed6,6,8
It was a fish scale.,It was a lizard scale.,scale,scale,Same Sense,0.05843329429626465,15,3.5,6,7,1,405334016,EleutherAI/pythia-410m,step8,seed6,6,8
It was a fish scale.,It was a lizard scale.,scale,scale,Same Sense,0.05831277370452881,16,3.5,6,7,1,405334016,EleutherAI/pythia-410m,step8,seed6,6,8
It was a fish scale.,It was a lizard scale.,scale,scale,Same Sense,0.05688118934631348,17,3.5,6,7,1,405334016,EleutherAI/pythia-410m,step8,seed6,6,8
It was a fish scale.,It was a lizard scale.,scale,scale,Same Sense,0.056506216526031494,18,3.5,6,7,1,405334016,EleutherAI/pythia-410m,step8,seed6,6,8
It was a fish scale.,It was a lizard scale.,scale,scale,Same Sense,0.05549514293670654,19,3.5,6,7,1,405334016,EleutherAI/pythia-410m,step8,seed6,6,8
It was a fish scale.,It was a lizard scale.,scale,scale,Same Sense,0.054412007331848145,20,3.5,6,7,1,405334016,EleutherAI/pythia-410m,step8,seed6,6,8
It was a fish scale.,It was a lizard scale.,scale,scale,Same Sense,0.05367743968963623,21,3.5,6,7,1,405334016,EleutherAI/pythia-410m,step8,seed6,6,8
It was a fish scale.,It was a lizard scale.,scale,scale,Same Sense,0.0522342324256897,22,3.5,6,7,1,405334016,EleutherAI/pythia-410m,step8,seed6,6,8
It was a fish scale.,It was a lizard scale.,scale,scale,Same Sense,0.05076700448989868,23,3.5,6,7,1,405334016,EleutherAI/pythia-410m,step8,seed6,6,8
It was a fish scale.,It was a lizard scale.,scale,scale,Same Sense,0.04945152997970581,24,3.5,6,7,1,405334016,EleutherAI/pythia-410m,step8,seed6,6,8
It was a music scale.,It was a major scale.,scale,scale,Same Sense,0.0,0,2.5,6,6,0,405334016,EleutherAI/pythia-410m,step8,seed6,6,8
It was a music scale.,It was a major scale.,scale,scale,Same Sense,0.028422236442565918,1,2.5,6,6,0,405334016,EleutherAI/pythia-410m,step8,seed6,6,8
It was a music scale.,It was a major scale.,scale,scale,Same Sense,0.03864455223083496,2,2.5,6,6,0,405334016,EleutherAI/pythia-410m,step8,seed6,6,8
It was a music scale.,It was a major scale.,scale,scale,Same Sense,0.04731088876724243,3,2.5,6,6,0,405334016,EleutherAI/pythia-410m,step8,seed6,6,8
It was a music scale.,It was a major scale.,scale,scale,Same Sense,0.050121426582336426,4,2.5,6,6,0,405334016,EleutherAI/pythia-410m,step8,seed6,6,8
It was a music scale.,It was a major scale.,scale,scale,Same Sense,0.052730679512023926,5,2.5,6,6,0,405334016,EleutherAI/pythia-410m,step8,seed6,6,8
It was a music scale.,It was a major scale.,scale,scale,Same Sense,0.05506819486618042,6,2.5,6,6,0,405334016,EleutherAI/pythia-410m,step8,seed6,6,8
It was a music scale.,It was a major scale.,scale,scale,Same Sense,0.054533183574676514,7,2.5,6,6,0,405334016,EleutherAI/pythia-410m,step8,seed6,6,8
It was a music scale.,It was a major scale.,scale,scale,Same Sense,0.051999449729919434,8,2.5,6,6,0,405334016,EleutherAI/pythia-410m,step8,seed6,6,8
It was a music scale.,It was a major scale.,scale,scale,Same Sense,0.05054575204849243,9,2.5,6,6,0,405334016,EleutherAI/pythia-410m,step8,seed6,6,8
It was a music scale.,It was a major scale.,scale,scale,Same Sense,0.05046814680099487,10,2.5,6,6,0,405334016,EleutherAI/pythia-410m,step8,seed6,6,8
It was a music scale.,It was a major scale.,scale,scale,Same Sense,0.048963725566864014,11,2.5,6,6,0,405334016,EleutherAI/pythia-410m,step8,seed6,6,8
It was a music scale.,It was a major scale.,scale,scale,Same Sense,0.04711472988128662,12,2.5,6,6,0,405334016,EleutherAI/pythia-410m,step8,seed6,6,8
It was a music scale.,It was a major scale.,scale,scale,Same Sense,0.047291696071624756,13,2.5,6,6,0,405334016,EleutherAI/pythia-410m,step8,seed6,6,8
It was a music scale.,It was a major scale.,scale,scale,Same Sense,0.04694926738739014,14,2.5,6,6,0,405334016,EleutherAI/pythia-410m,step8,seed6,6,8
It was a music scale.,It was a major scale.,scale,scale,Same Sense,0.047033607959747314,15,2.5,6,6,0,405334016,EleutherAI/pythia-410m,step8,seed6,6,8
It was a music scale.,It was a major scale.,scale,scale,Same Sense,0.04707217216491699,16,2.5,6,6,0,405334016,EleutherAI/pythia-410m,step8,seed6,6,8
It was a music scale.,It was a major scale.,scale,scale,Same Sense,0.045904457569122314,17,2.5,6,6,0,405334016,EleutherAI/pythia-410m,step8,seed6,6,8
It was a music scale.,It was a major scale.,scale,scale,Same Sense,0.04667508602142334,18,2.5,6,6,0,405334016,EleutherAI/pythia-410m,step8,seed6,6,8
It was a music scale.,It was a major scale.,scale,scale,Same Sense,0.04563385248184204,19,2.5,6,6,0,405334016,EleutherAI/pythia-410m,step8,seed6,6,8
It was a music scale.,It was a major scale.,scale,scale,Same Sense,0.04497504234313965,20,2.5,6,6,0,405334016,EleutherAI/pythia-410m,step8,seed6,6,8
It was a music scale.,It was a major scale.,scale,scale,Same Sense,0.04492390155792236,21,2.5,6,6,0,405334016,EleutherAI/pythia-410m,step8,seed6,6,8
It was a music scale.,It was a major scale.,scale,scale,Same Sense,0.04283249378204346,22,2.5,6,6,0,405334016,EleutherAI/pythia-410m,step8,seed6,6,8
It was a music scale.,It was a major scale.,scale,scale,Same Sense,0.04204678535461426,23,2.5,6,6,0,405334016,EleutherAI/pythia-410m,step8,seed6,6,8
It was a music scale.,It was a major scale.,scale,scale,Same Sense,0.04213511943817139,24,2.5,6,6,0,405334016,EleutherAI/pythia-410m,step8,seed6,6,8
It was a touching scene.,It was a nature scene.,scene,scene,Different Sense,0.0,0,2.611111111,6,6,0,405334016,EleutherAI/pythia-410m,step8,seed6,6,8
It was a touching scene.,It was a nature scene.,scene,scene,Different Sense,0.022402286529541016,1,2.611111111,6,6,0,405334016,EleutherAI/pythia-410m,step8,seed6,6,8
It was a touching scene.,It was a nature scene.,scene,scene,Different Sense,0.029926955699920654,2,2.611111111,6,6,0,405334016,EleutherAI/pythia-410m,step8,seed6,6,8
It was a touching scene.,It was a nature scene.,scene,scene,Different Sense,0.033411383628845215,3,2.611111111,6,6,0,405334016,EleutherAI/pythia-410m,step8,seed6,6,8
It was a touching scene.,It was a nature scene.,scene,scene,Different Sense,0.035634398460388184,4,2.611111111,6,6,0,405334016,EleutherAI/pythia-410m,step8,seed6,6,8
It was a touching scene.,It was a nature scene.,scene,scene,Different Sense,0.03559297323226929,5,2.611111111,6,6,0,405334016,EleutherAI/pythia-410m,step8,seed6,6,8
It was a touching scene.,It was a nature scene.,scene,scene,Different Sense,0.03910714387893677,6,2.611111111,6,6,0,405334016,EleutherAI/pythia-410m,step8,seed6,6,8
It was a touching scene.,It was a nature scene.,scene,scene,Different Sense,0.039654433727264404,7,2.611111111,6,6,0,405334016,EleutherAI/pythia-410m,step8,seed6,6,8
It was a touching scene.,It was a nature scene.,scene,scene,Different Sense,0.040001869201660156,8,2.611111111,6,6,0,405334016,EleutherAI/pythia-410m,step8,seed6,6,8
It was a touching scene.,It was a nature scene.,scene,scene,Different Sense,0.03848356008529663,9,2.611111111,6,6,0,405334016,EleutherAI/pythia-410m,step8,seed6,6,8
It was a touching scene.,It was a nature scene.,scene,scene,Different Sense,0.03784424066543579,10,2.611111111,6,6,0,405334016,EleutherAI/pythia-410m,step8,seed6,6,8
It was a touching scene.,It was a nature scene.,scene,scene,Different Sense,0.03873121738433838,11,2.611111111,6,6,0,405334016,EleutherAI/pythia-410m,step8,seed6,6,8
It was a touching scene.,It was a nature scene.,scene,scene,Different Sense,0.038288772106170654,12,2.611111111,6,6,0,405334016,EleutherAI/pythia-410m,step8,seed6,6,8
It was a touching scene.,It was a nature scene.,scene,scene,Different Sense,0.03909337520599365,13,2.611111111,6,6,0,405334016,EleutherAI/pythia-410m,step8,seed6,6,8
It was a touching scene.,It was a nature scene.,scene,scene,Different Sense,0.038339197635650635,14,2.611111111,6,6,0,405334016,EleutherAI/pythia-410m,step8,seed6,6,8
It was a touching scene.,It was a nature scene.,scene,scene,Different Sense,0.03838789463043213,15,2.611111111,6,6,0,405334016,EleutherAI/pythia-410m,step8,seed6,6,8
It was a touching scene.,It was a nature scene.,scene,scene,Different Sense,0.03772592544555664,16,2.611111111,6,6,0,405334016,EleutherAI/pythia-410m,step8,seed6,6,8
It was a touching scene.,It was a nature scene.,scene,scene,Different Sense,0.03673601150512695,17,2.611111111,6,6,0,405334016,EleutherAI/pythia-410m,step8,seed6,6,8
It was a touching scene.,It was a nature scene.,scene,scene,Different Sense,0.035767197608947754,18,2.611111111,6,6,0,405334016,EleutherAI/pythia-410m,step8,seed6,6,8
It was a touching scene.,It was a nature scene.,scene,scene,Different Sense,0.03464299440383911,19,2.611111111,6,6,0,405334016,EleutherAI/pythia-410m,step8,seed6,6,8
It was a touching scene.,It was a nature scene.,scene,scene,Different Sense,0.034479379653930664,20,2.611111111,6,6,0,405334016,EleutherAI/pythia-410m,step8,seed6,6,8
It was a touching scene.,It was a nature scene.,scene,scene,Different Sense,0.03449207544326782,21,2.611111111,6,6,0,405334016,EleutherAI/pythia-410m,step8,seed6,6,8
It was a touching scene.,It was a nature scene.,scene,scene,Different Sense,0.03342467546463013,22,2.611111111,6,6,0,405334016,EleutherAI/pythia-410m,step8,seed6,6,8
It was a touching scene.,It was a nature scene.,scene,scene,Different Sense,0.03265392780303955,23,2.611111111,6,6,0,405334016,EleutherAI/pythia-410m,step8,seed6,6,8
It was a touching scene.,It was a nature scene.,scene,scene,Different Sense,0.03208053112030029,24,2.611111111,6,6,0,405334016,EleutherAI/pythia-410m,step8,seed6,6,8
It was a touching scene.,It was a panoramic scene.,scene,scene,Different Sense,0.0,0,2.333333333,6,7,1,405334016,EleutherAI/pythia-410m,step8,seed6,6,8
It was a touching scene.,It was a panoramic scene.,scene,scene,Different Sense,0.027461707592010498,1,2.333333333,6,7,1,405334016,EleutherAI/pythia-410m,step8,seed6,6,8
It was a touching scene.,It was a panoramic scene.,scene,scene,Different Sense,0.03502088785171509,2,2.333333333,6,7,1,405334016,EleutherAI/pythia-410m,step8,seed6,6,8
It was a touching scene.,It was a panoramic scene.,scene,scene,Different Sense,0.0410003662109375,3,2.333333333,6,7,1,405334016,EleutherAI/pythia-410m,step8,seed6,6,8
It was a touching scene.,It was a panoramic scene.,scene,scene,Different Sense,0.045440673828125,4,2.333333333,6,7,1,405334016,EleutherAI/pythia-410m,step8,seed6,6,8
It was a touching scene.,It was a panoramic scene.,scene,scene,Different Sense,0.04948645830154419,5,2.333333333,6,7,1,405334016,EleutherAI/pythia-410m,step8,seed6,6,8
It was a touching scene.,It was a panoramic scene.,scene,scene,Different Sense,0.05250471830368042,6,2.333333333,6,7,1,405334016,EleutherAI/pythia-410m,step8,seed6,6,8
It was a touching scene.,It was a panoramic scene.,scene,scene,Different Sense,0.051415205001831055,7,2.333333333,6,7,1,405334016,EleutherAI/pythia-410m,step8,seed6,6,8
It was a touching scene.,It was a panoramic scene.,scene,scene,Different Sense,0.05204540491104126,8,2.333333333,6,7,1,405334016,EleutherAI/pythia-410m,step8,seed6,6,8
It was a touching scene.,It was a panoramic scene.,scene,scene,Different Sense,0.050337910652160645,9,2.333333333,6,7,1,405334016,EleutherAI/pythia-410m,step8,seed6,6,8
It was a touching scene.,It was a panoramic scene.,scene,scene,Different Sense,0.04935270547866821,10,2.333333333,6,7,1,405334016,EleutherAI/pythia-410m,step8,seed6,6,8
It was a touching scene.,It was a panoramic scene.,scene,scene,Different Sense,0.050504088401794434,11,2.333333333,6,7,1,405334016,EleutherAI/pythia-410m,step8,seed6,6,8
It was a touching scene.,It was a panoramic scene.,scene,scene,Different Sense,0.05086541175842285,12,2.333333333,6,7,1,405334016,EleutherAI/pythia-410m,step8,seed6,6,8
It was a touching scene.,It was a panoramic scene.,scene,scene,Different Sense,0.05234581232070923,13,2.333333333,6,7,1,405334016,EleutherAI/pythia-410m,step8,seed6,6,8
It was a touching scene.,It was a panoramic scene.,scene,scene,Different Sense,0.05183178186416626,14,2.333333333,6,7,1,405334016,EleutherAI/pythia-410m,step8,seed6,6,8
It was a touching scene.,It was a panoramic scene.,scene,scene,Different Sense,0.05298936367034912,15,2.333333333,6,7,1,405334016,EleutherAI/pythia-410m,step8,seed6,6,8
It was a touching scene.,It was a panoramic scene.,scene,scene,Different Sense,0.05353677272796631,16,2.333333333,6,7,1,405334016,EleutherAI/pythia-410m,step8,seed6,6,8
It was a touching scene.,It was a panoramic scene.,scene,scene,Different Sense,0.053191304206848145,17,2.333333333,6,7,1,405334016,EleutherAI/pythia-410m,step8,seed6,6,8
It was a touching scene.,It was a panoramic scene.,scene,scene,Different Sense,0.052899837493896484,18,2.333333333,6,7,1,405334016,EleutherAI/pythia-410m,step8,seed6,6,8
It was a touching scene.,It was a panoramic scene.,scene,scene,Different Sense,0.05004560947418213,19,2.333333333,6,7,1,405334016,EleutherAI/pythia-410m,step8,seed6,6,8
It was a touching scene.,It was a panoramic scene.,scene,scene,Different Sense,0.04932457208633423,20,2.333333333,6,7,1,405334016,EleutherAI/pythia-410m,step8,seed6,6,8
It was a touching scene.,It was a panoramic scene.,scene,scene,Different Sense,0.049015045166015625,21,2.333333333,6,7,1,405334016,EleutherAI/pythia-410m,step8,seed6,6,8
It was a touching scene.,It was a panoramic scene.,scene,scene,Different Sense,0.047147393226623535,22,2.333333333,6,7,1,405334016,EleutherAI/pythia-410m,step8,seed6,6,8
It was a touching scene.,It was a panoramic scene.,scene,scene,Different Sense,0.046854496002197266,23,2.333333333,6,7,1,405334016,EleutherAI/pythia-410m,step8,seed6,6,8
It was a touching scene.,It was a panoramic scene.,scene,scene,Different Sense,0.046886146068573,24,2.333333333,6,7,1,405334016,EleutherAI/pythia-410m,step8,seed6,6,8
It was a well-acted scene.,It was a nature scene.,scene,scene,Different Sense,0.0,0,1.636363636,8,6,2,405334016,EleutherAI/pythia-410m,step8,seed6,6,8
It was a well-acted scene.,It was a nature scene.,scene,scene,Different Sense,0.03209102153778076,1,1.636363636,8,6,2,405334016,EleutherAI/pythia-410m,step8,seed6,6,8
It was a well-acted scene.,It was a nature scene.,scene,scene,Different Sense,0.04501521587371826,2,1.636363636,8,6,2,405334016,EleutherAI/pythia-410m,step8,seed6,6,8
It was a well-acted scene.,It was a nature scene.,scene,scene,Different Sense,0.049548327922821045,3,1.636363636,8,6,2,405334016,EleutherAI/pythia-410m,step8,seed6,6,8
It was a well-acted scene.,It was a nature scene.,scene,scene,Different Sense,0.057321131229400635,4,1.636363636,8,6,2,405334016,EleutherAI/pythia-410m,step8,seed6,6,8
It was a well-acted scene.,It was a nature scene.,scene,scene,Different Sense,0.06000405550003052,5,1.636363636,8,6,2,405334016,EleutherAI/pythia-410m,step8,seed6,6,8
It was a well-acted scene.,It was a nature scene.,scene,scene,Different Sense,0.06139051914215088,6,1.636363636,8,6,2,405334016,EleutherAI/pythia-410m,step8,seed6,6,8
It was a well-acted scene.,It was a nature scene.,scene,scene,Different Sense,0.062213003635406494,7,1.636363636,8,6,2,405334016,EleutherAI/pythia-410m,step8,seed6,6,8
It was a well-acted scene.,It was a nature scene.,scene,scene,Different Sense,0.06122565269470215,8,1.636363636,8,6,2,405334016,EleutherAI/pythia-410m,step8,seed6,6,8
It was a well-acted scene.,It was a nature scene.,scene,scene,Different Sense,0.06200331449508667,9,1.636363636,8,6,2,405334016,EleutherAI/pythia-410m,step8,seed6,6,8
It was a well-acted scene.,It was a nature scene.,scene,scene,Different Sense,0.061570942401885986,10,1.636363636,8,6,2,405334016,EleutherAI/pythia-410m,step8,seed6,6,8
It was a well-acted scene.,It was a nature scene.,scene,scene,Different Sense,0.05900859832763672,11,1.636363636,8,6,2,405334016,EleutherAI/pythia-410m,step8,seed6,6,8
It was a well-acted scene.,It was a nature scene.,scene,scene,Different Sense,0.058583855628967285,12,1.636363636,8,6,2,405334016,EleutherAI/pythia-410m,step8,seed6,6,8
It was a well-acted scene.,It was a nature scene.,scene,scene,Different Sense,0.05996769666671753,13,1.636363636,8,6,2,405334016,EleutherAI/pythia-410m,step8,seed6,6,8
It was a well-acted scene.,It was a nature scene.,scene,scene,Different Sense,0.05948454141616821,14,1.636363636,8,6,2,405334016,EleutherAI/pythia-410m,step8,seed6,6,8
It was a well-acted scene.,It was a nature scene.,scene,scene,Different Sense,0.059442222118377686,15,1.636363636,8,6,2,405334016,EleutherAI/pythia-410m,step8,seed6,6,8
It was a well-acted scene.,It was a nature scene.,scene,scene,Different Sense,0.058778464794158936,16,1.636363636,8,6,2,405334016,EleutherAI/pythia-410m,step8,seed6,6,8
It was a well-acted scene.,It was a nature scene.,scene,scene,Different Sense,0.05682593584060669,17,1.636363636,8,6,2,405334016,EleutherAI/pythia-410m,step8,seed6,6,8
It was a well-acted scene.,It was a nature scene.,scene,scene,Different Sense,0.05572152137756348,18,1.636363636,8,6,2,405334016,EleutherAI/pythia-410m,step8,seed6,6,8
It was a well-acted scene.,It was a nature scene.,scene,scene,Different Sense,0.054805755615234375,19,1.636363636,8,6,2,405334016,EleutherAI/pythia-410m,step8,seed6,6,8
It was a well-acted scene.,It was a nature scene.,scene,scene,Different Sense,0.05396169424057007,20,1.636363636,8,6,2,405334016,EleutherAI/pythia-410m,step8,seed6,6,8
It was a well-acted scene.,It was a nature scene.,scene,scene,Different Sense,0.05320996046066284,21,1.636363636,8,6,2,405334016,EleutherAI/pythia-410m,step8,seed6,6,8
It was a well-acted scene.,It was a nature scene.,scene,scene,Different Sense,0.05137765407562256,22,1.636363636,8,6,2,405334016,EleutherAI/pythia-410m,step8,seed6,6,8
It was a well-acted scene.,It was a nature scene.,scene,scene,Different Sense,0.04998636245727539,23,1.636363636,8,6,2,405334016,EleutherAI/pythia-410m,step8,seed6,6,8
It was a well-acted scene.,It was a nature scene.,scene,scene,Different Sense,0.05011188983917236,24,1.636363636,8,6,2,405334016,EleutherAI/pythia-410m,step8,seed6,6,8
It was a well-acted scene.,It was a panoramic scene.,scene,scene,Different Sense,0.0,0,2.090909091,8,7,1,405334016,EleutherAI/pythia-410m,step8,seed6,6,8
It was a well-acted scene.,It was a panoramic scene.,scene,scene,Different Sense,0.03207188844680786,1,2.090909091,8,7,1,405334016,EleutherAI/pythia-410m,step8,seed6,6,8
It was a well-acted scene.,It was a panoramic scene.,scene,scene,Different Sense,0.045574188232421875,2,2.090909091,8,7,1,405334016,EleutherAI/pythia-410m,step8,seed6,6,8
It was a well-acted scene.,It was a panoramic scene.,scene,scene,Different Sense,0.05469542741775513,3,2.090909091,8,7,1,405334016,EleutherAI/pythia-410m,step8,seed6,6,8
It was a well-acted scene.,It was a panoramic scene.,scene,scene,Different Sense,0.06492304801940918,4,2.090909091,8,7,1,405334016,EleutherAI/pythia-410m,step8,seed6,6,8
It was a well-acted scene.,It was a panoramic scene.,scene,scene,Different Sense,0.06779152154922485,5,2.090909091,8,7,1,405334016,EleutherAI/pythia-410m,step8,seed6,6,8
It was a well-acted scene.,It was a panoramic scene.,scene,scene,Different Sense,0.06805849075317383,6,2.090909091,8,7,1,405334016,EleutherAI/pythia-410m,step8,seed6,6,8
It was a well-acted scene.,It was a panoramic scene.,scene,scene,Different Sense,0.07108861207962036,7,2.090909091,8,7,1,405334016,EleutherAI/pythia-410m,step8,seed6,6,8
It was a well-acted scene.,It was a panoramic scene.,scene,scene,Different Sense,0.06727731227874756,8,2.090909091,8,7,1,405334016,EleutherAI/pythia-410m,step8,seed6,6,8
It was a well-acted scene.,It was a panoramic scene.,scene,scene,Different Sense,0.06472605466842651,9,2.090909091,8,7,1,405334016,EleutherAI/pythia-410m,step8,seed6,6,8
It was a well-acted scene.,It was a panoramic scene.,scene,scene,Different Sense,0.06274062395095825,10,2.090909091,8,7,1,405334016,EleutherAI/pythia-410m,step8,seed6,6,8
It was a well-acted scene.,It was a panoramic scene.,scene,scene,Different Sense,0.0632939338684082,11,2.090909091,8,7,1,405334016,EleutherAI/pythia-410m,step8,seed6,6,8
It was a well-acted scene.,It was a panoramic scene.,scene,scene,Different Sense,0.06457597017288208,12,2.090909091,8,7,1,405334016,EleutherAI/pythia-410m,step8,seed6,6,8
It was a well-acted scene.,It was a panoramic scene.,scene,scene,Different Sense,0.06492787599563599,13,2.090909091,8,7,1,405334016,EleutherAI/pythia-410m,step8,seed6,6,8
It was a well-acted scene.,It was a panoramic scene.,scene,scene,Different Sense,0.06296777725219727,14,2.090909091,8,7,1,405334016,EleutherAI/pythia-410m,step8,seed6,6,8
It was a well-acted scene.,It was a panoramic scene.,scene,scene,Different Sense,0.061667442321777344,15,2.090909091,8,7,1,405334016,EleutherAI/pythia-410m,step8,seed6,6,8
It was a well-acted scene.,It was a panoramic scene.,scene,scene,Different Sense,0.06260514259338379,16,2.090909091,8,7,1,405334016,EleutherAI/pythia-410m,step8,seed6,6,8
It was a well-acted scene.,It was a panoramic scene.,scene,scene,Different Sense,0.06126880645751953,17,2.090909091,8,7,1,405334016,EleutherAI/pythia-410m,step8,seed6,6,8
It was a well-acted scene.,It was a panoramic scene.,scene,scene,Different Sense,0.05999499559402466,18,2.090909091,8,7,1,405334016,EleutherAI/pythia-410m,step8,seed6,6,8
It was a well-acted scene.,It was a panoramic scene.,scene,scene,Different Sense,0.05795133113861084,19,2.090909091,8,7,1,405334016,EleutherAI/pythia-410m,step8,seed6,6,8
It was a well-acted scene.,It was a panoramic scene.,scene,scene,Different Sense,0.0561518669128418,20,2.090909091,8,7,1,405334016,EleutherAI/pythia-410m,step8,seed6,6,8
It was a well-acted scene.,It was a panoramic scene.,scene,scene,Different Sense,0.054329097270965576,21,2.090909091,8,7,1,405334016,EleutherAI/pythia-410m,step8,seed6,6,8
It was a well-acted scene.,It was a panoramic scene.,scene,scene,Different Sense,0.053571462631225586,22,2.090909091,8,7,1,405334016,EleutherAI/pythia-410m,step8,seed6,6,8
It was a well-acted scene.,It was a panoramic scene.,scene,scene,Different Sense,0.05250513553619385,23,2.090909091,8,7,1,405334016,EleutherAI/pythia-410m,step8,seed6,6,8
It was a well-acted scene.,It was a panoramic scene.,scene,scene,Different Sense,0.05203568935394287,24,2.090909091,8,7,1,405334016,EleutherAI/pythia-410m,step8,seed6,6,8
It was a touching scene.,It was a well-acted scene.,scene,scene,Same Sense,0.0,0,3.857142857,6,8,2,405334016,EleutherAI/pythia-410m,step8,seed6,6,8
It was a touching scene.,It was a well-acted scene.,scene,scene,Same Sense,0.033315300941467285,1,3.857142857,6,8,2,405334016,EleutherAI/pythia-410m,step8,seed6,6,8
It was a touching scene.,It was a well-acted scene.,scene,scene,Same Sense,0.044550955295562744,2,3.857142857,6,8,2,405334016,EleutherAI/pythia-410m,step8,seed6,6,8
It was a touching scene.,It was a well-acted scene.,scene,scene,Same Sense,0.05146914720535278,3,3.857142857,6,8,2,405334016,EleutherAI/pythia-410m,step8,seed6,6,8
It was a touching scene.,It was a well-acted scene.,scene,scene,Same Sense,0.05877566337585449,4,3.857142857,6,8,2,405334016,EleutherAI/pythia-410m,step8,seed6,6,8
It was a touching scene.,It was a well-acted scene.,scene,scene,Same Sense,0.06140023469924927,5,3.857142857,6,8,2,405334016,EleutherAI/pythia-410m,step8,seed6,6,8
It was a touching scene.,It was a well-acted scene.,scene,scene,Same Sense,0.06351947784423828,6,3.857142857,6,8,2,405334016,EleutherAI/pythia-410m,step8,seed6,6,8
It was a touching scene.,It was a well-acted scene.,scene,scene,Same Sense,0.06537938117980957,7,3.857142857,6,8,2,405334016,EleutherAI/pythia-410m,step8,seed6,6,8
It was a touching scene.,It was a well-acted scene.,scene,scene,Same Sense,0.06667464971542358,8,3.857142857,6,8,2,405334016,EleutherAI/pythia-410m,step8,seed6,6,8
It was a touching scene.,It was a well-acted scene.,scene,scene,Same Sense,0.06647777557373047,9,3.857142857,6,8,2,405334016,EleutherAI/pythia-410m,step8,seed6,6,8
It was a touching scene.,It was a well-acted scene.,scene,scene,Same Sense,0.065518319606781,10,3.857142857,6,8,2,405334016,EleutherAI/pythia-410m,step8,seed6,6,8
It was a touching scene.,It was a well-acted scene.,scene,scene,Same Sense,0.0633438229560852,11,3.857142857,6,8,2,405334016,EleutherAI/pythia-410m,step8,seed6,6,8
It was a touching scene.,It was a well-acted scene.,scene,scene,Same Sense,0.06326740980148315,12,3.857142857,6,8,2,405334016,EleutherAI/pythia-410m,step8,seed6,6,8
It was a touching scene.,It was a well-acted scene.,scene,scene,Same Sense,0.06380987167358398,13,3.857142857,6,8,2,405334016,EleutherAI/pythia-410m,step8,seed6,6,8
It was a touching scene.,It was a well-acted scene.,scene,scene,Same Sense,0.0625256896018982,14,3.857142857,6,8,2,405334016,EleutherAI/pythia-410m,step8,seed6,6,8
It was a touching scene.,It was a well-acted scene.,scene,scene,Same Sense,0.061815738677978516,15,3.857142857,6,8,2,405334016,EleutherAI/pythia-410m,step8,seed6,6,8
It was a touching scene.,It was a well-acted scene.,scene,scene,Same Sense,0.06116616725921631,16,3.857142857,6,8,2,405334016,EleutherAI/pythia-410m,step8,seed6,6,8
It was a touching scene.,It was a well-acted scene.,scene,scene,Same Sense,0.06115579605102539,17,3.857142857,6,8,2,405334016,EleutherAI/pythia-410m,step8,seed6,6,8
It was a touching scene.,It was a well-acted scene.,scene,scene,Same Sense,0.060907185077667236,18,3.857142857,6,8,2,405334016,EleutherAI/pythia-410m,step8,seed6,6,8
It was a touching scene.,It was a well-acted scene.,scene,scene,Same Sense,0.05822259187698364,19,3.857142857,6,8,2,405334016,EleutherAI/pythia-410m,step8,seed6,6,8
It was a touching scene.,It was a well-acted scene.,scene,scene,Same Sense,0.057015180587768555,20,3.857142857,6,8,2,405334016,EleutherAI/pythia-410m,step8,seed6,6,8
It was a touching scene.,It was a well-acted scene.,scene,scene,Same Sense,0.055820345878601074,21,3.857142857,6,8,2,405334016,EleutherAI/pythia-410m,step8,seed6,6,8
It was a touching scene.,It was a well-acted scene.,scene,scene,Same Sense,0.05398315191268921,22,3.857142857,6,8,2,405334016,EleutherAI/pythia-410m,step8,seed6,6,8
It was a touching scene.,It was a well-acted scene.,scene,scene,Same Sense,0.05181831121444702,23,3.857142857,6,8,2,405334016,EleutherAI/pythia-410m,step8,seed6,6,8
It was a touching scene.,It was a well-acted scene.,scene,scene,Same Sense,0.05076068639755249,24,3.857142857,6,8,2,405334016,EleutherAI/pythia-410m,step8,seed6,6,8
It was a nature scene.,It was a panoramic scene.,scene,scene,Same Sense,0.0,0,3.714285714,6,7,1,405334016,EleutherAI/pythia-410m,step8,seed6,6,8
It was a nature scene.,It was a panoramic scene.,scene,scene,Same Sense,0.024398744106292725,1,3.714285714,6,7,1,405334016,EleutherAI/pythia-410m,step8,seed6,6,8
It was a nature scene.,It was a panoramic scene.,scene,scene,Same Sense,0.033360421657562256,2,3.714285714,6,7,1,405334016,EleutherAI/pythia-410m,step8,seed6,6,8
It was a nature scene.,It was a panoramic scene.,scene,scene,Same Sense,0.038135647773742676,3,3.714285714,6,7,1,405334016,EleutherAI/pythia-410m,step8,seed6,6,8
It was a nature scene.,It was a panoramic scene.,scene,scene,Same Sense,0.041404128074645996,4,3.714285714,6,7,1,405334016,EleutherAI/pythia-410m,step8,seed6,6,8
It was a nature scene.,It was a panoramic scene.,scene,scene,Same Sense,0.04410785436630249,5,3.714285714,6,7,1,405334016,EleutherAI/pythia-410m,step8,seed6,6,8
It was a nature scene.,It was a panoramic scene.,scene,scene,Same Sense,0.04743462800979614,6,3.714285714,6,7,1,405334016,EleutherAI/pythia-410m,step8,seed6,6,8
It was a nature scene.,It was a panoramic scene.,scene,scene,Same Sense,0.04743248224258423,7,3.714285714,6,7,1,405334016,EleutherAI/pythia-410m,step8,seed6,6,8
It was a nature scene.,It was a panoramic scene.,scene,scene,Same Sense,0.047859787940979004,8,3.714285714,6,7,1,405334016,EleutherAI/pythia-410m,step8,seed6,6,8
It was a nature scene.,It was a panoramic scene.,scene,scene,Same Sense,0.046872079372406006,9,3.714285714,6,7,1,405334016,EleutherAI/pythia-410m,step8,seed6,6,8
It was a nature scene.,It was a panoramic scene.,scene,scene,Same Sense,0.04574382305145264,10,3.714285714,6,7,1,405334016,EleutherAI/pythia-410m,step8,seed6,6,8
It was a nature scene.,It was a panoramic scene.,scene,scene,Same Sense,0.046348392963409424,11,3.714285714,6,7,1,405334016,EleutherAI/pythia-410m,step8,seed6,6,8
It was a nature scene.,It was a panoramic scene.,scene,scene,Same Sense,0.04656362533569336,12,3.714285714,6,7,1,405334016,EleutherAI/pythia-410m,step8,seed6,6,8
It was a nature scene.,It was a panoramic scene.,scene,scene,Same Sense,0.0477752685546875,13,3.714285714,6,7,1,405334016,EleutherAI/pythia-410m,step8,seed6,6,8
It was a nature scene.,It was a panoramic scene.,scene,scene,Same Sense,0.046809494495391846,14,3.714285714,6,7,1,405334016,EleutherAI/pythia-410m,step8,seed6,6,8
It was a nature scene.,It was a panoramic scene.,scene,scene,Same Sense,0.047399282455444336,15,3.714285714,6,7,1,405334016,EleutherAI/pythia-410m,step8,seed6,6,8
It was a nature scene.,It was a panoramic scene.,scene,scene,Same Sense,0.04798483848571777,16,3.714285714,6,7,1,405334016,EleutherAI/pythia-410m,step8,seed6,6,8
It was a nature scene.,It was a panoramic scene.,scene,scene,Same Sense,0.046825945377349854,17,3.714285714,6,7,1,405334016,EleutherAI/pythia-410m,step8,seed6,6,8
It was a nature scene.,It was a panoramic scene.,scene,scene,Same Sense,0.04688262939453125,18,3.714285714,6,7,1,405334016,EleutherAI/pythia-410m,step8,seed6,6,8
It was a nature scene.,It was a panoramic scene.,scene,scene,Same Sense,0.044688522815704346,19,3.714285714,6,7,1,405334016,EleutherAI/pythia-410m,step8,seed6,6,8
It was a nature scene.,It was a panoramic scene.,scene,scene,Same Sense,0.04447019100189209,20,3.714285714,6,7,1,405334016,EleutherAI/pythia-410m,step8,seed6,6,8
It was a nature scene.,It was a panoramic scene.,scene,scene,Same Sense,0.043784916400909424,21,3.714285714,6,7,1,405334016,EleutherAI/pythia-410m,step8,seed6,6,8
It was a nature scene.,It was a panoramic scene.,scene,scene,Same Sense,0.04262453317642212,22,3.714285714,6,7,1,405334016,EleutherAI/pythia-410m,step8,seed6,6,8
It was a nature scene.,It was a panoramic scene.,scene,scene,Same Sense,0.04178231954574585,23,3.714285714,6,7,1,405334016,EleutherAI/pythia-410m,step8,seed6,6,8
It was a nature scene.,It was a panoramic scene.,scene,scene,Same Sense,0.04104059934616089,24,3.714285714,6,7,1,405334016,EleutherAI/pythia-410m,step8,seed6,6,8
It was a gold seal.,It was a circus seal.,seal,seal,Different Sense,0.0,0,0.2,6,6,0,405334016,EleutherAI/pythia-410m,step8,seed6,6,8
It was a gold seal.,It was a circus seal.,seal,seal,Different Sense,0.02285081148147583,1,0.2,6,6,0,405334016,EleutherAI/pythia-410m,step8,seed6,6,8
It was a gold seal.,It was a circus seal.,seal,seal,Different Sense,0.037350594997406006,2,0.2,6,6,0,405334016,EleutherAI/pythia-410m,step8,seed6,6,8
It was a gold seal.,It was a circus seal.,seal,seal,Different Sense,0.04241424798965454,3,0.2,6,6,0,405334016,EleutherAI/pythia-410m,step8,seed6,6,8
It was a gold seal.,It was a circus seal.,seal,seal,Different Sense,0.04416501522064209,4,0.2,6,6,0,405334016,EleutherAI/pythia-410m,step8,seed6,6,8
It was a gold seal.,It was a circus seal.,seal,seal,Different Sense,0.048583805561065674,5,0.2,6,6,0,405334016,EleutherAI/pythia-410m,step8,seed6,6,8
It was a gold seal.,It was a circus seal.,seal,seal,Different Sense,0.04765397310256958,6,0.2,6,6,0,405334016,EleutherAI/pythia-410m,step8,seed6,6,8
It was a gold seal.,It was a circus seal.,seal,seal,Different Sense,0.04700112342834473,7,0.2,6,6,0,405334016,EleutherAI/pythia-410m,step8,seed6,6,8
It was a gold seal.,It was a circus seal.,seal,seal,Different Sense,0.04574906826019287,8,0.2,6,6,0,405334016,EleutherAI/pythia-410m,step8,seed6,6,8
It was a gold seal.,It was a circus seal.,seal,seal,Different Sense,0.044989168643951416,9,0.2,6,6,0,405334016,EleutherAI/pythia-410m,step8,seed6,6,8
It was a gold seal.,It was a circus seal.,seal,seal,Different Sense,0.046938180923461914,10,0.2,6,6,0,405334016,EleutherAI/pythia-410m,step8,seed6,6,8
It was a gold seal.,It was a circus seal.,seal,seal,Different Sense,0.047929227352142334,11,0.2,6,6,0,405334016,EleutherAI/pythia-410m,step8,seed6,6,8
It was a gold seal.,It was a circus seal.,seal,seal,Different Sense,0.04498237371444702,12,0.2,6,6,0,405334016,EleutherAI/pythia-410m,step8,seed6,6,8
It was a gold seal.,It was a circus seal.,seal,seal,Different Sense,0.04601925611495972,13,0.2,6,6,0,405334016,EleutherAI/pythia-410m,step8,seed6,6,8
It was a gold seal.,It was a circus seal.,seal,seal,Different Sense,0.04632973670959473,14,0.2,6,6,0,405334016,EleutherAI/pythia-410m,step8,seed6,6,8
It was a gold seal.,It was a circus seal.,seal,seal,Different Sense,0.04435652494430542,15,0.2,6,6,0,405334016,EleutherAI/pythia-410m,step8,seed6,6,8
It was a gold seal.,It was a circus seal.,seal,seal,Different Sense,0.04363882541656494,16,0.2,6,6,0,405334016,EleutherAI/pythia-410m,step8,seed6,6,8
It was a gold seal.,It was a circus seal.,seal,seal,Different Sense,0.0428888201713562,17,0.2,6,6,0,405334016,EleutherAI/pythia-410m,step8,seed6,6,8
It was a gold seal.,It was a circus seal.,seal,seal,Different Sense,0.04283154010772705,18,0.2,6,6,0,405334016,EleutherAI/pythia-410m,step8,seed6,6,8
It was a gold seal.,It was a circus seal.,seal,seal,Different Sense,0.04208409786224365,19,0.2,6,6,0,405334016,EleutherAI/pythia-410m,step8,seed6,6,8
It was a gold seal.,It was a circus seal.,seal,seal,Different Sense,0.04110908508300781,20,0.2,6,6,0,405334016,EleutherAI/pythia-410m,step8,seed6,6,8
It was a gold seal.,It was a circus seal.,seal,seal,Different Sense,0.04063308238983154,21,0.2,6,6,0,405334016,EleutherAI/pythia-410m,step8,seed6,6,8
It was a gold seal.,It was a circus seal.,seal,seal,Different Sense,0.040640950202941895,22,0.2,6,6,0,405334016,EleutherAI/pythia-410m,step8,seed6,6,8
It was a gold seal.,It was a circus seal.,seal,seal,Different Sense,0.040154457092285156,23,0.2,6,6,0,405334016,EleutherAI/pythia-410m,step8,seed6,6,8
It was a gold seal.,It was a circus seal.,seal,seal,Different Sense,0.03985893726348877,24,0.2,6,6,0,405334016,EleutherAI/pythia-410m,step8,seed6,6,8
It was a gold seal.,It was a trained seal.,seal,seal,Different Sense,0.0,0,0.7,6,6,0,405334016,EleutherAI/pythia-410m,step8,seed6,6,8
It was a gold seal.,It was a trained seal.,seal,seal,Different Sense,0.0218275785446167,1,0.7,6,6,0,405334016,EleutherAI/pythia-410m,step8,seed6,6,8
It was a gold seal.,It was a trained seal.,seal,seal,Different Sense,0.038317859172821045,2,0.7,6,6,0,405334016,EleutherAI/pythia-410m,step8,seed6,6,8
It was a gold seal.,It was a trained seal.,seal,seal,Different Sense,0.0405120849609375,3,0.7,6,6,0,405334016,EleutherAI/pythia-410m,step8,seed6,6,8
It was a gold seal.,It was a trained seal.,seal,seal,Different Sense,0.04361093044281006,4,0.7,6,6,0,405334016,EleutherAI/pythia-410m,step8,seed6,6,8
It was a gold seal.,It was a trained seal.,seal,seal,Different Sense,0.0487065315246582,5,0.7,6,6,0,405334016,EleutherAI/pythia-410m,step8,seed6,6,8
It was a gold seal.,It was a trained seal.,seal,seal,Different Sense,0.04699832201004028,6,0.7,6,6,0,405334016,EleutherAI/pythia-410m,step8,seed6,6,8
It was a gold seal.,It was a trained seal.,seal,seal,Different Sense,0.048923373222351074,7,0.7,6,6,0,405334016,EleutherAI/pythia-410m,step8,seed6,6,8
It was a gold seal.,It was a trained seal.,seal,seal,Different Sense,0.046010732650756836,8,0.7,6,6,0,405334016,EleutherAI/pythia-410m,step8,seed6,6,8
It was a gold seal.,It was a trained seal.,seal,seal,Different Sense,0.0451849102973938,9,0.7,6,6,0,405334016,EleutherAI/pythia-410m,step8,seed6,6,8
It was a gold seal.,It was a trained seal.,seal,seal,Different Sense,0.046414077281951904,10,0.7,6,6,0,405334016,EleutherAI/pythia-410m,step8,seed6,6,8
It was a gold seal.,It was a trained seal.,seal,seal,Different Sense,0.04729193449020386,11,0.7,6,6,0,405334016,EleutherAI/pythia-410m,step8,seed6,6,8
It was a gold seal.,It was a trained seal.,seal,seal,Different Sense,0.04491591453552246,12,0.7,6,6,0,405334016,EleutherAI/pythia-410m,step8,seed6,6,8
It was a gold seal.,It was a trained seal.,seal,seal,Different Sense,0.04565936326980591,13,0.7,6,6,0,405334016,EleutherAI/pythia-410m,step8,seed6,6,8
It was a gold seal.,It was a trained seal.,seal,seal,Different Sense,0.04481440782546997,14,0.7,6,6,0,405334016,EleutherAI/pythia-410m,step8,seed6,6,8
It was a gold seal.,It was a trained seal.,seal,seal,Different Sense,0.04281044006347656,15,0.7,6,6,0,405334016,EleutherAI/pythia-410m,step8,seed6,6,8
It was a gold seal.,It was a trained seal.,seal,seal,Different Sense,0.04300564527511597,16,0.7,6,6,0,405334016,EleutherAI/pythia-410m,step8,seed6,6,8
It was a gold seal.,It was a trained seal.,seal,seal,Different Sense,0.042178988456726074,17,0.7,6,6,0,405334016,EleutherAI/pythia-410m,step8,seed6,6,8
It was a gold seal.,It was a trained seal.,seal,seal,Different Sense,0.04175984859466553,18,0.7,6,6,0,405334016,EleutherAI/pythia-410m,step8,seed6,6,8
It was a gold seal.,It was a trained seal.,seal,seal,Different Sense,0.04132282733917236,19,0.7,6,6,0,405334016,EleutherAI/pythia-410m,step8,seed6,6,8
It was a gold seal.,It was a trained seal.,seal,seal,Different Sense,0.04006403684616089,20,0.7,6,6,0,405334016,EleutherAI/pythia-410m,step8,seed6,6,8
It was a gold seal.,It was a trained seal.,seal,seal,Different Sense,0.03967916965484619,21,0.7,6,6,0,405334016,EleutherAI/pythia-410m,step8,seed6,6,8
It was a gold seal.,It was a trained seal.,seal,seal,Different Sense,0.03878110647201538,22,0.7,6,6,0,405334016,EleutherAI/pythia-410m,step8,seed6,6,8
It was a gold seal.,It was a trained seal.,seal,seal,Different Sense,0.038397133350372314,23,0.7,6,6,0,405334016,EleutherAI/pythia-410m,step8,seed6,6,8
It was a gold seal.,It was a trained seal.,seal,seal,Different Sense,0.038546741008758545,24,0.7,6,6,0,405334016,EleutherAI/pythia-410m,step8,seed6,6,8
It was a certified seal.,It was a circus seal.,seal,seal,Different Sense,0.0,0,0.090909091,6,6,0,405334016,EleutherAI/pythia-410m,step8,seed6,6,8
It was a certified seal.,It was a circus seal.,seal,seal,Different Sense,0.02162843942642212,1,0.090909091,6,6,0,405334016,EleutherAI/pythia-410m,step8,seed6,6,8
It was a certified seal.,It was a circus seal.,seal,seal,Different Sense,0.030708730220794678,2,0.090909091,6,6,0,405334016,EleutherAI/pythia-410m,step8,seed6,6,8
It was a certified seal.,It was a circus seal.,seal,seal,Different Sense,0.03464806079864502,3,0.090909091,6,6,0,405334016,EleutherAI/pythia-410m,step8,seed6,6,8
It was a certified seal.,It was a circus seal.,seal,seal,Different Sense,0.03712129592895508,4,0.090909091,6,6,0,405334016,EleutherAI/pythia-410m,step8,seed6,6,8
It was a certified seal.,It was a circus seal.,seal,seal,Different Sense,0.04009974002838135,5,0.090909091,6,6,0,405334016,EleutherAI/pythia-410m,step8,seed6,6,8
It was a certified seal.,It was a circus seal.,seal,seal,Different Sense,0.041685283184051514,6,0.090909091,6,6,0,405334016,EleutherAI/pythia-410m,step8,seed6,6,8
It was a certified seal.,It was a circus seal.,seal,seal,Different Sense,0.041000425815582275,7,0.090909091,6,6,0,405334016,EleutherAI/pythia-410m,step8,seed6,6,8
It was a certified seal.,It was a circus seal.,seal,seal,Different Sense,0.04021179676055908,8,0.090909091,6,6,0,405334016,EleutherAI/pythia-410m,step8,seed6,6,8
It was a certified seal.,It was a circus seal.,seal,seal,Different Sense,0.04105764627456665,9,0.090909091,6,6,0,405334016,EleutherAI/pythia-410m,step8,seed6,6,8
It was a certified seal.,It was a circus seal.,seal,seal,Different Sense,0.041270315647125244,10,0.090909091,6,6,0,405334016,EleutherAI/pythia-410m,step8,seed6,6,8
It was a certified seal.,It was a circus seal.,seal,seal,Different Sense,0.04149240255355835,11,0.090909091,6,6,0,405334016,EleutherAI/pythia-410m,step8,seed6,6,8
It was a certified seal.,It was a circus seal.,seal,seal,Different Sense,0.040298402309417725,12,0.090909091,6,6,0,405334016,EleutherAI/pythia-410m,step8,seed6,6,8
It was a certified seal.,It was a circus seal.,seal,seal,Different Sense,0.04013854265213013,13,0.090909091,6,6,0,405334016,EleutherAI/pythia-410m,step8,seed6,6,8
It was a certified seal.,It was a circus seal.,seal,seal,Different Sense,0.03920620679855347,14,0.090909091,6,6,0,405334016,EleutherAI/pythia-410m,step8,seed6,6,8
It was a certified seal.,It was a circus seal.,seal,seal,Different Sense,0.037575602531433105,15,0.090909091,6,6,0,405334016,EleutherAI/pythia-410m,step8,seed6,6,8
It was a certified seal.,It was a circus seal.,seal,seal,Different Sense,0.03723955154418945,16,0.090909091,6,6,0,405334016,EleutherAI/pythia-410m,step8,seed6,6,8
It was a certified seal.,It was a circus seal.,seal,seal,Different Sense,0.036499619483947754,17,0.090909091,6,6,0,405334016,EleutherAI/pythia-410m,step8,seed6,6,8
It was a certified seal.,It was a circus seal.,seal,seal,Different Sense,0.03636634349822998,18,0.090909091,6,6,0,405334016,EleutherAI/pythia-410m,step8,seed6,6,8
It was a certified seal.,It was a circus seal.,seal,seal,Different Sense,0.03667449951171875,19,0.090909091,6,6,0,405334016,EleutherAI/pythia-410m,step8,seed6,6,8
It was a certified seal.,It was a circus seal.,seal,seal,Different Sense,0.03533285856246948,20,0.090909091,6,6,0,405334016,EleutherAI/pythia-410m,step8,seed6,6,8
It was a certified seal.,It was a circus seal.,seal,seal,Different Sense,0.03493010997772217,21,0.090909091,6,6,0,405334016,EleutherAI/pythia-410m,step8,seed6,6,8
It was a certified seal.,It was a circus seal.,seal,seal,Different Sense,0.03443044424057007,22,0.090909091,6,6,0,405334016,EleutherAI/pythia-410m,step8,seed6,6,8
It was a certified seal.,It was a circus seal.,seal,seal,Different Sense,0.03307771682739258,23,0.090909091,6,6,0,405334016,EleutherAI/pythia-410m,step8,seed6,6,8
It was a certified seal.,It was a circus seal.,seal,seal,Different Sense,0.03300058841705322,24,0.090909091,6,6,0,405334016,EleutherAI/pythia-410m,step8,seed6,6,8
It was a certified seal.,It was a trained seal.,seal,seal,Different Sense,0.0,0,0.8,6,6,0,405334016,EleutherAI/pythia-410m,step8,seed6,6,8
It was a certified seal.,It was a trained seal.,seal,seal,Different Sense,0.021331489086151123,1,0.8,6,6,0,405334016,EleutherAI/pythia-410m,step8,seed6,6,8
It was a certified seal.,It was a trained seal.,seal,seal,Different Sense,0.03324854373931885,2,0.8,6,6,0,405334016,EleutherAI/pythia-410m,step8,seed6,6,8
It was a certified seal.,It was a trained seal.,seal,seal,Different Sense,0.03848749399185181,3,0.8,6,6,0,405334016,EleutherAI/pythia-410m,step8,seed6,6,8
It was a certified seal.,It was a trained seal.,seal,seal,Different Sense,0.040088117122650146,4,0.8,6,6,0,405334016,EleutherAI/pythia-410m,step8,seed6,6,8
It was a certified seal.,It was a trained seal.,seal,seal,Different Sense,0.043466150760650635,5,0.8,6,6,0,405334016,EleutherAI/pythia-410m,step8,seed6,6,8
It was a certified seal.,It was a trained seal.,seal,seal,Different Sense,0.04439830780029297,6,0.8,6,6,0,405334016,EleutherAI/pythia-410m,step8,seed6,6,8
It was a certified seal.,It was a trained seal.,seal,seal,Different Sense,0.04487532377243042,7,0.8,6,6,0,405334016,EleutherAI/pythia-410m,step8,seed6,6,8
It was a certified seal.,It was a trained seal.,seal,seal,Different Sense,0.04121440649032593,8,0.8,6,6,0,405334016,EleutherAI/pythia-410m,step8,seed6,6,8
It was a certified seal.,It was a trained seal.,seal,seal,Different Sense,0.04079991579055786,9,0.8,6,6,0,405334016,EleutherAI/pythia-410m,step8,seed6,6,8
It was a certified seal.,It was a trained seal.,seal,seal,Different Sense,0.040889620780944824,10,0.8,6,6,0,405334016,EleutherAI/pythia-410m,step8,seed6,6,8
It was a certified seal.,It was a trained seal.,seal,seal,Different Sense,0.041381239891052246,11,0.8,6,6,0,405334016,EleutherAI/pythia-410m,step8,seed6,6,8
It was a certified seal.,It was a trained seal.,seal,seal,Different Sense,0.04192793369293213,12,0.8,6,6,0,405334016,EleutherAI/pythia-410m,step8,seed6,6,8
It was a certified seal.,It was a trained seal.,seal,seal,Different Sense,0.04191011190414429,13,0.8,6,6,0,405334016,EleutherAI/pythia-410m,step8,seed6,6,8
It was a certified seal.,It was a trained seal.,seal,seal,Different Sense,0.04003787040710449,14,0.8,6,6,0,405334016,EleutherAI/pythia-410m,step8,seed6,6,8
It was a certified seal.,It was a trained seal.,seal,seal,Different Sense,0.03883010149002075,15,0.8,6,6,0,405334016,EleutherAI/pythia-410m,step8,seed6,6,8
It was a certified seal.,It was a trained seal.,seal,seal,Different Sense,0.03852134943008423,16,0.8,6,6,0,405334016,EleutherAI/pythia-410m,step8,seed6,6,8
It was a certified seal.,It was a trained seal.,seal,seal,Different Sense,0.0374717116355896,17,0.8,6,6,0,405334016,EleutherAI/pythia-410m,step8,seed6,6,8
It was a certified seal.,It was a trained seal.,seal,seal,Different Sense,0.03728705644607544,18,0.8,6,6,0,405334016,EleutherAI/pythia-410m,step8,seed6,6,8
It was a certified seal.,It was a trained seal.,seal,seal,Different Sense,0.03775757551193237,19,0.8,6,6,0,405334016,EleutherAI/pythia-410m,step8,seed6,6,8
It was a certified seal.,It was a trained seal.,seal,seal,Different Sense,0.0359417200088501,20,0.8,6,6,0,405334016,EleutherAI/pythia-410m,step8,seed6,6,8
It was a certified seal.,It was a trained seal.,seal,seal,Different Sense,0.03658252954483032,21,0.8,6,6,0,405334016,EleutherAI/pythia-410m,step8,seed6,6,8
It was a certified seal.,It was a trained seal.,seal,seal,Different Sense,0.035534441471099854,22,0.8,6,6,0,405334016,EleutherAI/pythia-410m,step8,seed6,6,8
It was a certified seal.,It was a trained seal.,seal,seal,Different Sense,0.03390002250671387,23,0.8,6,6,0,405334016,EleutherAI/pythia-410m,step8,seed6,6,8
It was a certified seal.,It was a trained seal.,seal,seal,Different Sense,0.034306347370147705,24,0.8,6,6,0,405334016,EleutherAI/pythia-410m,step8,seed6,6,8
It was a gold seal.,It was a certified seal.,seal,seal,Same Sense,0.0,0,3.411764706,6,6,0,405334016,EleutherAI/pythia-410m,step8,seed6,6,8
It was a gold seal.,It was a certified seal.,seal,seal,Same Sense,0.019548535346984863,1,3.411764706,6,6,0,405334016,EleutherAI/pythia-410m,step8,seed6,6,8
It was a gold seal.,It was a certified seal.,seal,seal,Same Sense,0.03238785266876221,2,3.411764706,6,6,0,405334016,EleutherAI/pythia-410m,step8,seed6,6,8
It was a gold seal.,It was a certified seal.,seal,seal,Same Sense,0.03554952144622803,3,3.411764706,6,6,0,405334016,EleutherAI/pythia-410m,step8,seed6,6,8
It was a gold seal.,It was a certified seal.,seal,seal,Same Sense,0.0371435284614563,4,3.411764706,6,6,0,405334016,EleutherAI/pythia-410m,step8,seed6,6,8
It was a gold seal.,It was a certified seal.,seal,seal,Same Sense,0.040646910667419434,5,3.411764706,6,6,0,405334016,EleutherAI/pythia-410m,step8,seed6,6,8
It was a gold seal.,It was a certified seal.,seal,seal,Same Sense,0.04043853282928467,6,3.411764706,6,6,0,405334016,EleutherAI/pythia-410m,step8,seed6,6,8
It was a gold seal.,It was a certified seal.,seal,seal,Same Sense,0.04169267416000366,7,3.411764706,6,6,0,405334016,EleutherAI/pythia-410m,step8,seed6,6,8
It was a gold seal.,It was a certified seal.,seal,seal,Same Sense,0.04016238451004028,8,3.411764706,6,6,0,405334016,EleutherAI/pythia-410m,step8,seed6,6,8
It was a gold seal.,It was a certified seal.,seal,seal,Same Sense,0.0410497784614563,9,3.411764706,6,6,0,405334016,EleutherAI/pythia-410m,step8,seed6,6,8
It was a gold seal.,It was a certified seal.,seal,seal,Same Sense,0.042333245277404785,10,3.411764706,6,6,0,405334016,EleutherAI/pythia-410m,step8,seed6,6,8
It was a gold seal.,It was a certified seal.,seal,seal,Same Sense,0.04262709617614746,11,3.411764706,6,6,0,405334016,EleutherAI/pythia-410m,step8,seed6,6,8
It was a gold seal.,It was a certified seal.,seal,seal,Same Sense,0.040726423263549805,12,3.411764706,6,6,0,405334016,EleutherAI/pythia-410m,step8,seed6,6,8
It was a gold seal.,It was a certified seal.,seal,seal,Same Sense,0.04106181859970093,13,3.411764706,6,6,0,405334016,EleutherAI/pythia-410m,step8,seed6,6,8
It was a gold seal.,It was a certified seal.,seal,seal,Same Sense,0.04073220491409302,14,3.411764706,6,6,0,405334016,EleutherAI/pythia-410m,step8,seed6,6,8
It was a gold seal.,It was a certified seal.,seal,seal,Same Sense,0.03924041986465454,15,3.411764706,6,6,0,405334016,EleutherAI/pythia-410m,step8,seed6,6,8
It was a gold seal.,It was a certified seal.,seal,seal,Same Sense,0.038101792335510254,16,3.411764706,6,6,0,405334016,EleutherAI/pythia-410m,step8,seed6,6,8
It was a gold seal.,It was a certified seal.,seal,seal,Same Sense,0.037863314151763916,17,3.411764706,6,6,0,405334016,EleutherAI/pythia-410m,step8,seed6,6,8
It was a gold seal.,It was a certified seal.,seal,seal,Same Sense,0.03750640153884888,18,3.411764706,6,6,0,405334016,EleutherAI/pythia-410m,step8,seed6,6,8
It was a gold seal.,It was a certified seal.,seal,seal,Same Sense,0.037119150161743164,19,3.411764706,6,6,0,405334016,EleutherAI/pythia-410m,step8,seed6,6,8
It was a gold seal.,It was a certified seal.,seal,seal,Same Sense,0.03576529026031494,20,3.411764706,6,6,0,405334016,EleutherAI/pythia-410m,step8,seed6,6,8
It was a gold seal.,It was a certified seal.,seal,seal,Same Sense,0.036383748054504395,21,3.411764706,6,6,0,405334016,EleutherAI/pythia-410m,step8,seed6,6,8
It was a gold seal.,It was a certified seal.,seal,seal,Same Sense,0.03618067502975464,22,3.411764706,6,6,0,405334016,EleutherAI/pythia-410m,step8,seed6,6,8
It was a gold seal.,It was a certified seal.,seal,seal,Same Sense,0.03540557622909546,23,3.411764706,6,6,0,405334016,EleutherAI/pythia-410m,step8,seed6,6,8
It was a gold seal.,It was a certified seal.,seal,seal,Same Sense,0.035143375396728516,24,3.411764706,6,6,0,405334016,EleutherAI/pythia-410m,step8,seed6,6,8
It was a circus seal.,It was a trained seal.,seal,seal,Same Sense,0.0,0,3.625,6,6,0,405334016,EleutherAI/pythia-410m,step8,seed6,6,8
It was a circus seal.,It was a trained seal.,seal,seal,Same Sense,0.022370338439941406,1,3.625,6,6,0,405334016,EleutherAI/pythia-410m,step8,seed6,6,8
It was a circus seal.,It was a trained seal.,seal,seal,Same Sense,0.03334325551986694,2,3.625,6,6,0,405334016,EleutherAI/pythia-410m,step8,seed6,6,8
It was a circus seal.,It was a trained seal.,seal,seal,Same Sense,0.037915170192718506,3,3.625,6,6,0,405334016,EleutherAI/pythia-410m,step8,seed6,6,8
It was a circus seal.,It was a trained seal.,seal,seal,Same Sense,0.03881901502609253,4,3.625,6,6,0,405334016,EleutherAI/pythia-410m,step8,seed6,6,8
It was a circus seal.,It was a trained seal.,seal,seal,Same Sense,0.04419410228729248,5,3.625,6,6,0,405334016,EleutherAI/pythia-410m,step8,seed6,6,8
It was a circus seal.,It was a trained seal.,seal,seal,Same Sense,0.04447627067565918,6,3.625,6,6,0,405334016,EleutherAI/pythia-410m,step8,seed6,6,8
It was a circus seal.,It was a trained seal.,seal,seal,Same Sense,0.045403361320495605,7,3.625,6,6,0,405334016,EleutherAI/pythia-410m,step8,seed6,6,8
It was a circus seal.,It was a trained seal.,seal,seal,Same Sense,0.04142564535140991,8,3.625,6,6,0,405334016,EleutherAI/pythia-410m,step8,seed6,6,8
It was a circus seal.,It was a trained seal.,seal,seal,Same Sense,0.04253840446472168,9,3.625,6,6,0,405334016,EleutherAI/pythia-410m,step8,seed6,6,8
It was a circus seal.,It was a trained seal.,seal,seal,Same Sense,0.04251605272293091,10,3.625,6,6,0,405334016,EleutherAI/pythia-410m,step8,seed6,6,8
It was a circus seal.,It was a trained seal.,seal,seal,Same Sense,0.04256296157836914,11,3.625,6,6,0,405334016,EleutherAI/pythia-410m,step8,seed6,6,8
It was a circus seal.,It was a trained seal.,seal,seal,Same Sense,0.04227340221405029,12,3.625,6,6,0,405334016,EleutherAI/pythia-410m,step8,seed6,6,8
It was a circus seal.,It was a trained seal.,seal,seal,Same Sense,0.042070984840393066,13,3.625,6,6,0,405334016,EleutherAI/pythia-410m,step8,seed6,6,8
It was a circus seal.,It was a trained seal.,seal,seal,Same Sense,0.040231525897979736,14,3.625,6,6,0,405334016,EleutherAI/pythia-410m,step8,seed6,6,8
It was a circus seal.,It was a trained seal.,seal,seal,Same Sense,0.03842628002166748,15,3.625,6,6,0,405334016,EleutherAI/pythia-410m,step8,seed6,6,8
It was a circus seal.,It was a trained seal.,seal,seal,Same Sense,0.03863990306854248,16,3.625,6,6,0,405334016,EleutherAI/pythia-410m,step8,seed6,6,8
It was a circus seal.,It was a trained seal.,seal,seal,Same Sense,0.03710275888442993,17,3.625,6,6,0,405334016,EleutherAI/pythia-410m,step8,seed6,6,8
It was a circus seal.,It was a trained seal.,seal,seal,Same Sense,0.03615415096282959,18,3.625,6,6,0,405334016,EleutherAI/pythia-410m,step8,seed6,6,8
It was a circus seal.,It was a trained seal.,seal,seal,Same Sense,0.03568345308303833,19,3.625,6,6,0,405334016,EleutherAI/pythia-410m,step8,seed6,6,8
It was a circus seal.,It was a trained seal.,seal,seal,Same Sense,0.034309208393096924,20,3.625,6,6,0,405334016,EleutherAI/pythia-410m,step8,seed6,6,8
It was a circus seal.,It was a trained seal.,seal,seal,Same Sense,0.03404402732849121,21,3.625,6,6,0,405334016,EleutherAI/pythia-410m,step8,seed6,6,8
It was a circus seal.,It was a trained seal.,seal,seal,Same Sense,0.03379541635513306,22,3.625,6,6,0,405334016,EleutherAI/pythia-410m,step8,seed6,6,8
It was a circus seal.,It was a trained seal.,seal,seal,Same Sense,0.032822370529174805,23,3.625,6,6,0,405334016,EleutherAI/pythia-410m,step8,seed6,6,8
It was a circus seal.,It was a trained seal.,seal,seal,Same Sense,0.03262770175933838,24,3.625,6,6,0,405334016,EleutherAI/pythia-410m,step8,seed6,6,8
He used the scotch tape.,He used the interview tape.,tape,tape,Different Sense,0.0,0,0.4,8,6,2,405334016,EleutherAI/pythia-410m,step8,seed6,6,8
He used the scotch tape.,He used the interview tape.,tape,tape,Different Sense,0.03401648998260498,1,0.4,8,6,2,405334016,EleutherAI/pythia-410m,step8,seed6,6,8
He used the scotch tape.,He used the interview tape.,tape,tape,Different Sense,0.05685281753540039,2,0.4,8,6,2,405334016,EleutherAI/pythia-410m,step8,seed6,6,8
He used the scotch tape.,He used the interview tape.,tape,tape,Different Sense,0.06428146362304688,3,0.4,8,6,2,405334016,EleutherAI/pythia-410m,step8,seed6,6,8
He used the scotch tape.,He used the interview tape.,tape,tape,Different Sense,0.0684213638305664,4,0.4,8,6,2,405334016,EleutherAI/pythia-410m,step8,seed6,6,8
He used the scotch tape.,He used the interview tape.,tape,tape,Different Sense,0.0738648772239685,5,0.4,8,6,2,405334016,EleutherAI/pythia-410m,step8,seed6,6,8
He used the scotch tape.,He used the interview tape.,tape,tape,Different Sense,0.07852905988693237,6,0.4,8,6,2,405334016,EleutherAI/pythia-410m,step8,seed6,6,8
He used the scotch tape.,He used the interview tape.,tape,tape,Different Sense,0.07542115449905396,7,0.4,8,6,2,405334016,EleutherAI/pythia-410m,step8,seed6,6,8
He used the scotch tape.,He used the interview tape.,tape,tape,Different Sense,0.0737200379371643,8,0.4,8,6,2,405334016,EleutherAI/pythia-410m,step8,seed6,6,8
He used the scotch tape.,He used the interview tape.,tape,tape,Different Sense,0.07357913255691528,9,0.4,8,6,2,405334016,EleutherAI/pythia-410m,step8,seed6,6,8
He used the scotch tape.,He used the interview tape.,tape,tape,Different Sense,0.0757177472114563,10,0.4,8,6,2,405334016,EleutherAI/pythia-410m,step8,seed6,6,8
He used the scotch tape.,He used the interview tape.,tape,tape,Different Sense,0.07771211862564087,11,0.4,8,6,2,405334016,EleutherAI/pythia-410m,step8,seed6,6,8
He used the scotch tape.,He used the interview tape.,tape,tape,Different Sense,0.07849317789077759,12,0.4,8,6,2,405334016,EleutherAI/pythia-410m,step8,seed6,6,8
He used the scotch tape.,He used the interview tape.,tape,tape,Different Sense,0.07857692241668701,13,0.4,8,6,2,405334016,EleutherAI/pythia-410m,step8,seed6,6,8
He used the scotch tape.,He used the interview tape.,tape,tape,Different Sense,0.07650035619735718,14,0.4,8,6,2,405334016,EleutherAI/pythia-410m,step8,seed6,6,8
He used the scotch tape.,He used the interview tape.,tape,tape,Different Sense,0.07680267095565796,15,0.4,8,6,2,405334016,EleutherAI/pythia-410m,step8,seed6,6,8
He used the scotch tape.,He used the interview tape.,tape,tape,Different Sense,0.07319480180740356,16,0.4,8,6,2,405334016,EleutherAI/pythia-410m,step8,seed6,6,8
He used the scotch tape.,He used the interview tape.,tape,tape,Different Sense,0.07433539628982544,17,0.4,8,6,2,405334016,EleutherAI/pythia-410m,step8,seed6,6,8
He used the scotch tape.,He used the interview tape.,tape,tape,Different Sense,0.07396787405014038,18,0.4,8,6,2,405334016,EleutherAI/pythia-410m,step8,seed6,6,8
He used the scotch tape.,He used the interview tape.,tape,tape,Different Sense,0.07147133350372314,19,0.4,8,6,2,405334016,EleutherAI/pythia-410m,step8,seed6,6,8
He used the scotch tape.,He used the interview tape.,tape,tape,Different Sense,0.07058060169219971,20,0.4,8,6,2,405334016,EleutherAI/pythia-410m,step8,seed6,6,8
He used the scotch tape.,He used the interview tape.,tape,tape,Different Sense,0.0690813660621643,21,0.4,8,6,2,405334016,EleutherAI/pythia-410m,step8,seed6,6,8
He used the scotch tape.,He used the interview tape.,tape,tape,Different Sense,0.06721597909927368,22,0.4,8,6,2,405334016,EleutherAI/pythia-410m,step8,seed6,6,8
He used the scotch tape.,He used the interview tape.,tape,tape,Different Sense,0.0657494068145752,23,0.4,8,6,2,405334016,EleutherAI/pythia-410m,step8,seed6,6,8
He used the scotch tape.,He used the interview tape.,tape,tape,Different Sense,0.06419152021408081,24,0.4,8,6,2,405334016,EleutherAI/pythia-410m,step8,seed6,6,8
He used the scotch tape.,He used the video tape.,tape,tape,Different Sense,0.0,0,1.090909091,8,6,2,405334016,EleutherAI/pythia-410m,step8,seed6,6,8
He used the scotch tape.,He used the video tape.,tape,tape,Different Sense,0.036477863788604736,1,1.090909091,8,6,2,405334016,EleutherAI/pythia-410m,step8,seed6,6,8
He used the scotch tape.,He used the video tape.,tape,tape,Different Sense,0.05804926156997681,2,1.090909091,8,6,2,405334016,EleutherAI/pythia-410m,step8,seed6,6,8
He used the scotch tape.,He used the video tape.,tape,tape,Different Sense,0.06500005722045898,3,1.090909091,8,6,2,405334016,EleutherAI/pythia-410m,step8,seed6,6,8
He used the scotch tape.,He used the video tape.,tape,tape,Different Sense,0.06598067283630371,4,1.090909091,8,6,2,405334016,EleutherAI/pythia-410m,step8,seed6,6,8
He used the scotch tape.,He used the video tape.,tape,tape,Different Sense,0.07033157348632812,5,1.090909091,8,6,2,405334016,EleutherAI/pythia-410m,step8,seed6,6,8
He used the scotch tape.,He used the video tape.,tape,tape,Different Sense,0.07319831848144531,6,1.090909091,8,6,2,405334016,EleutherAI/pythia-410m,step8,seed6,6,8
He used the scotch tape.,He used the video tape.,tape,tape,Different Sense,0.07229375839233398,7,1.090909091,8,6,2,405334016,EleutherAI/pythia-410m,step8,seed6,6,8
He used the scotch tape.,He used the video tape.,tape,tape,Different Sense,0.07131785154342651,8,1.090909091,8,6,2,405334016,EleutherAI/pythia-410m,step8,seed6,6,8
He used the scotch tape.,He used the video tape.,tape,tape,Different Sense,0.07264292240142822,9,1.090909091,8,6,2,405334016,EleutherAI/pythia-410m,step8,seed6,6,8
He used the scotch tape.,He used the video tape.,tape,tape,Different Sense,0.07260453701019287,10,1.090909091,8,6,2,405334016,EleutherAI/pythia-410m,step8,seed6,6,8
He used the scotch tape.,He used the video tape.,tape,tape,Different Sense,0.07412540912628174,11,1.090909091,8,6,2,405334016,EleutherAI/pythia-410m,step8,seed6,6,8
He used the scotch tape.,He used the video tape.,tape,tape,Different Sense,0.07485091686248779,12,1.090909091,8,6,2,405334016,EleutherAI/pythia-410m,step8,seed6,6,8
He used the scotch tape.,He used the video tape.,tape,tape,Different Sense,0.073677659034729,13,1.090909091,8,6,2,405334016,EleutherAI/pythia-410m,step8,seed6,6,8
He used the scotch tape.,He used the video tape.,tape,tape,Different Sense,0.07210636138916016,14,1.090909091,8,6,2,405334016,EleutherAI/pythia-410m,step8,seed6,6,8
He used the scotch tape.,He used the video tape.,tape,tape,Different Sense,0.07187366485595703,15,1.090909091,8,6,2,405334016,EleutherAI/pythia-410m,step8,seed6,6,8
He used the scotch tape.,He used the video tape.,tape,tape,Different Sense,0.06852233409881592,16,1.090909091,8,6,2,405334016,EleutherAI/pythia-410m,step8,seed6,6,8
He used the scotch tape.,He used the video tape.,tape,tape,Different Sense,0.06917315721511841,17,1.090909091,8,6,2,405334016,EleutherAI/pythia-410m,step8,seed6,6,8
He used the scotch tape.,He used the video tape.,tape,tape,Different Sense,0.06767326593399048,18,1.090909091,8,6,2,405334016,EleutherAI/pythia-410m,step8,seed6,6,8
He used the scotch tape.,He used the video tape.,tape,tape,Different Sense,0.06638926267623901,19,1.090909091,8,6,2,405334016,EleutherAI/pythia-410m,step8,seed6,6,8
He used the scotch tape.,He used the video tape.,tape,tape,Different Sense,0.06704318523406982,20,1.090909091,8,6,2,405334016,EleutherAI/pythia-410m,step8,seed6,6,8
He used the scotch tape.,He used the video tape.,tape,tape,Different Sense,0.0658840537071228,21,1.090909091,8,6,2,405334016,EleutherAI/pythia-410m,step8,seed6,6,8
He used the scotch tape.,He used the video tape.,tape,tape,Different Sense,0.06437724828720093,22,1.090909091,8,6,2,405334016,EleutherAI/pythia-410m,step8,seed6,6,8
He used the scotch tape.,He used the video tape.,tape,tape,Different Sense,0.06410908699035645,23,1.090909091,8,6,2,405334016,EleutherAI/pythia-410m,step8,seed6,6,8
He used the scotch tape.,He used the video tape.,tape,tape,Different Sense,0.06299841403961182,24,1.090909091,8,6,2,405334016,EleutherAI/pythia-410m,step8,seed6,6,8
He used the double-sided tape.,He used the interview tape.,tape,tape,Different Sense,0.0,0,0.533333333,8,6,2,405334016,EleutherAI/pythia-410m,step8,seed6,6,8
He used the double-sided tape.,He used the interview tape.,tape,tape,Different Sense,0.04199492931365967,1,0.533333333,8,6,2,405334016,EleutherAI/pythia-410m,step8,seed6,6,8
He used the double-sided tape.,He used the interview tape.,tape,tape,Different Sense,0.06613105535507202,2,0.533333333,8,6,2,405334016,EleutherAI/pythia-410m,step8,seed6,6,8
He used the double-sided tape.,He used the interview tape.,tape,tape,Different Sense,0.0744483470916748,3,0.533333333,8,6,2,405334016,EleutherAI/pythia-410m,step8,seed6,6,8
He used the double-sided tape.,He used the interview tape.,tape,tape,Different Sense,0.07599681615829468,4,0.533333333,8,6,2,405334016,EleutherAI/pythia-410m,step8,seed6,6,8
He used the double-sided tape.,He used the interview tape.,tape,tape,Different Sense,0.07902228832244873,5,0.533333333,8,6,2,405334016,EleutherAI/pythia-410m,step8,seed6,6,8
He used the double-sided tape.,He used the interview tape.,tape,tape,Different Sense,0.07869386672973633,6,0.533333333,8,6,2,405334016,EleutherAI/pythia-410m,step8,seed6,6,8
He used the double-sided tape.,He used the interview tape.,tape,tape,Different Sense,0.07453584671020508,7,0.533333333,8,6,2,405334016,EleutherAI/pythia-410m,step8,seed6,6,8
He used the double-sided tape.,He used the interview tape.,tape,tape,Different Sense,0.07412564754486084,8,0.533333333,8,6,2,405334016,EleutherAI/pythia-410m,step8,seed6,6,8
He used the double-sided tape.,He used the interview tape.,tape,tape,Different Sense,0.07208448648452759,9,0.533333333,8,6,2,405334016,EleutherAI/pythia-410m,step8,seed6,6,8
He used the double-sided tape.,He used the interview tape.,tape,tape,Different Sense,0.07200276851654053,10,0.533333333,8,6,2,405334016,EleutherAI/pythia-410m,step8,seed6,6,8
He used the double-sided tape.,He used the interview tape.,tape,tape,Different Sense,0.0715833306312561,11,0.533333333,8,6,2,405334016,EleutherAI/pythia-410m,step8,seed6,6,8
He used the double-sided tape.,He used the interview tape.,tape,tape,Different Sense,0.071830153465271,12,0.533333333,8,6,2,405334016,EleutherAI/pythia-410m,step8,seed6,6,8
He used the double-sided tape.,He used the interview tape.,tape,tape,Different Sense,0.06926220655441284,13,0.533333333,8,6,2,405334016,EleutherAI/pythia-410m,step8,seed6,6,8
He used the double-sided tape.,He used the interview tape.,tape,tape,Different Sense,0.0677756667137146,14,0.533333333,8,6,2,405334016,EleutherAI/pythia-410m,step8,seed6,6,8
He used the double-sided tape.,He used the interview tape.,tape,tape,Different Sense,0.06684422492980957,15,0.533333333,8,6,2,405334016,EleutherAI/pythia-410m,step8,seed6,6,8
He used the double-sided tape.,He used the interview tape.,tape,tape,Different Sense,0.06446772813796997,16,0.533333333,8,6,2,405334016,EleutherAI/pythia-410m,step8,seed6,6,8
He used the double-sided tape.,He used the interview tape.,tape,tape,Different Sense,0.06420648097991943,17,0.533333333,8,6,2,405334016,EleutherAI/pythia-410m,step8,seed6,6,8
He used the double-sided tape.,He used the interview tape.,tape,tape,Different Sense,0.06554925441741943,18,0.533333333,8,6,2,405334016,EleutherAI/pythia-410m,step8,seed6,6,8
He used the double-sided tape.,He used the interview tape.,tape,tape,Different Sense,0.06509822607040405,19,0.533333333,8,6,2,405334016,EleutherAI/pythia-410m,step8,seed6,6,8
He used the double-sided tape.,He used the interview tape.,tape,tape,Different Sense,0.06455105543136597,20,0.533333333,8,6,2,405334016,EleutherAI/pythia-410m,step8,seed6,6,8
He used the double-sided tape.,He used the interview tape.,tape,tape,Different Sense,0.06552618741989136,21,0.533333333,8,6,2,405334016,EleutherAI/pythia-410m,step8,seed6,6,8
He used the double-sided tape.,He used the interview tape.,tape,tape,Different Sense,0.06448650360107422,22,0.533333333,8,6,2,405334016,EleutherAI/pythia-410m,step8,seed6,6,8
He used the double-sided tape.,He used the interview tape.,tape,tape,Different Sense,0.0628405213356018,23,0.533333333,8,6,2,405334016,EleutherAI/pythia-410m,step8,seed6,6,8
He used the double-sided tape.,He used the interview tape.,tape,tape,Different Sense,0.06146883964538574,24,0.533333333,8,6,2,405334016,EleutherAI/pythia-410m,step8,seed6,6,8
He used the double-sided tape.,He used the video tape.,tape,tape,Different Sense,0.0,0,0.571428571,8,6,2,405334016,EleutherAI/pythia-410m,step8,seed6,6,8
He used the double-sided tape.,He used the video tape.,tape,tape,Different Sense,0.04045361280441284,1,0.571428571,8,6,2,405334016,EleutherAI/pythia-410m,step8,seed6,6,8
He used the double-sided tape.,He used the video tape.,tape,tape,Different Sense,0.059154212474823,2,0.571428571,8,6,2,405334016,EleutherAI/pythia-410m,step8,seed6,6,8
He used the double-sided tape.,He used the video tape.,tape,tape,Different Sense,0.06712323427200317,3,0.571428571,8,6,2,405334016,EleutherAI/pythia-410m,step8,seed6,6,8
He used the double-sided tape.,He used the video tape.,tape,tape,Different Sense,0.07165920734405518,4,0.571428571,8,6,2,405334016,EleutherAI/pythia-410m,step8,seed6,6,8
He used the double-sided tape.,He used the video tape.,tape,tape,Different Sense,0.07444608211517334,5,0.571428571,8,6,2,405334016,EleutherAI/pythia-410m,step8,seed6,6,8
He used the double-sided tape.,He used the video tape.,tape,tape,Different Sense,0.07795959711074829,6,0.571428571,8,6,2,405334016,EleutherAI/pythia-410m,step8,seed6,6,8
He used the double-sided tape.,He used the video tape.,tape,tape,Different Sense,0.07465898990631104,7,0.571428571,8,6,2,405334016,EleutherAI/pythia-410m,step8,seed6,6,8
He used the double-sided tape.,He used the video tape.,tape,tape,Different Sense,0.07308954000473022,8,0.571428571,8,6,2,405334016,EleutherAI/pythia-410m,step8,seed6,6,8
He used the double-sided tape.,He used the video tape.,tape,tape,Different Sense,0.07310444116592407,9,0.571428571,8,6,2,405334016,EleutherAI/pythia-410m,step8,seed6,6,8
He used the double-sided tape.,He used the video tape.,tape,tape,Different Sense,0.07333093881607056,10,0.571428571,8,6,2,405334016,EleutherAI/pythia-410m,step8,seed6,6,8
He used the double-sided tape.,He used the video tape.,tape,tape,Different Sense,0.07289767265319824,11,0.571428571,8,6,2,405334016,EleutherAI/pythia-410m,step8,seed6,6,8
He used the double-sided tape.,He used the video tape.,tape,tape,Different Sense,0.07323503494262695,12,0.571428571,8,6,2,405334016,EleutherAI/pythia-410m,step8,seed6,6,8
He used the double-sided tape.,He used the video tape.,tape,tape,Different Sense,0.07195991277694702,13,0.571428571,8,6,2,405334016,EleutherAI/pythia-410m,step8,seed6,6,8
He used the double-sided tape.,He used the video tape.,tape,tape,Different Sense,0.06798535585403442,14,0.571428571,8,6,2,405334016,EleutherAI/pythia-410m,step8,seed6,6,8
He used the double-sided tape.,He used the video tape.,tape,tape,Different Sense,0.0685265064239502,15,0.571428571,8,6,2,405334016,EleutherAI/pythia-410m,step8,seed6,6,8
He used the double-sided tape.,He used the video tape.,tape,tape,Different Sense,0.06730931997299194,16,0.571428571,8,6,2,405334016,EleutherAI/pythia-410m,step8,seed6,6,8
He used the double-sided tape.,He used the video tape.,tape,tape,Different Sense,0.06682223081588745,17,0.571428571,8,6,2,405334016,EleutherAI/pythia-410m,step8,seed6,6,8
He used the double-sided tape.,He used the video tape.,tape,tape,Different Sense,0.06781232357025146,18,0.571428571,8,6,2,405334016,EleutherAI/pythia-410m,step8,seed6,6,8
He used the double-sided tape.,He used the video tape.,tape,tape,Different Sense,0.06632286310195923,19,0.571428571,8,6,2,405334016,EleutherAI/pythia-410m,step8,seed6,6,8
He used the double-sided tape.,He used the video tape.,tape,tape,Different Sense,0.06709957122802734,20,0.571428571,8,6,2,405334016,EleutherAI/pythia-410m,step8,seed6,6,8
He used the double-sided tape.,He used the video tape.,tape,tape,Different Sense,0.06681692600250244,21,0.571428571,8,6,2,405334016,EleutherAI/pythia-410m,step8,seed6,6,8
He used the double-sided tape.,He used the video tape.,tape,tape,Different Sense,0.06544029712677002,22,0.571428571,8,6,2,405334016,EleutherAI/pythia-410m,step8,seed6,6,8
He used the double-sided tape.,He used the video tape.,tape,tape,Different Sense,0.06471753120422363,23,0.571428571,8,6,2,405334016,EleutherAI/pythia-410m,step8,seed6,6,8
He used the double-sided tape.,He used the video tape.,tape,tape,Different Sense,0.0630144476890564,24,0.571428571,8,6,2,405334016,EleutherAI/pythia-410m,step8,seed6,6,8
He used the scotch tape.,He used the double-sided tape.,tape,tape,Same Sense,0.0,0,4.0,8,8,0,405334016,EleutherAI/pythia-410m,step8,seed6,6,8
He used the scotch tape.,He used the double-sided tape.,tape,tape,Same Sense,0.04473602771759033,1,4.0,8,8,0,405334016,EleutherAI/pythia-410m,step8,seed6,6,8
He used the scotch tape.,He used the double-sided tape.,tape,tape,Same Sense,0.06385582685470581,2,4.0,8,8,0,405334016,EleutherAI/pythia-410m,step8,seed6,6,8
He used the scotch tape.,He used the double-sided tape.,tape,tape,Same Sense,0.07854527235031128,3,4.0,8,8,0,405334016,EleutherAI/pythia-410m,step8,seed6,6,8
He used the scotch tape.,He used the double-sided tape.,tape,tape,Same Sense,0.08349400758743286,4,4.0,8,8,0,405334016,EleutherAI/pythia-410m,step8,seed6,6,8
He used the scotch tape.,He used the double-sided tape.,tape,tape,Same Sense,0.08873873949050903,5,4.0,8,8,0,405334016,EleutherAI/pythia-410m,step8,seed6,6,8
He used the scotch tape.,He used the double-sided tape.,tape,tape,Same Sense,0.09536880254745483,6,4.0,8,8,0,405334016,EleutherAI/pythia-410m,step8,seed6,6,8
He used the scotch tape.,He used the double-sided tape.,tape,tape,Same Sense,0.09079188108444214,7,4.0,8,8,0,405334016,EleutherAI/pythia-410m,step8,seed6,6,8
He used the scotch tape.,He used the double-sided tape.,tape,tape,Same Sense,0.0885353684425354,8,4.0,8,8,0,405334016,EleutherAI/pythia-410m,step8,seed6,6,8
He used the scotch tape.,He used the double-sided tape.,tape,tape,Same Sense,0.08689117431640625,9,4.0,8,8,0,405334016,EleutherAI/pythia-410m,step8,seed6,6,8
He used the scotch tape.,He used the double-sided tape.,tape,tape,Same Sense,0.08673971891403198,10,4.0,8,8,0,405334016,EleutherAI/pythia-410m,step8,seed6,6,8
He used the scotch tape.,He used the double-sided tape.,tape,tape,Same Sense,0.08796340227127075,11,4.0,8,8,0,405334016,EleutherAI/pythia-410m,step8,seed6,6,8
He used the scotch tape.,He used the double-sided tape.,tape,tape,Same Sense,0.08675771951675415,12,4.0,8,8,0,405334016,EleutherAI/pythia-410m,step8,seed6,6,8
He used the scotch tape.,He used the double-sided tape.,tape,tape,Same Sense,0.08414489030838013,13,4.0,8,8,0,405334016,EleutherAI/pythia-410m,step8,seed6,6,8
He used the scotch tape.,He used the double-sided tape.,tape,tape,Same Sense,0.08214467763900757,14,4.0,8,8,0,405334016,EleutherAI/pythia-410m,step8,seed6,6,8
He used the scotch tape.,He used the double-sided tape.,tape,tape,Same Sense,0.08123993873596191,15,4.0,8,8,0,405334016,EleutherAI/pythia-410m,step8,seed6,6,8
He used the scotch tape.,He used the double-sided tape.,tape,tape,Same Sense,0.07808369398117065,16,4.0,8,8,0,405334016,EleutherAI/pythia-410m,step8,seed6,6,8
He used the scotch tape.,He used the double-sided tape.,tape,tape,Same Sense,0.07721668481826782,17,4.0,8,8,0,405334016,EleutherAI/pythia-410m,step8,seed6,6,8
He used the scotch tape.,He used the double-sided tape.,tape,tape,Same Sense,0.07635456323623657,18,4.0,8,8,0,405334016,EleutherAI/pythia-410m,step8,seed6,6,8
He used the scotch tape.,He used the double-sided tape.,tape,tape,Same Sense,0.07339221239089966,19,4.0,8,8,0,405334016,EleutherAI/pythia-410m,step8,seed6,6,8
He used the scotch tape.,He used the double-sided tape.,tape,tape,Same Sense,0.07305264472961426,20,4.0,8,8,0,405334016,EleutherAI/pythia-410m,step8,seed6,6,8
He used the scotch tape.,He used the double-sided tape.,tape,tape,Same Sense,0.07076209783554077,21,4.0,8,8,0,405334016,EleutherAI/pythia-410m,step8,seed6,6,8
He used the scotch tape.,He used the double-sided tape.,tape,tape,Same Sense,0.0678524374961853,22,4.0,8,8,0,405334016,EleutherAI/pythia-410m,step8,seed6,6,8
He used the scotch tape.,He used the double-sided tape.,tape,tape,Same Sense,0.06560075283050537,23,4.0,8,8,0,405334016,EleutherAI/pythia-410m,step8,seed6,6,8
He used the scotch tape.,He used the double-sided tape.,tape,tape,Same Sense,0.0650627613067627,24,4.0,8,8,0,405334016,EleutherAI/pythia-410m,step8,seed6,6,8
He used the interview tape.,He used the video tape.,tape,tape,Same Sense,0.0,0,3.444444444,6,6,0,405334016,EleutherAI/pythia-410m,step8,seed6,6,8
He used the interview tape.,He used the video tape.,tape,tape,Same Sense,0.02658921480178833,1,3.444444444,6,6,0,405334016,EleutherAI/pythia-410m,step8,seed6,6,8
He used the interview tape.,He used the video tape.,tape,tape,Same Sense,0.04083573818206787,2,3.444444444,6,6,0,405334016,EleutherAI/pythia-410m,step8,seed6,6,8
He used the interview tape.,He used the video tape.,tape,tape,Same Sense,0.047138214111328125,3,3.444444444,6,6,0,405334016,EleutherAI/pythia-410m,step8,seed6,6,8
He used the interview tape.,He used the video tape.,tape,tape,Same Sense,0.04806959629058838,4,3.444444444,6,6,0,405334016,EleutherAI/pythia-410m,step8,seed6,6,8
He used the interview tape.,He used the video tape.,tape,tape,Same Sense,0.0492321252822876,5,3.444444444,6,6,0,405334016,EleutherAI/pythia-410m,step8,seed6,6,8
He used the interview tape.,He used the video tape.,tape,tape,Same Sense,0.048747479915618896,6,3.444444444,6,6,0,405334016,EleutherAI/pythia-410m,step8,seed6,6,8
He used the interview tape.,He used the video tape.,tape,tape,Same Sense,0.045471251010894775,7,3.444444444,6,6,0,405334016,EleutherAI/pythia-410m,step8,seed6,6,8
He used the interview tape.,He used the video tape.,tape,tape,Same Sense,0.044481873512268066,8,3.444444444,6,6,0,405334016,EleutherAI/pythia-410m,step8,seed6,6,8
He used the interview tape.,He used the video tape.,tape,tape,Same Sense,0.043594956398010254,9,3.444444444,6,6,0,405334016,EleutherAI/pythia-410m,step8,seed6,6,8
He used the interview tape.,He used the video tape.,tape,tape,Same Sense,0.04419499635696411,10,3.444444444,6,6,0,405334016,EleutherAI/pythia-410m,step8,seed6,6,8
He used the interview tape.,He used the video tape.,tape,tape,Same Sense,0.04412877559661865,11,3.444444444,6,6,0,405334016,EleutherAI/pythia-410m,step8,seed6,6,8
He used the interview tape.,He used the video tape.,tape,tape,Same Sense,0.04524260759353638,12,3.444444444,6,6,0,405334016,EleutherAI/pythia-410m,step8,seed6,6,8
He used the interview tape.,He used the video tape.,tape,tape,Same Sense,0.04389315843582153,13,3.444444444,6,6,0,405334016,EleutherAI/pythia-410m,step8,seed6,6,8
He used the interview tape.,He used the video tape.,tape,tape,Same Sense,0.04079645872116089,14,3.444444444,6,6,0,405334016,EleutherAI/pythia-410m,step8,seed6,6,8
He used the interview tape.,He used the video tape.,tape,tape,Same Sense,0.04046076536178589,15,3.444444444,6,6,0,405334016,EleutherAI/pythia-410m,step8,seed6,6,8
He used the interview tape.,He used the video tape.,tape,tape,Same Sense,0.03869897127151489,16,3.444444444,6,6,0,405334016,EleutherAI/pythia-410m,step8,seed6,6,8
He used the interview tape.,He used the video tape.,tape,tape,Same Sense,0.03896534442901611,17,3.444444444,6,6,0,405334016,EleutherAI/pythia-410m,step8,seed6,6,8
He used the interview tape.,He used the video tape.,tape,tape,Same Sense,0.03856533765792847,18,3.444444444,6,6,0,405334016,EleutherAI/pythia-410m,step8,seed6,6,8
He used the interview tape.,He used the video tape.,tape,tape,Same Sense,0.038311898708343506,19,3.444444444,6,6,0,405334016,EleutherAI/pythia-410m,step8,seed6,6,8
He used the interview tape.,He used the video tape.,tape,tape,Same Sense,0.03809928894042969,20,3.444444444,6,6,0,405334016,EleutherAI/pythia-410m,step8,seed6,6,8
He used the interview tape.,He used the video tape.,tape,tape,Same Sense,0.03762131929397583,21,3.444444444,6,6,0,405334016,EleutherAI/pythia-410m,step8,seed6,6,8
He used the interview tape.,He used the video tape.,tape,tape,Same Sense,0.036440253257751465,22,3.444444444,6,6,0,405334016,EleutherAI/pythia-410m,step8,seed6,6,8
He used the interview tape.,He used the video tape.,tape,tape,Same Sense,0.036205291748046875,23,3.444444444,6,6,0,405334016,EleutherAI/pythia-410m,step8,seed6,6,8
He used the interview tape.,He used the video tape.,tape,tape,Same Sense,0.035620927810668945,24,3.444444444,6,6,0,405334016,EleutherAI/pythia-410m,step8,seed6,6,8
It was a winter term.,It was a legal term.,term,term,Different Sense,0.0,0,0.8,6,6,0,405334016,EleutherAI/pythia-410m,step8,seed6,6,8
It was a winter term.,It was a legal term.,term,term,Different Sense,0.024413108825683594,1,0.8,6,6,0,405334016,EleutherAI/pythia-410m,step8,seed6,6,8
It was a winter term.,It was a legal term.,term,term,Different Sense,0.03375554084777832,2,0.8,6,6,0,405334016,EleutherAI/pythia-410m,step8,seed6,6,8
It was a winter term.,It was a legal term.,term,term,Different Sense,0.03507488965988159,3,0.8,6,6,0,405334016,EleutherAI/pythia-410m,step8,seed6,6,8
It was a winter term.,It was a legal term.,term,term,Different Sense,0.03486722707748413,4,0.8,6,6,0,405334016,EleutherAI/pythia-410m,step8,seed6,6,8
It was a winter term.,It was a legal term.,term,term,Different Sense,0.03853648900985718,5,0.8,6,6,0,405334016,EleutherAI/pythia-410m,step8,seed6,6,8
It was a winter term.,It was a legal term.,term,term,Different Sense,0.03982388973236084,6,0.8,6,6,0,405334016,EleutherAI/pythia-410m,step8,seed6,6,8
It was a winter term.,It was a legal term.,term,term,Different Sense,0.03862583637237549,7,0.8,6,6,0,405334016,EleutherAI/pythia-410m,step8,seed6,6,8
It was a winter term.,It was a legal term.,term,term,Different Sense,0.0388416051864624,8,0.8,6,6,0,405334016,EleutherAI/pythia-410m,step8,seed6,6,8
It was a winter term.,It was a legal term.,term,term,Different Sense,0.03854304552078247,9,0.8,6,6,0,405334016,EleutherAI/pythia-410m,step8,seed6,6,8
It was a winter term.,It was a legal term.,term,term,Different Sense,0.038763999938964844,10,0.8,6,6,0,405334016,EleutherAI/pythia-410m,step8,seed6,6,8
It was a winter term.,It was a legal term.,term,term,Different Sense,0.037622153759002686,11,0.8,6,6,0,405334016,EleutherAI/pythia-410m,step8,seed6,6,8
It was a winter term.,It was a legal term.,term,term,Different Sense,0.037098467350006104,12,0.8,6,6,0,405334016,EleutherAI/pythia-410m,step8,seed6,6,8
It was a winter term.,It was a legal term.,term,term,Different Sense,0.03659909963607788,13,0.8,6,6,0,405334016,EleutherAI/pythia-410m,step8,seed6,6,8
It was a winter term.,It was a legal term.,term,term,Different Sense,0.035493433475494385,14,0.8,6,6,0,405334016,EleutherAI/pythia-410m,step8,seed6,6,8
It was a winter term.,It was a legal term.,term,term,Different Sense,0.035259902477264404,15,0.8,6,6,0,405334016,EleutherAI/pythia-410m,step8,seed6,6,8
It was a winter term.,It was a legal term.,term,term,Different Sense,0.03490215539932251,16,0.8,6,6,0,405334016,EleutherAI/pythia-410m,step8,seed6,6,8
It was a winter term.,It was a legal term.,term,term,Different Sense,0.03322845697402954,17,0.8,6,6,0,405334016,EleutherAI/pythia-410m,step8,seed6,6,8
It was a winter term.,It was a legal term.,term,term,Different Sense,0.031233489513397217,18,0.8,6,6,0,405334016,EleutherAI/pythia-410m,step8,seed6,6,8
It was a winter term.,It was a legal term.,term,term,Different Sense,0.02993142604827881,19,0.8,6,6,0,405334016,EleutherAI/pythia-410m,step8,seed6,6,8
It was a winter term.,It was a legal term.,term,term,Different Sense,0.028740406036376953,20,0.8,6,6,0,405334016,EleutherAI/pythia-410m,step8,seed6,6,8
It was a winter term.,It was a legal term.,term,term,Different Sense,0.0290868878364563,21,0.8,6,6,0,405334016,EleutherAI/pythia-410m,step8,seed6,6,8
It was a winter term.,It was a legal term.,term,term,Different Sense,0.02849555015563965,22,0.8,6,6,0,405334016,EleutherAI/pythia-410m,step8,seed6,6,8
It was a winter term.,It was a legal term.,term,term,Different Sense,0.027717113494873047,23,0.8,6,6,0,405334016,EleutherAI/pythia-410m,step8,seed6,6,8
It was a winter term.,It was a legal term.,term,term,Different Sense,0.027468740940093994,24,0.8,6,6,0,405334016,EleutherAI/pythia-410m,step8,seed6,6,8
It was a winter term.,It was a technical term.,term,term,Different Sense,0.0,0,1.2,6,6,0,405334016,EleutherAI/pythia-410m,step8,seed6,6,8
It was a winter term.,It was a technical term.,term,term,Different Sense,0.024962306022644043,1,1.2,6,6,0,405334016,EleutherAI/pythia-410m,step8,seed6,6,8
It was a winter term.,It was a technical term.,term,term,Different Sense,0.03413420915603638,2,1.2,6,6,0,405334016,EleutherAI/pythia-410m,step8,seed6,6,8
It was a winter term.,It was a technical term.,term,term,Different Sense,0.03626203536987305,3,1.2,6,6,0,405334016,EleutherAI/pythia-410m,step8,seed6,6,8
It was a winter term.,It was a technical term.,term,term,Different Sense,0.0372389554977417,4,1.2,6,6,0,405334016,EleutherAI/pythia-410m,step8,seed6,6,8
It was a winter term.,It was a technical term.,term,term,Different Sense,0.03982961177825928,5,1.2,6,6,0,405334016,EleutherAI/pythia-410m,step8,seed6,6,8
It was a winter term.,It was a technical term.,term,term,Different Sense,0.04034465551376343,6,1.2,6,6,0,405334016,EleutherAI/pythia-410m,step8,seed6,6,8
It was a winter term.,It was a technical term.,term,term,Different Sense,0.040141940116882324,7,1.2,6,6,0,405334016,EleutherAI/pythia-410m,step8,seed6,6,8
It was a winter term.,It was a technical term.,term,term,Different Sense,0.04089838266372681,8,1.2,6,6,0,405334016,EleutherAI/pythia-410m,step8,seed6,6,8
It was a winter term.,It was a technical term.,term,term,Different Sense,0.04082167148590088,9,1.2,6,6,0,405334016,EleutherAI/pythia-410m,step8,seed6,6,8
It was a winter term.,It was a technical term.,term,term,Different Sense,0.04048532247543335,10,1.2,6,6,0,405334016,EleutherAI/pythia-410m,step8,seed6,6,8
It was a winter term.,It was a technical term.,term,term,Different Sense,0.0391390323638916,11,1.2,6,6,0,405334016,EleutherAI/pythia-410m,step8,seed6,6,8
It was a winter term.,It was a technical term.,term,term,Different Sense,0.03876906633377075,12,1.2,6,6,0,405334016,EleutherAI/pythia-410m,step8,seed6,6,8
It was a winter term.,It was a technical term.,term,term,Different Sense,0.037620604038238525,13,1.2,6,6,0,405334016,EleutherAI/pythia-410m,step8,seed6,6,8
It was a winter term.,It was a technical term.,term,term,Different Sense,0.035104215145111084,14,1.2,6,6,0,405334016,EleutherAI/pythia-410m,step8,seed6,6,8
It was a winter term.,It was a technical term.,term,term,Different Sense,0.03467071056365967,15,1.2,6,6,0,405334016,EleutherAI/pythia-410m,step8,seed6,6,8
It was a winter term.,It was a technical term.,term,term,Different Sense,0.03466075658798218,16,1.2,6,6,0,405334016,EleutherAI/pythia-410m,step8,seed6,6,8
It was a winter term.,It was a technical term.,term,term,Different Sense,0.03306072950363159,17,1.2,6,6,0,405334016,EleutherAI/pythia-410m,step8,seed6,6,8
It was a winter term.,It was a technical term.,term,term,Different Sense,0.03207927942276001,18,1.2,6,6,0,405334016,EleutherAI/pythia-410m,step8,seed6,6,8
It was a winter term.,It was a technical term.,term,term,Different Sense,0.030447006225585938,19,1.2,6,6,0,405334016,EleutherAI/pythia-410m,step8,seed6,6,8
It was a winter term.,It was a technical term.,term,term,Different Sense,0.02988255023956299,20,1.2,6,6,0,405334016,EleutherAI/pythia-410m,step8,seed6,6,8
It was a winter term.,It was a technical term.,term,term,Different Sense,0.030174314975738525,21,1.2,6,6,0,405334016,EleutherAI/pythia-410m,step8,seed6,6,8
It was a winter term.,It was a technical term.,term,term,Different Sense,0.029295384883880615,22,1.2,6,6,0,405334016,EleutherAI/pythia-410m,step8,seed6,6,8
It was a winter term.,It was a technical term.,term,term,Different Sense,0.028387486934661865,23,1.2,6,6,0,405334016,EleutherAI/pythia-410m,step8,seed6,6,8
It was a winter term.,It was a technical term.,term,term,Different Sense,0.028423607349395752,24,1.2,6,6,0,405334016,EleutherAI/pythia-410m,step8,seed6,6,8
It was a fall term.,It was a legal term.,term,term,Different Sense,0.0,0,0.882352941,6,6,0,405334016,EleutherAI/pythia-410m,step8,seed6,6,8
It was a fall term.,It was a legal term.,term,term,Different Sense,0.02551501989364624,1,0.882352941,6,6,0,405334016,EleutherAI/pythia-410m,step8,seed6,6,8
It was a fall term.,It was a legal term.,term,term,Different Sense,0.036493659019470215,2,0.882352941,6,6,0,405334016,EleutherAI/pythia-410m,step8,seed6,6,8
It was a fall term.,It was a legal term.,term,term,Different Sense,0.04090583324432373,3,0.882352941,6,6,0,405334016,EleutherAI/pythia-410m,step8,seed6,6,8
It was a fall term.,It was a legal term.,term,term,Different Sense,0.04108399152755737,4,0.882352941,6,6,0,405334016,EleutherAI/pythia-410m,step8,seed6,6,8
It was a fall term.,It was a legal term.,term,term,Different Sense,0.04567909240722656,5,0.882352941,6,6,0,405334016,EleutherAI/pythia-410m,step8,seed6,6,8
It was a fall term.,It was a legal term.,term,term,Different Sense,0.044326722621917725,6,0.882352941,6,6,0,405334016,EleutherAI/pythia-410m,step8,seed6,6,8
It was a fall term.,It was a legal term.,term,term,Different Sense,0.04211324453353882,7,0.882352941,6,6,0,405334016,EleutherAI/pythia-410m,step8,seed6,6,8
It was a fall term.,It was a legal term.,term,term,Different Sense,0.041890859603881836,8,0.882352941,6,6,0,405334016,EleutherAI/pythia-410m,step8,seed6,6,8
It was a fall term.,It was a legal term.,term,term,Different Sense,0.0413091778755188,9,0.882352941,6,6,0,405334016,EleutherAI/pythia-410m,step8,seed6,6,8
It was a fall term.,It was a legal term.,term,term,Different Sense,0.041715800762176514,10,0.882352941,6,6,0,405334016,EleutherAI/pythia-410m,step8,seed6,6,8
It was a fall term.,It was a legal term.,term,term,Different Sense,0.03998380899429321,11,0.882352941,6,6,0,405334016,EleutherAI/pythia-410m,step8,seed6,6,8
It was a fall term.,It was a legal term.,term,term,Different Sense,0.03904259204864502,12,0.882352941,6,6,0,405334016,EleutherAI/pythia-410m,step8,seed6,6,8
It was a fall term.,It was a legal term.,term,term,Different Sense,0.039118289947509766,13,0.882352941,6,6,0,405334016,EleutherAI/pythia-410m,step8,seed6,6,8
It was a fall term.,It was a legal term.,term,term,Different Sense,0.037889838218688965,14,0.882352941,6,6,0,405334016,EleutherAI/pythia-410m,step8,seed6,6,8
It was a fall term.,It was a legal term.,term,term,Different Sense,0.03693342208862305,15,0.882352941,6,6,0,405334016,EleutherAI/pythia-410m,step8,seed6,6,8
It was a fall term.,It was a legal term.,term,term,Different Sense,0.03721916675567627,16,0.882352941,6,6,0,405334016,EleutherAI/pythia-410m,step8,seed6,6,8
It was a fall term.,It was a legal term.,term,term,Different Sense,0.03648477792739868,17,0.882352941,6,6,0,405334016,EleutherAI/pythia-410m,step8,seed6,6,8
It was a fall term.,It was a legal term.,term,term,Different Sense,0.03677564859390259,18,0.882352941,6,6,0,405334016,EleutherAI/pythia-410m,step8,seed6,6,8
It was a fall term.,It was a legal term.,term,term,Different Sense,0.03516143560409546,19,0.882352941,6,6,0,405334016,EleutherAI/pythia-410m,step8,seed6,6,8
It was a fall term.,It was a legal term.,term,term,Different Sense,0.03368598222732544,20,0.882352941,6,6,0,405334016,EleutherAI/pythia-410m,step8,seed6,6,8
It was a fall term.,It was a legal term.,term,term,Different Sense,0.03337216377258301,21,0.882352941,6,6,0,405334016,EleutherAI/pythia-410m,step8,seed6,6,8
It was a fall term.,It was a legal term.,term,term,Different Sense,0.032520949840545654,22,0.882352941,6,6,0,405334016,EleutherAI/pythia-410m,step8,seed6,6,8
It was a fall term.,It was a legal term.,term,term,Different Sense,0.031843721866607666,23,0.882352941,6,6,0,405334016,EleutherAI/pythia-410m,step8,seed6,6,8
It was a fall term.,It was a legal term.,term,term,Different Sense,0.03215169906616211,24,0.882352941,6,6,0,405334016,EleutherAI/pythia-410m,step8,seed6,6,8
It was a fall term.,It was a technical term.,term,term,Different Sense,0.0,0,0.545454545,6,6,0,405334016,EleutherAI/pythia-410m,step8,seed6,6,8
It was a fall term.,It was a technical term.,term,term,Different Sense,0.02781730890274048,1,0.545454545,6,6,0,405334016,EleutherAI/pythia-410m,step8,seed6,6,8
It was a fall term.,It was a technical term.,term,term,Different Sense,0.03679078817367554,2,0.545454545,6,6,0,405334016,EleutherAI/pythia-410m,step8,seed6,6,8
It was a fall term.,It was a technical term.,term,term,Different Sense,0.039477527141571045,3,0.545454545,6,6,0,405334016,EleutherAI/pythia-410m,step8,seed6,6,8
It was a fall term.,It was a technical term.,term,term,Different Sense,0.04072660207748413,4,0.545454545,6,6,0,405334016,EleutherAI/pythia-410m,step8,seed6,6,8
It was a fall term.,It was a technical term.,term,term,Different Sense,0.04322218894958496,5,0.545454545,6,6,0,405334016,EleutherAI/pythia-410m,step8,seed6,6,8
It was a fall term.,It was a technical term.,term,term,Different Sense,0.044076502323150635,6,0.545454545,6,6,0,405334016,EleutherAI/pythia-410m,step8,seed6,6,8
It was a fall term.,It was a technical term.,term,term,Different Sense,0.04213881492614746,7,0.545454545,6,6,0,405334016,EleutherAI/pythia-410m,step8,seed6,6,8
It was a fall term.,It was a technical term.,term,term,Different Sense,0.0414772629737854,8,0.545454545,6,6,0,405334016,EleutherAI/pythia-410m,step8,seed6,6,8
It was a fall term.,It was a technical term.,term,term,Different Sense,0.0408935546875,9,0.545454545,6,6,0,405334016,EleutherAI/pythia-410m,step8,seed6,6,8
It was a fall term.,It was a technical term.,term,term,Different Sense,0.04129183292388916,10,0.545454545,6,6,0,405334016,EleutherAI/pythia-410m,step8,seed6,6,8
It was a fall term.,It was a technical term.,term,term,Different Sense,0.04055523872375488,11,0.545454545,6,6,0,405334016,EleutherAI/pythia-410m,step8,seed6,6,8
It was a fall term.,It was a technical term.,term,term,Different Sense,0.040229618549346924,12,0.545454545,6,6,0,405334016,EleutherAI/pythia-410m,step8,seed6,6,8
It was a fall term.,It was a technical term.,term,term,Different Sense,0.0399937629699707,13,0.545454545,6,6,0,405334016,EleutherAI/pythia-410m,step8,seed6,6,8
It was a fall term.,It was a technical term.,term,term,Different Sense,0.03960675001144409,14,0.545454545,6,6,0,405334016,EleutherAI/pythia-410m,step8,seed6,6,8
It was a fall term.,It was a technical term.,term,term,Different Sense,0.03949397802352905,15,0.545454545,6,6,0,405334016,EleutherAI/pythia-410m,step8,seed6,6,8
It was a fall term.,It was a technical term.,term,term,Different Sense,0.039096176624298096,16,0.545454545,6,6,0,405334016,EleutherAI/pythia-410m,step8,seed6,6,8
It was a fall term.,It was a technical term.,term,term,Different Sense,0.03726691007614136,17,0.545454545,6,6,0,405334016,EleutherAI/pythia-410m,step8,seed6,6,8
It was a fall term.,It was a technical term.,term,term,Different Sense,0.03651541471481323,18,0.545454545,6,6,0,405334016,EleutherAI/pythia-410m,step8,seed6,6,8
It was a fall term.,It was a technical term.,term,term,Different Sense,0.03492158651351929,19,0.545454545,6,6,0,405334016,EleutherAI/pythia-410m,step8,seed6,6,8
It was a fall term.,It was a technical term.,term,term,Different Sense,0.0342557430267334,20,0.545454545,6,6,0,405334016,EleutherAI/pythia-410m,step8,seed6,6,8
It was a fall term.,It was a technical term.,term,term,Different Sense,0.03415870666503906,21,0.545454545,6,6,0,405334016,EleutherAI/pythia-410m,step8,seed6,6,8
It was a fall term.,It was a technical term.,term,term,Different Sense,0.03314793109893799,22,0.545454545,6,6,0,405334016,EleutherAI/pythia-410m,step8,seed6,6,8
It was a fall term.,It was a technical term.,term,term,Different Sense,0.0323064923286438,23,0.545454545,6,6,0,405334016,EleutherAI/pythia-410m,step8,seed6,6,8
It was a fall term.,It was a technical term.,term,term,Different Sense,0.03227204084396362,24,0.545454545,6,6,0,405334016,EleutherAI/pythia-410m,step8,seed6,6,8
It was a winter term.,It was a fall term.,term,term,Same Sense,0.0,0,3.916666667,6,6,0,405334016,EleutherAI/pythia-410m,step8,seed6,6,8
It was a winter term.,It was a fall term.,term,term,Same Sense,0.02756112813949585,1,3.916666667,6,6,0,405334016,EleutherAI/pythia-410m,step8,seed6,6,8
It was a winter term.,It was a fall term.,term,term,Same Sense,0.038658082485198975,2,3.916666667,6,6,0,405334016,EleutherAI/pythia-410m,step8,seed6,6,8
It was a winter term.,It was a fall term.,term,term,Same Sense,0.0399402379989624,3,3.916666667,6,6,0,405334016,EleutherAI/pythia-410m,step8,seed6,6,8
It was a winter term.,It was a fall term.,term,term,Same Sense,0.040337562561035156,4,3.916666667,6,6,0,405334016,EleutherAI/pythia-410m,step8,seed6,6,8
It was a winter term.,It was a fall term.,term,term,Same Sense,0.04394543170928955,5,3.916666667,6,6,0,405334016,EleutherAI/pythia-410m,step8,seed6,6,8
It was a winter term.,It was a fall term.,term,term,Same Sense,0.04412180185317993,6,3.916666667,6,6,0,405334016,EleutherAI/pythia-410m,step8,seed6,6,8
It was a winter term.,It was a fall term.,term,term,Same Sense,0.04100149869918823,7,3.916666667,6,6,0,405334016,EleutherAI/pythia-410m,step8,seed6,6,8
It was a winter term.,It was a fall term.,term,term,Same Sense,0.040750861167907715,8,3.916666667,6,6,0,405334016,EleutherAI/pythia-410m,step8,seed6,6,8
It was a winter term.,It was a fall term.,term,term,Same Sense,0.03903234004974365,9,3.916666667,6,6,0,405334016,EleutherAI/pythia-410m,step8,seed6,6,8
It was a winter term.,It was a fall term.,term,term,Same Sense,0.03994166851043701,10,3.916666667,6,6,0,405334016,EleutherAI/pythia-410m,step8,seed6,6,8
It was a winter term.,It was a fall term.,term,term,Same Sense,0.03861188888549805,11,3.916666667,6,6,0,405334016,EleutherAI/pythia-410m,step8,seed6,6,8
It was a winter term.,It was a fall term.,term,term,Same Sense,0.03871232271194458,12,3.916666667,6,6,0,405334016,EleutherAI/pythia-410m,step8,seed6,6,8
It was a winter term.,It was a fall term.,term,term,Same Sense,0.03831547498703003,13,3.916666667,6,6,0,405334016,EleutherAI/pythia-410m,step8,seed6,6,8
It was a winter term.,It was a fall term.,term,term,Same Sense,0.036967337131500244,14,3.916666667,6,6,0,405334016,EleutherAI/pythia-410m,step8,seed6,6,8
It was a winter term.,It was a fall term.,term,term,Same Sense,0.03642195463180542,15,3.916666667,6,6,0,405334016,EleutherAI/pythia-410m,step8,seed6,6,8
It was a winter term.,It was a fall term.,term,term,Same Sense,0.03683394193649292,16,3.916666667,6,6,0,405334016,EleutherAI/pythia-410m,step8,seed6,6,8
It was a winter term.,It was a fall term.,term,term,Same Sense,0.035909950733184814,17,3.916666667,6,6,0,405334016,EleutherAI/pythia-410m,step8,seed6,6,8
It was a winter term.,It was a fall term.,term,term,Same Sense,0.03511500358581543,18,3.916666667,6,6,0,405334016,EleutherAI/pythia-410m,step8,seed6,6,8
It was a winter term.,It was a fall term.,term,term,Same Sense,0.03342825174331665,19,3.916666667,6,6,0,405334016,EleutherAI/pythia-410m,step8,seed6,6,8
It was a winter term.,It was a fall term.,term,term,Same Sense,0.03324335813522339,20,3.916666667,6,6,0,405334016,EleutherAI/pythia-410m,step8,seed6,6,8
It was a winter term.,It was a fall term.,term,term,Same Sense,0.03375649452209473,21,3.916666667,6,6,0,405334016,EleutherAI/pythia-410m,step8,seed6,6,8
It was a winter term.,It was a fall term.,term,term,Same Sense,0.032449543476104736,22,3.916666667,6,6,0,405334016,EleutherAI/pythia-410m,step8,seed6,6,8
It was a winter term.,It was a fall term.,term,term,Same Sense,0.0313381552696228,23,3.916666667,6,6,0,405334016,EleutherAI/pythia-410m,step8,seed6,6,8
It was a winter term.,It was a fall term.,term,term,Same Sense,0.031515419483184814,24,3.916666667,6,6,0,405334016,EleutherAI/pythia-410m,step8,seed6,6,8
It was a legal term.,It was a technical term.,term,term,Same Sense,0.0,0,3.428571429,6,6,0,405334016,EleutherAI/pythia-410m,step8,seed6,6,8
It was a legal term.,It was a technical term.,term,term,Same Sense,0.025178253650665283,1,3.428571429,6,6,0,405334016,EleutherAI/pythia-410m,step8,seed6,6,8
It was a legal term.,It was a technical term.,term,term,Same Sense,0.033721983432769775,2,3.428571429,6,6,0,405334016,EleutherAI/pythia-410m,step8,seed6,6,8
It was a legal term.,It was a technical term.,term,term,Same Sense,0.037811458110809326,3,3.428571429,6,6,0,405334016,EleutherAI/pythia-410m,step8,seed6,6,8
It was a legal term.,It was a technical term.,term,term,Same Sense,0.03925061225891113,4,3.428571429,6,6,0,405334016,EleutherAI/pythia-410m,step8,seed6,6,8
It was a legal term.,It was a technical term.,term,term,Same Sense,0.04094511270523071,5,3.428571429,6,6,0,405334016,EleutherAI/pythia-410m,step8,seed6,6,8
It was a legal term.,It was a technical term.,term,term,Same Sense,0.03946429491043091,6,3.428571429,6,6,0,405334016,EleutherAI/pythia-410m,step8,seed6,6,8
It was a legal term.,It was a technical term.,term,term,Same Sense,0.038436830043792725,7,3.428571429,6,6,0,405334016,EleutherAI/pythia-410m,step8,seed6,6,8
It was a legal term.,It was a technical term.,term,term,Same Sense,0.03974747657775879,8,3.428571429,6,6,0,405334016,EleutherAI/pythia-410m,step8,seed6,6,8
It was a legal term.,It was a technical term.,term,term,Same Sense,0.03848499059677124,9,3.428571429,6,6,0,405334016,EleutherAI/pythia-410m,step8,seed6,6,8
It was a legal term.,It was a technical term.,term,term,Same Sense,0.03765285015106201,10,3.428571429,6,6,0,405334016,EleutherAI/pythia-410m,step8,seed6,6,8
It was a legal term.,It was a technical term.,term,term,Same Sense,0.03759247064590454,11,3.428571429,6,6,0,405334016,EleutherAI/pythia-410m,step8,seed6,6,8
It was a legal term.,It was a technical term.,term,term,Same Sense,0.03728824853897095,12,3.428571429,6,6,0,405334016,EleutherAI/pythia-410m,step8,seed6,6,8
It was a legal term.,It was a technical term.,term,term,Same Sense,0.03690105676651001,13,3.428571429,6,6,0,405334016,EleutherAI/pythia-410m,step8,seed6,6,8
It was a legal term.,It was a technical term.,term,term,Same Sense,0.03542447090148926,14,3.428571429,6,6,0,405334016,EleutherAI/pythia-410m,step8,seed6,6,8
It was a legal term.,It was a technical term.,term,term,Same Sense,0.034940242767333984,15,3.428571429,6,6,0,405334016,EleutherAI/pythia-410m,step8,seed6,6,8
It was a legal term.,It was a technical term.,term,term,Same Sense,0.035232484340667725,16,3.428571429,6,6,0,405334016,EleutherAI/pythia-410m,step8,seed6,6,8
It was a legal term.,It was a technical term.,term,term,Same Sense,0.033616065979003906,17,3.428571429,6,6,0,405334016,EleutherAI/pythia-410m,step8,seed6,6,8
It was a legal term.,It was a technical term.,term,term,Same Sense,0.03260117769241333,18,3.428571429,6,6,0,405334016,EleutherAI/pythia-410m,step8,seed6,6,8
It was a legal term.,It was a technical term.,term,term,Same Sense,0.030688107013702393,19,3.428571429,6,6,0,405334016,EleutherAI/pythia-410m,step8,seed6,6,8
It was a legal term.,It was a technical term.,term,term,Same Sense,0.029643774032592773,20,3.428571429,6,6,0,405334016,EleutherAI/pythia-410m,step8,seed6,6,8
It was a legal term.,It was a technical term.,term,term,Same Sense,0.02994471788406372,21,3.428571429,6,6,0,405334016,EleutherAI/pythia-410m,step8,seed6,6,8
It was a legal term.,It was a technical term.,term,term,Same Sense,0.029370248317718506,22,3.428571429,6,6,0,405334016,EleutherAI/pythia-410m,step8,seed6,6,8
It was a legal term.,It was a technical term.,term,term,Same Sense,0.02867656946182251,23,3.428571429,6,6,0,405334016,EleutherAI/pythia-410m,step8,seed6,6,8
It was a legal term.,It was a technical term.,term,term,Same Sense,0.029095470905303955,24,3.428571429,6,6,0,405334016,EleutherAI/pythia-410m,step8,seed6,6,8
It was a clock tick.,It was a parasitic tick.,tick,tick,Different Sense,0.0,0,0.125,6,6,0,405334016,EleutherAI/pythia-410m,step8,seed6,6,8
It was a clock tick.,It was a parasitic tick.,tick,tick,Different Sense,0.03003627061843872,1,0.125,6,6,0,405334016,EleutherAI/pythia-410m,step8,seed6,6,8
It was a clock tick.,It was a parasitic tick.,tick,tick,Different Sense,0.037291765213012695,2,0.125,6,6,0,405334016,EleutherAI/pythia-410m,step8,seed6,6,8
It was a clock tick.,It was a parasitic tick.,tick,tick,Different Sense,0.038494229316711426,3,0.125,6,6,0,405334016,EleutherAI/pythia-410m,step8,seed6,6,8
It was a clock tick.,It was a parasitic tick.,tick,tick,Different Sense,0.03907942771911621,4,0.125,6,6,0,405334016,EleutherAI/pythia-410m,step8,seed6,6,8
It was a clock tick.,It was a parasitic tick.,tick,tick,Different Sense,0.04130929708480835,5,0.125,6,6,0,405334016,EleutherAI/pythia-410m,step8,seed6,6,8
It was a clock tick.,It was a parasitic tick.,tick,tick,Different Sense,0.0418054461479187,6,0.125,6,6,0,405334016,EleutherAI/pythia-410m,step8,seed6,6,8
It was a clock tick.,It was a parasitic tick.,tick,tick,Different Sense,0.04396456480026245,7,0.125,6,6,0,405334016,EleutherAI/pythia-410m,step8,seed6,6,8
It was a clock tick.,It was a parasitic tick.,tick,tick,Different Sense,0.04222387075424194,8,0.125,6,6,0,405334016,EleutherAI/pythia-410m,step8,seed6,6,8
It was a clock tick.,It was a parasitic tick.,tick,tick,Different Sense,0.04084479808807373,9,0.125,6,6,0,405334016,EleutherAI/pythia-410m,step8,seed6,6,8
It was a clock tick.,It was a parasitic tick.,tick,tick,Different Sense,0.04288220405578613,10,0.125,6,6,0,405334016,EleutherAI/pythia-410m,step8,seed6,6,8
It was a clock tick.,It was a parasitic tick.,tick,tick,Different Sense,0.0431249737739563,11,0.125,6,6,0,405334016,EleutherAI/pythia-410m,step8,seed6,6,8
It was a clock tick.,It was a parasitic tick.,tick,tick,Different Sense,0.04308819770812988,12,0.125,6,6,0,405334016,EleutherAI/pythia-410m,step8,seed6,6,8
It was a clock tick.,It was a parasitic tick.,tick,tick,Different Sense,0.04273802042007446,13,0.125,6,6,0,405334016,EleutherAI/pythia-410m,step8,seed6,6,8
It was a clock tick.,It was a parasitic tick.,tick,tick,Different Sense,0.04078787565231323,14,0.125,6,6,0,405334016,EleutherAI/pythia-410m,step8,seed6,6,8
It was a clock tick.,It was a parasitic tick.,tick,tick,Different Sense,0.039484262466430664,15,0.125,6,6,0,405334016,EleutherAI/pythia-410m,step8,seed6,6,8
It was a clock tick.,It was a parasitic tick.,tick,tick,Different Sense,0.03833645582199097,16,0.125,6,6,0,405334016,EleutherAI/pythia-410m,step8,seed6,6,8
It was a clock tick.,It was a parasitic tick.,tick,tick,Different Sense,0.037720561027526855,17,0.125,6,6,0,405334016,EleutherAI/pythia-410m,step8,seed6,6,8
It was a clock tick.,It was a parasitic tick.,tick,tick,Different Sense,0.036757826805114746,18,0.125,6,6,0,405334016,EleutherAI/pythia-410m,step8,seed6,6,8
It was a clock tick.,It was a parasitic tick.,tick,tick,Different Sense,0.035932719707489014,19,0.125,6,6,0,405334016,EleutherAI/pythia-410m,step8,seed6,6,8
It was a clock tick.,It was a parasitic tick.,tick,tick,Different Sense,0.03453856706619263,20,0.125,6,6,0,405334016,EleutherAI/pythia-410m,step8,seed6,6,8
It was a clock tick.,It was a parasitic tick.,tick,tick,Different Sense,0.03408628702163696,21,0.125,6,6,0,405334016,EleutherAI/pythia-410m,step8,seed6,6,8
It was a clock tick.,It was a parasitic tick.,tick,tick,Different Sense,0.03296178579330444,22,0.125,6,6,0,405334016,EleutherAI/pythia-410m,step8,seed6,6,8
It was a clock tick.,It was a parasitic tick.,tick,tick,Different Sense,0.03269302845001221,23,0.125,6,6,0,405334016,EleutherAI/pythia-410m,step8,seed6,6,8
It was a clock tick.,It was a parasitic tick.,tick,tick,Different Sense,0.032625019550323486,24,0.125,6,6,0,405334016,EleutherAI/pythia-410m,step8,seed6,6,8
It was a clock tick.,It was a diseased tick.,tick,tick,Different Sense,0.0,0,0.166666667,6,6,0,405334016,EleutherAI/pythia-410m,step8,seed6,6,8
It was a clock tick.,It was a diseased tick.,tick,tick,Different Sense,0.025958001613616943,1,0.166666667,6,6,0,405334016,EleutherAI/pythia-410m,step8,seed6,6,8
It was a clock tick.,It was a diseased tick.,tick,tick,Different Sense,0.03668546676635742,2,0.166666667,6,6,0,405334016,EleutherAI/pythia-410m,step8,seed6,6,8
It was a clock tick.,It was a diseased tick.,tick,tick,Different Sense,0.03881043195724487,3,0.166666667,6,6,0,405334016,EleutherAI/pythia-410m,step8,seed6,6,8
It was a clock tick.,It was a diseased tick.,tick,tick,Different Sense,0.04013019800186157,4,0.166666667,6,6,0,405334016,EleutherAI/pythia-410m,step8,seed6,6,8
It was a clock tick.,It was a diseased tick.,tick,tick,Different Sense,0.042715609073638916,5,0.166666667,6,6,0,405334016,EleutherAI/pythia-410m,step8,seed6,6,8
It was a clock tick.,It was a diseased tick.,tick,tick,Different Sense,0.04314619302749634,6,0.166666667,6,6,0,405334016,EleutherAI/pythia-410m,step8,seed6,6,8
It was a clock tick.,It was a diseased tick.,tick,tick,Different Sense,0.04428011178970337,7,0.166666667,6,6,0,405334016,EleutherAI/pythia-410m,step8,seed6,6,8
It was a clock tick.,It was a diseased tick.,tick,tick,Different Sense,0.04386317729949951,8,0.166666667,6,6,0,405334016,EleutherAI/pythia-410m,step8,seed6,6,8
It was a clock tick.,It was a diseased tick.,tick,tick,Different Sense,0.042499005794525146,9,0.166666667,6,6,0,405334016,EleutherAI/pythia-410m,step8,seed6,6,8
It was a clock tick.,It was a diseased tick.,tick,tick,Different Sense,0.043414950370788574,10,0.166666667,6,6,0,405334016,EleutherAI/pythia-410m,step8,seed6,6,8
It was a clock tick.,It was a diseased tick.,tick,tick,Different Sense,0.04477506875991821,11,0.166666667,6,6,0,405334016,EleutherAI/pythia-410m,step8,seed6,6,8
It was a clock tick.,It was a diseased tick.,tick,tick,Different Sense,0.04468882083892822,12,0.166666667,6,6,0,405334016,EleutherAI/pythia-410m,step8,seed6,6,8
It was a clock tick.,It was a diseased tick.,tick,tick,Different Sense,0.043937504291534424,13,0.166666667,6,6,0,405334016,EleutherAI/pythia-410m,step8,seed6,6,8
It was a clock tick.,It was a diseased tick.,tick,tick,Different Sense,0.042251527309417725,14,0.166666667,6,6,0,405334016,EleutherAI/pythia-410m,step8,seed6,6,8
It was a clock tick.,It was a diseased tick.,tick,tick,Different Sense,0.04101663827896118,15,0.166666667,6,6,0,405334016,EleutherAI/pythia-410m,step8,seed6,6,8
It was a clock tick.,It was a diseased tick.,tick,tick,Different Sense,0.039112746715545654,16,0.166666667,6,6,0,405334016,EleutherAI/pythia-410m,step8,seed6,6,8
It was a clock tick.,It was a diseased tick.,tick,tick,Different Sense,0.03788340091705322,17,0.166666667,6,6,0,405334016,EleutherAI/pythia-410m,step8,seed6,6,8
It was a clock tick.,It was a diseased tick.,tick,tick,Different Sense,0.03587692975997925,18,0.166666667,6,6,0,405334016,EleutherAI/pythia-410m,step8,seed6,6,8
It was a clock tick.,It was a diseased tick.,tick,tick,Different Sense,0.03478425741195679,19,0.166666667,6,6,0,405334016,EleutherAI/pythia-410m,step8,seed6,6,8
It was a clock tick.,It was a diseased tick.,tick,tick,Different Sense,0.03407245874404907,20,0.166666667,6,6,0,405334016,EleutherAI/pythia-410m,step8,seed6,6,8
It was a clock tick.,It was a diseased tick.,tick,tick,Different Sense,0.03378254175186157,21,0.166666667,6,6,0,405334016,EleutherAI/pythia-410m,step8,seed6,6,8
It was a clock tick.,It was a diseased tick.,tick,tick,Different Sense,0.03312253952026367,22,0.166666667,6,6,0,405334016,EleutherAI/pythia-410m,step8,seed6,6,8
It was a clock tick.,It was a diseased tick.,tick,tick,Different Sense,0.03208470344543457,23,0.166666667,6,6,0,405334016,EleutherAI/pythia-410m,step8,seed6,6,8
It was a clock tick.,It was a diseased tick.,tick,tick,Different Sense,0.03168630599975586,24,0.166666667,6,6,0,405334016,EleutherAI/pythia-410m,step8,seed6,6,8
It was an audible tick.,It was a parasitic tick.,tick,tick,Different Sense,0.0,0,0.555555556,6,6,0,405334016,EleutherAI/pythia-410m,step8,seed6,6,8
It was an audible tick.,It was a parasitic tick.,tick,tick,Different Sense,0.046925365924835205,1,0.555555556,6,6,0,405334016,EleutherAI/pythia-410m,step8,seed6,6,8
It was an audible tick.,It was a parasitic tick.,tick,tick,Different Sense,0.06568437814712524,2,0.555555556,6,6,0,405334016,EleutherAI/pythia-410m,step8,seed6,6,8
It was an audible tick.,It was a parasitic tick.,tick,tick,Different Sense,0.0752827525138855,3,0.555555556,6,6,0,405334016,EleutherAI/pythia-410m,step8,seed6,6,8
It was an audible tick.,It was a parasitic tick.,tick,tick,Different Sense,0.07708436250686646,4,0.555555556,6,6,0,405334016,EleutherAI/pythia-410m,step8,seed6,6,8
It was an audible tick.,It was a parasitic tick.,tick,tick,Different Sense,0.08160263299942017,5,0.555555556,6,6,0,405334016,EleutherAI/pythia-410m,step8,seed6,6,8
It was an audible tick.,It was a parasitic tick.,tick,tick,Different Sense,0.08897542953491211,6,0.555555556,6,6,0,405334016,EleutherAI/pythia-410m,step8,seed6,6,8
It was an audible tick.,It was a parasitic tick.,tick,tick,Different Sense,0.09140342473983765,7,0.555555556,6,6,0,405334016,EleutherAI/pythia-410m,step8,seed6,6,8
It was an audible tick.,It was a parasitic tick.,tick,tick,Different Sense,0.08898073434829712,8,0.555555556,6,6,0,405334016,EleutherAI/pythia-410m,step8,seed6,6,8
It was an audible tick.,It was a parasitic tick.,tick,tick,Different Sense,0.08455038070678711,9,0.555555556,6,6,0,405334016,EleutherAI/pythia-410m,step8,seed6,6,8
It was an audible tick.,It was a parasitic tick.,tick,tick,Different Sense,0.0883055329322815,10,0.555555556,6,6,0,405334016,EleutherAI/pythia-410m,step8,seed6,6,8
It was an audible tick.,It was a parasitic tick.,tick,tick,Different Sense,0.08801132440567017,11,0.555555556,6,6,0,405334016,EleutherAI/pythia-410m,step8,seed6,6,8
It was an audible tick.,It was a parasitic tick.,tick,tick,Different Sense,0.08636826276779175,12,0.555555556,6,6,0,405334016,EleutherAI/pythia-410m,step8,seed6,6,8
It was an audible tick.,It was a parasitic tick.,tick,tick,Different Sense,0.08848303556442261,13,0.555555556,6,6,0,405334016,EleutherAI/pythia-410m,step8,seed6,6,8
It was an audible tick.,It was a parasitic tick.,tick,tick,Different Sense,0.08489656448364258,14,0.555555556,6,6,0,405334016,EleutherAI/pythia-410m,step8,seed6,6,8
It was an audible tick.,It was a parasitic tick.,tick,tick,Different Sense,0.08321088552474976,15,0.555555556,6,6,0,405334016,EleutherAI/pythia-410m,step8,seed6,6,8
It was an audible tick.,It was a parasitic tick.,tick,tick,Different Sense,0.08170366287231445,16,0.555555556,6,6,0,405334016,EleutherAI/pythia-410m,step8,seed6,6,8
It was an audible tick.,It was a parasitic tick.,tick,tick,Different Sense,0.08024591207504272,17,0.555555556,6,6,0,405334016,EleutherAI/pythia-410m,step8,seed6,6,8
It was an audible tick.,It was a parasitic tick.,tick,tick,Different Sense,0.07906204462051392,18,0.555555556,6,6,0,405334016,EleutherAI/pythia-410m,step8,seed6,6,8
It was an audible tick.,It was a parasitic tick.,tick,tick,Different Sense,0.07738018035888672,19,0.555555556,6,6,0,405334016,EleutherAI/pythia-410m,step8,seed6,6,8
It was an audible tick.,It was a parasitic tick.,tick,tick,Different Sense,0.07644385099411011,20,0.555555556,6,6,0,405334016,EleutherAI/pythia-410m,step8,seed6,6,8
It was an audible tick.,It was a parasitic tick.,tick,tick,Different Sense,0.07400286197662354,21,0.555555556,6,6,0,405334016,EleutherAI/pythia-410m,step8,seed6,6,8
It was an audible tick.,It was a parasitic tick.,tick,tick,Different Sense,0.07087987661361694,22,0.555555556,6,6,0,405334016,EleutherAI/pythia-410m,step8,seed6,6,8
It was an audible tick.,It was a parasitic tick.,tick,tick,Different Sense,0.07052463293075562,23,0.555555556,6,6,0,405334016,EleutherAI/pythia-410m,step8,seed6,6,8
It was an audible tick.,It was a parasitic tick.,tick,tick,Different Sense,0.07104557752609253,24,0.555555556,6,6,0,405334016,EleutherAI/pythia-410m,step8,seed6,6,8
It was an audible tick.,It was a diseased tick.,tick,tick,Different Sense,0.0,0,0.0,6,6,0,405334016,EleutherAI/pythia-410m,step8,seed6,6,8
It was an audible tick.,It was a diseased tick.,tick,tick,Different Sense,0.04729396104812622,1,0.0,6,6,0,405334016,EleutherAI/pythia-410m,step8,seed6,6,8
It was an audible tick.,It was a diseased tick.,tick,tick,Different Sense,0.06746584177017212,2,0.0,6,6,0,405334016,EleutherAI/pythia-410m,step8,seed6,6,8
It was an audible tick.,It was a diseased tick.,tick,tick,Different Sense,0.07895469665527344,3,0.0,6,6,0,405334016,EleutherAI/pythia-410m,step8,seed6,6,8
It was an audible tick.,It was a diseased tick.,tick,tick,Different Sense,0.08324503898620605,4,0.0,6,6,0,405334016,EleutherAI/pythia-410m,step8,seed6,6,8
It was an audible tick.,It was a diseased tick.,tick,tick,Different Sense,0.09127861261367798,5,0.0,6,6,0,405334016,EleutherAI/pythia-410m,step8,seed6,6,8
It was an audible tick.,It was a diseased tick.,tick,tick,Different Sense,0.09475451707839966,6,0.0,6,6,0,405334016,EleutherAI/pythia-410m,step8,seed6,6,8
It was an audible tick.,It was a diseased tick.,tick,tick,Different Sense,0.0974428653717041,7,0.0,6,6,0,405334016,EleutherAI/pythia-410m,step8,seed6,6,8
It was an audible tick.,It was a diseased tick.,tick,tick,Different Sense,0.09679216146469116,8,0.0,6,6,0,405334016,EleutherAI/pythia-410m,step8,seed6,6,8
It was an audible tick.,It was a diseased tick.,tick,tick,Different Sense,0.09746140241622925,9,0.0,6,6,0,405334016,EleutherAI/pythia-410m,step8,seed6,6,8
It was an audible tick.,It was a diseased tick.,tick,tick,Different Sense,0.09846079349517822,10,0.0,6,6,0,405334016,EleutherAI/pythia-410m,step8,seed6,6,8
It was an audible tick.,It was a diseased tick.,tick,tick,Different Sense,0.0979757308959961,11,0.0,6,6,0,405334016,EleutherAI/pythia-410m,step8,seed6,6,8
It was an audible tick.,It was a diseased tick.,tick,tick,Different Sense,0.09520041942596436,12,0.0,6,6,0,405334016,EleutherAI/pythia-410m,step8,seed6,6,8
It was an audible tick.,It was a diseased tick.,tick,tick,Different Sense,0.09524881839752197,13,0.0,6,6,0,405334016,EleutherAI/pythia-410m,step8,seed6,6,8
It was an audible tick.,It was a diseased tick.,tick,tick,Different Sense,0.09178274869918823,14,0.0,6,6,0,405334016,EleutherAI/pythia-410m,step8,seed6,6,8
It was an audible tick.,It was a diseased tick.,tick,tick,Different Sense,0.0882461667060852,15,0.0,6,6,0,405334016,EleutherAI/pythia-410m,step8,seed6,6,8
It was an audible tick.,It was a diseased tick.,tick,tick,Different Sense,0.08638656139373779,16,0.0,6,6,0,405334016,EleutherAI/pythia-410m,step8,seed6,6,8
It was an audible tick.,It was a diseased tick.,tick,tick,Different Sense,0.08587294816970825,17,0.0,6,6,0,405334016,EleutherAI/pythia-410m,step8,seed6,6,8
It was an audible tick.,It was a diseased tick.,tick,tick,Different Sense,0.08277499675750732,18,0.0,6,6,0,405334016,EleutherAI/pythia-410m,step8,seed6,6,8
It was an audible tick.,It was a diseased tick.,tick,tick,Different Sense,0.0801575779914856,19,0.0,6,6,0,405334016,EleutherAI/pythia-410m,step8,seed6,6,8
It was an audible tick.,It was a diseased tick.,tick,tick,Different Sense,0.07857179641723633,20,0.0,6,6,0,405334016,EleutherAI/pythia-410m,step8,seed6,6,8
It was an audible tick.,It was a diseased tick.,tick,tick,Different Sense,0.07648706436157227,21,0.0,6,6,0,405334016,EleutherAI/pythia-410m,step8,seed6,6,8
It was an audible tick.,It was a diseased tick.,tick,tick,Different Sense,0.07468169927597046,22,0.0,6,6,0,405334016,EleutherAI/pythia-410m,step8,seed6,6,8
It was an audible tick.,It was a diseased tick.,tick,tick,Different Sense,0.07441312074661255,23,0.0,6,6,0,405334016,EleutherAI/pythia-410m,step8,seed6,6,8
It was an audible tick.,It was a diseased tick.,tick,tick,Different Sense,0.07536870241165161,24,0.0,6,6,0,405334016,EleutherAI/pythia-410m,step8,seed6,6,8
It was a clock tick.,It was an audible tick.,tick,tick,Same Sense,0.0,0,2.555555556,6,6,0,405334016,EleutherAI/pythia-410m,step8,seed6,6,8
It was a clock tick.,It was an audible tick.,tick,tick,Same Sense,0.05075633525848389,1,2.555555556,6,6,0,405334016,EleutherAI/pythia-410m,step8,seed6,6,8
It was a clock tick.,It was an audible tick.,tick,tick,Same Sense,0.07710862159729004,2,2.555555556,6,6,0,405334016,EleutherAI/pythia-410m,step8,seed6,6,8
It was a clock tick.,It was an audible tick.,tick,tick,Same Sense,0.08492052555084229,3,2.555555556,6,6,0,405334016,EleutherAI/pythia-410m,step8,seed6,6,8
It was a clock tick.,It was an audible tick.,tick,tick,Same Sense,0.09004592895507812,4,2.555555556,6,6,0,405334016,EleutherAI/pythia-410m,step8,seed6,6,8
It was a clock tick.,It was an audible tick.,tick,tick,Same Sense,0.09590369462966919,5,2.555555556,6,6,0,405334016,EleutherAI/pythia-410m,step8,seed6,6,8
It was a clock tick.,It was an audible tick.,tick,tick,Same Sense,0.09861487150192261,6,2.555555556,6,6,0,405334016,EleutherAI/pythia-410m,step8,seed6,6,8
It was a clock tick.,It was an audible tick.,tick,tick,Same Sense,0.10298562049865723,7,2.555555556,6,6,0,405334016,EleutherAI/pythia-410m,step8,seed6,6,8
It was a clock tick.,It was an audible tick.,tick,tick,Same Sense,0.10015195608139038,8,2.555555556,6,6,0,405334016,EleutherAI/pythia-410m,step8,seed6,6,8
It was a clock tick.,It was an audible tick.,tick,tick,Same Sense,0.09565842151641846,9,2.555555556,6,6,0,405334016,EleutherAI/pythia-410m,step8,seed6,6,8
It was a clock tick.,It was an audible tick.,tick,tick,Same Sense,0.09772175550460815,10,2.555555556,6,6,0,405334016,EleutherAI/pythia-410m,step8,seed6,6,8
It was a clock tick.,It was an audible tick.,tick,tick,Same Sense,0.09923422336578369,11,2.555555556,6,6,0,405334016,EleutherAI/pythia-410m,step8,seed6,6,8
It was a clock tick.,It was an audible tick.,tick,tick,Same Sense,0.09665149450302124,12,2.555555556,6,6,0,405334016,EleutherAI/pythia-410m,step8,seed6,6,8
It was a clock tick.,It was an audible tick.,tick,tick,Same Sense,0.09598207473754883,13,2.555555556,6,6,0,405334016,EleutherAI/pythia-410m,step8,seed6,6,8
It was a clock tick.,It was an audible tick.,tick,tick,Same Sense,0.09381598234176636,14,2.555555556,6,6,0,405334016,EleutherAI/pythia-410m,step8,seed6,6,8
It was a clock tick.,It was an audible tick.,tick,tick,Same Sense,0.08909118175506592,15,2.555555556,6,6,0,405334016,EleutherAI/pythia-410m,step8,seed6,6,8
It was a clock tick.,It was an audible tick.,tick,tick,Same Sense,0.08717596530914307,16,2.555555556,6,6,0,405334016,EleutherAI/pythia-410m,step8,seed6,6,8
It was a clock tick.,It was an audible tick.,tick,tick,Same Sense,0.08486640453338623,17,2.555555556,6,6,0,405334016,EleutherAI/pythia-410m,step8,seed6,6,8
It was a clock tick.,It was an audible tick.,tick,tick,Same Sense,0.08461874723434448,18,2.555555556,6,6,0,405334016,EleutherAI/pythia-410m,step8,seed6,6,8
It was a clock tick.,It was an audible tick.,tick,tick,Same Sense,0.08444052934646606,19,2.555555556,6,6,0,405334016,EleutherAI/pythia-410m,step8,seed6,6,8
It was a clock tick.,It was an audible tick.,tick,tick,Same Sense,0.08286064863204956,20,2.555555556,6,6,0,405334016,EleutherAI/pythia-410m,step8,seed6,6,8
It was a clock tick.,It was an audible tick.,tick,tick,Same Sense,0.08010709285736084,21,2.555555556,6,6,0,405334016,EleutherAI/pythia-410m,step8,seed6,6,8
It was a clock tick.,It was an audible tick.,tick,tick,Same Sense,0.07715868949890137,22,2.555555556,6,6,0,405334016,EleutherAI/pythia-410m,step8,seed6,6,8
It was a clock tick.,It was an audible tick.,tick,tick,Same Sense,0.07624238729476929,23,2.555555556,6,6,0,405334016,EleutherAI/pythia-410m,step8,seed6,6,8
It was a clock tick.,It was an audible tick.,tick,tick,Same Sense,0.07635509967803955,24,2.555555556,6,6,0,405334016,EleutherAI/pythia-410m,step8,seed6,6,8
It was a parasitic tick.,It was a diseased tick.,tick,tick,Same Sense,0.0,0,3.75,6,6,0,405334016,EleutherAI/pythia-410m,step8,seed6,6,8
It was a parasitic tick.,It was a diseased tick.,tick,tick,Same Sense,0.028392016887664795,1,3.75,6,6,0,405334016,EleutherAI/pythia-410m,step8,seed6,6,8
It was a parasitic tick.,It was a diseased tick.,tick,tick,Same Sense,0.036433279514312744,2,3.75,6,6,0,405334016,EleutherAI/pythia-410m,step8,seed6,6,8
It was a parasitic tick.,It was a diseased tick.,tick,tick,Same Sense,0.04246252775192261,3,3.75,6,6,0,405334016,EleutherAI/pythia-410m,step8,seed6,6,8
It was a parasitic tick.,It was a diseased tick.,tick,tick,Same Sense,0.042842984199523926,4,3.75,6,6,0,405334016,EleutherAI/pythia-410m,step8,seed6,6,8
It was a parasitic tick.,It was a diseased tick.,tick,tick,Same Sense,0.04447019100189209,5,3.75,6,6,0,405334016,EleutherAI/pythia-410m,step8,seed6,6,8
It was a parasitic tick.,It was a diseased tick.,tick,tick,Same Sense,0.0448148250579834,6,3.75,6,6,0,405334016,EleutherAI/pythia-410m,step8,seed6,6,8
It was a parasitic tick.,It was a diseased tick.,tick,tick,Same Sense,0.04479855298995972,7,3.75,6,6,0,405334016,EleutherAI/pythia-410m,step8,seed6,6,8
It was a parasitic tick.,It was a diseased tick.,tick,tick,Same Sense,0.04312694072723389,8,3.75,6,6,0,405334016,EleutherAI/pythia-410m,step8,seed6,6,8
It was a parasitic tick.,It was a diseased tick.,tick,tick,Same Sense,0.04170835018157959,9,3.75,6,6,0,405334016,EleutherAI/pythia-410m,step8,seed6,6,8
It was a parasitic tick.,It was a diseased tick.,tick,tick,Same Sense,0.042597949504852295,10,3.75,6,6,0,405334016,EleutherAI/pythia-410m,step8,seed6,6,8
It was a parasitic tick.,It was a diseased tick.,tick,tick,Same Sense,0.04258459806442261,11,3.75,6,6,0,405334016,EleutherAI/pythia-410m,step8,seed6,6,8
It was a parasitic tick.,It was a diseased tick.,tick,tick,Same Sense,0.0418052077293396,12,3.75,6,6,0,405334016,EleutherAI/pythia-410m,step8,seed6,6,8
It was a parasitic tick.,It was a diseased tick.,tick,tick,Same Sense,0.04102206230163574,13,3.75,6,6,0,405334016,EleutherAI/pythia-410m,step8,seed6,6,8
It was a parasitic tick.,It was a diseased tick.,tick,tick,Same Sense,0.039715349674224854,14,3.75,6,6,0,405334016,EleutherAI/pythia-410m,step8,seed6,6,8
It was a parasitic tick.,It was a diseased tick.,tick,tick,Same Sense,0.03793764114379883,15,3.75,6,6,0,405334016,EleutherAI/pythia-410m,step8,seed6,6,8
It was a parasitic tick.,It was a diseased tick.,tick,tick,Same Sense,0.03695863485336304,16,3.75,6,6,0,405334016,EleutherAI/pythia-410m,step8,seed6,6,8
It was a parasitic tick.,It was a diseased tick.,tick,tick,Same Sense,0.03712040185928345,17,3.75,6,6,0,405334016,EleutherAI/pythia-410m,step8,seed6,6,8
It was a parasitic tick.,It was a diseased tick.,tick,tick,Same Sense,0.03609949350357056,18,3.75,6,6,0,405334016,EleutherAI/pythia-410m,step8,seed6,6,8
It was a parasitic tick.,It was a diseased tick.,tick,tick,Same Sense,0.0343555212020874,19,3.75,6,6,0,405334016,EleutherAI/pythia-410m,step8,seed6,6,8
It was a parasitic tick.,It was a diseased tick.,tick,tick,Same Sense,0.03387749195098877,20,3.75,6,6,0,405334016,EleutherAI/pythia-410m,step8,seed6,6,8
It was a parasitic tick.,It was a diseased tick.,tick,tick,Same Sense,0.03349250555038452,21,3.75,6,6,0,405334016,EleutherAI/pythia-410m,step8,seed6,6,8
It was a parasitic tick.,It was a diseased tick.,tick,tick,Same Sense,0.03260010480880737,22,3.75,6,6,0,405334016,EleutherAI/pythia-410m,step8,seed6,6,8
It was a parasitic tick.,It was a diseased tick.,tick,tick,Same Sense,0.03214651346206665,23,3.75,6,6,0,405334016,EleutherAI/pythia-410m,step8,seed6,6,8
It was a parasitic tick.,It was a diseased tick.,tick,tick,Same Sense,0.03232544660568237,24,3.75,6,6,0,405334016,EleutherAI/pythia-410m,step8,seed6,6,8
It was a generous tip.,It was a pencil tip.,tip,tip,Different Sense,0.0,0,0.125,6,6,0,405334016,EleutherAI/pythia-410m,step8,seed6,6,8
It was a generous tip.,It was a pencil tip.,tip,tip,Different Sense,0.023106873035430908,1,0.125,6,6,0,405334016,EleutherAI/pythia-410m,step8,seed6,6,8
It was a generous tip.,It was a pencil tip.,tip,tip,Different Sense,0.02971172332763672,2,0.125,6,6,0,405334016,EleutherAI/pythia-410m,step8,seed6,6,8
It was a generous tip.,It was a pencil tip.,tip,tip,Different Sense,0.032256126403808594,3,0.125,6,6,0,405334016,EleutherAI/pythia-410m,step8,seed6,6,8
It was a generous tip.,It was a pencil tip.,tip,tip,Different Sense,0.03415423631668091,4,0.125,6,6,0,405334016,EleutherAI/pythia-410m,step8,seed6,6,8
It was a generous tip.,It was a pencil tip.,tip,tip,Different Sense,0.03701382875442505,5,0.125,6,6,0,405334016,EleutherAI/pythia-410m,step8,seed6,6,8
It was a generous tip.,It was a pencil tip.,tip,tip,Different Sense,0.03689223527908325,6,0.125,6,6,0,405334016,EleutherAI/pythia-410m,step8,seed6,6,8
It was a generous tip.,It was a pencil tip.,tip,tip,Different Sense,0.034565746784210205,7,0.125,6,6,0,405334016,EleutherAI/pythia-410m,step8,seed6,6,8
It was a generous tip.,It was a pencil tip.,tip,tip,Different Sense,0.03415590524673462,8,0.125,6,6,0,405334016,EleutherAI/pythia-410m,step8,seed6,6,8
It was a generous tip.,It was a pencil tip.,tip,tip,Different Sense,0.03389674425125122,9,0.125,6,6,0,405334016,EleutherAI/pythia-410m,step8,seed6,6,8
It was a generous tip.,It was a pencil tip.,tip,tip,Different Sense,0.03222864866256714,10,0.125,6,6,0,405334016,EleutherAI/pythia-410m,step8,seed6,6,8
It was a generous tip.,It was a pencil tip.,tip,tip,Different Sense,0.03013479709625244,11,0.125,6,6,0,405334016,EleutherAI/pythia-410m,step8,seed6,6,8
It was a generous tip.,It was a pencil tip.,tip,tip,Different Sense,0.030355989933013916,12,0.125,6,6,0,405334016,EleutherAI/pythia-410m,step8,seed6,6,8
It was a generous tip.,It was a pencil tip.,tip,tip,Different Sense,0.030306756496429443,13,0.125,6,6,0,405334016,EleutherAI/pythia-410m,step8,seed6,6,8
It was a generous tip.,It was a pencil tip.,tip,tip,Different Sense,0.030334055423736572,14,0.125,6,6,0,405334016,EleutherAI/pythia-410m,step8,seed6,6,8
It was a generous tip.,It was a pencil tip.,tip,tip,Different Sense,0.03144925832748413,15,0.125,6,6,0,405334016,EleutherAI/pythia-410m,step8,seed6,6,8
It was a generous tip.,It was a pencil tip.,tip,tip,Different Sense,0.03112584352493286,16,0.125,6,6,0,405334016,EleutherAI/pythia-410m,step8,seed6,6,8
It was a generous tip.,It was a pencil tip.,tip,tip,Different Sense,0.03025299310684204,17,0.125,6,6,0,405334016,EleutherAI/pythia-410m,step8,seed6,6,8
It was a generous tip.,It was a pencil tip.,tip,tip,Different Sense,0.03035944700241089,18,0.125,6,6,0,405334016,EleutherAI/pythia-410m,step8,seed6,6,8
It was a generous tip.,It was a pencil tip.,tip,tip,Different Sense,0.028754055500030518,19,0.125,6,6,0,405334016,EleutherAI/pythia-410m,step8,seed6,6,8
It was a generous tip.,It was a pencil tip.,tip,tip,Different Sense,0.028345704078674316,20,0.125,6,6,0,405334016,EleutherAI/pythia-410m,step8,seed6,6,8
It was a generous tip.,It was a pencil tip.,tip,tip,Different Sense,0.02797532081604004,21,0.125,6,6,0,405334016,EleutherAI/pythia-410m,step8,seed6,6,8
It was a generous tip.,It was a pencil tip.,tip,tip,Different Sense,0.027139604091644287,22,0.125,6,6,0,405334016,EleutherAI/pythia-410m,step8,seed6,6,8
It was a generous tip.,It was a pencil tip.,tip,tip,Different Sense,0.026477813720703125,23,0.125,6,6,0,405334016,EleutherAI/pythia-410m,step8,seed6,6,8
It was a generous tip.,It was a pencil tip.,tip,tip,Different Sense,0.026399552822113037,24,0.125,6,6,0,405334016,EleutherAI/pythia-410m,step8,seed6,6,8
It was a generous tip.,It was a finger tip.,tip,tip,Different Sense,0.0,0,0.1,6,6,0,405334016,EleutherAI/pythia-410m,step8,seed6,6,8
It was a generous tip.,It was a finger tip.,tip,tip,Different Sense,0.026840567588806152,1,0.1,6,6,0,405334016,EleutherAI/pythia-410m,step8,seed6,6,8
It was a generous tip.,It was a finger tip.,tip,tip,Different Sense,0.03498619794845581,2,0.1,6,6,0,405334016,EleutherAI/pythia-410m,step8,seed6,6,8
It was a generous tip.,It was a finger tip.,tip,tip,Different Sense,0.038871705532073975,3,0.1,6,6,0,405334016,EleutherAI/pythia-410m,step8,seed6,6,8
It was a generous tip.,It was a finger tip.,tip,tip,Different Sense,0.03820979595184326,4,0.1,6,6,0,405334016,EleutherAI/pythia-410m,step8,seed6,6,8
It was a generous tip.,It was a finger tip.,tip,tip,Different Sense,0.039640963077545166,5,0.1,6,6,0,405334016,EleutherAI/pythia-410m,step8,seed6,6,8
It was a generous tip.,It was a finger tip.,tip,tip,Different Sense,0.04180043935775757,6,0.1,6,6,0,405334016,EleutherAI/pythia-410m,step8,seed6,6,8
It was a generous tip.,It was a finger tip.,tip,tip,Different Sense,0.04076278209686279,7,0.1,6,6,0,405334016,EleutherAI/pythia-410m,step8,seed6,6,8
It was a generous tip.,It was a finger tip.,tip,tip,Different Sense,0.03997570276260376,8,0.1,6,6,0,405334016,EleutherAI/pythia-410m,step8,seed6,6,8
It was a generous tip.,It was a finger tip.,tip,tip,Different Sense,0.038931190967559814,9,0.1,6,6,0,405334016,EleutherAI/pythia-410m,step8,seed6,6,8
It was a generous tip.,It was a finger tip.,tip,tip,Different Sense,0.03973877429962158,10,0.1,6,6,0,405334016,EleutherAI/pythia-410m,step8,seed6,6,8
It was a generous tip.,It was a finger tip.,tip,tip,Different Sense,0.038435935974121094,11,0.1,6,6,0,405334016,EleutherAI/pythia-410m,step8,seed6,6,8
It was a generous tip.,It was a finger tip.,tip,tip,Different Sense,0.037168681621551514,12,0.1,6,6,0,405334016,EleutherAI/pythia-410m,step8,seed6,6,8
It was a generous tip.,It was a finger tip.,tip,tip,Different Sense,0.03698784112930298,13,0.1,6,6,0,405334016,EleutherAI/pythia-410m,step8,seed6,6,8
It was a generous tip.,It was a finger tip.,tip,tip,Different Sense,0.03601020574569702,14,0.1,6,6,0,405334016,EleutherAI/pythia-410m,step8,seed6,6,8
It was a generous tip.,It was a finger tip.,tip,tip,Different Sense,0.0366368293762207,15,0.1,6,6,0,405334016,EleutherAI/pythia-410m,step8,seed6,6,8
It was a generous tip.,It was a finger tip.,tip,tip,Different Sense,0.037213146686553955,16,0.1,6,6,0,405334016,EleutherAI/pythia-410m,step8,seed6,6,8
It was a generous tip.,It was a finger tip.,tip,tip,Different Sense,0.03632235527038574,17,0.1,6,6,0,405334016,EleutherAI/pythia-410m,step8,seed6,6,8
It was a generous tip.,It was a finger tip.,tip,tip,Different Sense,0.03582638502120972,18,0.1,6,6,0,405334016,EleutherAI/pythia-410m,step8,seed6,6,8
It was a generous tip.,It was a finger tip.,tip,tip,Different Sense,0.03503119945526123,19,0.1,6,6,0,405334016,EleutherAI/pythia-410m,step8,seed6,6,8
It was a generous tip.,It was a finger tip.,tip,tip,Different Sense,0.033674001693725586,20,0.1,6,6,0,405334016,EleutherAI/pythia-410m,step8,seed6,6,8
It was a generous tip.,It was a finger tip.,tip,tip,Different Sense,0.03353416919708252,21,0.1,6,6,0,405334016,EleutherAI/pythia-410m,step8,seed6,6,8
It was a generous tip.,It was a finger tip.,tip,tip,Different Sense,0.03215932846069336,22,0.1,6,6,0,405334016,EleutherAI/pythia-410m,step8,seed6,6,8
It was a generous tip.,It was a finger tip.,tip,tip,Different Sense,0.03184521198272705,23,0.1,6,6,0,405334016,EleutherAI/pythia-410m,step8,seed6,6,8
It was a generous tip.,It was a finger tip.,tip,tip,Different Sense,0.03155231475830078,24,0.1,6,6,0,405334016,EleutherAI/pythia-410m,step8,seed6,6,8
It was a stingy tip.,It was a pencil tip.,tip,tip,Different Sense,0.0,0,0.666666667,7,6,1,405334016,EleutherAI/pythia-410m,step8,seed6,6,8
It was a stingy tip.,It was a pencil tip.,tip,tip,Different Sense,0.038432300090789795,1,0.666666667,7,6,1,405334016,EleutherAI/pythia-410m,step8,seed6,6,8
It was a stingy tip.,It was a pencil tip.,tip,tip,Different Sense,0.049861013889312744,2,0.666666667,7,6,1,405334016,EleutherAI/pythia-410m,step8,seed6,6,8
It was a stingy tip.,It was a pencil tip.,tip,tip,Different Sense,0.052220284938812256,3,0.666666667,7,6,1,405334016,EleutherAI/pythia-410m,step8,seed6,6,8
It was a stingy tip.,It was a pencil tip.,tip,tip,Different Sense,0.051931917667388916,4,0.666666667,7,6,1,405334016,EleutherAI/pythia-410m,step8,seed6,6,8
It was a stingy tip.,It was a pencil tip.,tip,tip,Different Sense,0.051914334297180176,5,0.666666667,7,6,1,405334016,EleutherAI/pythia-410m,step8,seed6,6,8
It was a stingy tip.,It was a pencil tip.,tip,tip,Different Sense,0.053751468658447266,6,0.666666667,7,6,1,405334016,EleutherAI/pythia-410m,step8,seed6,6,8
It was a stingy tip.,It was a pencil tip.,tip,tip,Different Sense,0.05413252115249634,7,0.666666667,7,6,1,405334016,EleutherAI/pythia-410m,step8,seed6,6,8
It was a stingy tip.,It was a pencil tip.,tip,tip,Different Sense,0.05272984504699707,8,0.666666667,7,6,1,405334016,EleutherAI/pythia-410m,step8,seed6,6,8
It was a stingy tip.,It was a pencil tip.,tip,tip,Different Sense,0.05155611038208008,9,0.666666667,7,6,1,405334016,EleutherAI/pythia-410m,step8,seed6,6,8
It was a stingy tip.,It was a pencil tip.,tip,tip,Different Sense,0.05105108022689819,10,0.666666667,7,6,1,405334016,EleutherAI/pythia-410m,step8,seed6,6,8
It was a stingy tip.,It was a pencil tip.,tip,tip,Different Sense,0.04849100112915039,11,0.666666667,7,6,1,405334016,EleutherAI/pythia-410m,step8,seed6,6,8
It was a stingy tip.,It was a pencil tip.,tip,tip,Different Sense,0.048172175884246826,12,0.666666667,7,6,1,405334016,EleutherAI/pythia-410m,step8,seed6,6,8
It was a stingy tip.,It was a pencil tip.,tip,tip,Different Sense,0.04543870687484741,13,0.666666667,7,6,1,405334016,EleutherAI/pythia-410m,step8,seed6,6,8
It was a stingy tip.,It was a pencil tip.,tip,tip,Different Sense,0.044141173362731934,14,0.666666667,7,6,1,405334016,EleutherAI/pythia-410m,step8,seed6,6,8
It was a stingy tip.,It was a pencil tip.,tip,tip,Different Sense,0.0452653169631958,15,0.666666667,7,6,1,405334016,EleutherAI/pythia-410m,step8,seed6,6,8
It was a stingy tip.,It was a pencil tip.,tip,tip,Different Sense,0.04387885332107544,16,0.666666667,7,6,1,405334016,EleutherAI/pythia-410m,step8,seed6,6,8
It was a stingy tip.,It was a pencil tip.,tip,tip,Different Sense,0.043769776821136475,17,0.666666667,7,6,1,405334016,EleutherAI/pythia-410m,step8,seed6,6,8
It was a stingy tip.,It was a pencil tip.,tip,tip,Different Sense,0.04283708333969116,18,0.666666667,7,6,1,405334016,EleutherAI/pythia-410m,step8,seed6,6,8
It was a stingy tip.,It was a pencil tip.,tip,tip,Different Sense,0.04078221321105957,19,0.666666667,7,6,1,405334016,EleutherAI/pythia-410m,step8,seed6,6,8
It was a stingy tip.,It was a pencil tip.,tip,tip,Different Sense,0.03963404893875122,20,0.666666667,7,6,1,405334016,EleutherAI/pythia-410m,step8,seed6,6,8
It was a stingy tip.,It was a pencil tip.,tip,tip,Different Sense,0.039846599102020264,21,0.666666667,7,6,1,405334016,EleutherAI/pythia-410m,step8,seed6,6,8
It was a stingy tip.,It was a pencil tip.,tip,tip,Different Sense,0.03865152597427368,22,0.666666667,7,6,1,405334016,EleutherAI/pythia-410m,step8,seed6,6,8
It was a stingy tip.,It was a pencil tip.,tip,tip,Different Sense,0.037497639656066895,23,0.666666667,7,6,1,405334016,EleutherAI/pythia-410m,step8,seed6,6,8
It was a stingy tip.,It was a pencil tip.,tip,tip,Different Sense,0.0378192663192749,24,0.666666667,7,6,1,405334016,EleutherAI/pythia-410m,step8,seed6,6,8
It was a stingy tip.,It was a finger tip.,tip,tip,Different Sense,0.0,0,0.294117647,7,6,1,405334016,EleutherAI/pythia-410m,step8,seed6,6,8
It was a stingy tip.,It was a finger tip.,tip,tip,Different Sense,0.03519195318222046,1,0.294117647,7,6,1,405334016,EleutherAI/pythia-410m,step8,seed6,6,8
It was a stingy tip.,It was a finger tip.,tip,tip,Different Sense,0.04830700159072876,2,0.294117647,7,6,1,405334016,EleutherAI/pythia-410m,step8,seed6,6,8
It was a stingy tip.,It was a finger tip.,tip,tip,Different Sense,0.0525515079498291,3,0.294117647,7,6,1,405334016,EleutherAI/pythia-410m,step8,seed6,6,8
It was a stingy tip.,It was a finger tip.,tip,tip,Different Sense,0.053289949893951416,4,0.294117647,7,6,1,405334016,EleutherAI/pythia-410m,step8,seed6,6,8
It was a stingy tip.,It was a finger tip.,tip,tip,Different Sense,0.05460000038146973,5,0.294117647,7,6,1,405334016,EleutherAI/pythia-410m,step8,seed6,6,8
It was a stingy tip.,It was a finger tip.,tip,tip,Different Sense,0.05502212047576904,6,0.294117647,7,6,1,405334016,EleutherAI/pythia-410m,step8,seed6,6,8
It was a stingy tip.,It was a finger tip.,tip,tip,Different Sense,0.0549243688583374,7,0.294117647,7,6,1,405334016,EleutherAI/pythia-410m,step8,seed6,6,8
It was a stingy tip.,It was a finger tip.,tip,tip,Different Sense,0.053941428661346436,8,0.294117647,7,6,1,405334016,EleutherAI/pythia-410m,step8,seed6,6,8
It was a stingy tip.,It was a finger tip.,tip,tip,Different Sense,0.05203890800476074,9,0.294117647,7,6,1,405334016,EleutherAI/pythia-410m,step8,seed6,6,8
It was a stingy tip.,It was a finger tip.,tip,tip,Different Sense,0.052777111530303955,10,0.294117647,7,6,1,405334016,EleutherAI/pythia-410m,step8,seed6,6,8
It was a stingy tip.,It was a finger tip.,tip,tip,Different Sense,0.05121755599975586,11,0.294117647,7,6,1,405334016,EleutherAI/pythia-410m,step8,seed6,6,8
It was a stingy tip.,It was a finger tip.,tip,tip,Different Sense,0.04971802234649658,12,0.294117647,7,6,1,405334016,EleutherAI/pythia-410m,step8,seed6,6,8
It was a stingy tip.,It was a finger tip.,tip,tip,Different Sense,0.048139095306396484,13,0.294117647,7,6,1,405334016,EleutherAI/pythia-410m,step8,seed6,6,8
It was a stingy tip.,It was a finger tip.,tip,tip,Different Sense,0.04742544889450073,14,0.294117647,7,6,1,405334016,EleutherAI/pythia-410m,step8,seed6,6,8
It was a stingy tip.,It was a finger tip.,tip,tip,Different Sense,0.04733443260192871,15,0.294117647,7,6,1,405334016,EleutherAI/pythia-410m,step8,seed6,6,8
It was a stingy tip.,It was a finger tip.,tip,tip,Different Sense,0.04688417911529541,16,0.294117647,7,6,1,405334016,EleutherAI/pythia-410m,step8,seed6,6,8
It was a stingy tip.,It was a finger tip.,tip,tip,Different Sense,0.045391738414764404,17,0.294117647,7,6,1,405334016,EleutherAI/pythia-410m,step8,seed6,6,8
It was a stingy tip.,It was a finger tip.,tip,tip,Different Sense,0.04568898677825928,18,0.294117647,7,6,1,405334016,EleutherAI/pythia-410m,step8,seed6,6,8
It was a stingy tip.,It was a finger tip.,tip,tip,Different Sense,0.04369461536407471,19,0.294117647,7,6,1,405334016,EleutherAI/pythia-410m,step8,seed6,6,8
It was a stingy tip.,It was a finger tip.,tip,tip,Different Sense,0.04224741458892822,20,0.294117647,7,6,1,405334016,EleutherAI/pythia-410m,step8,seed6,6,8
It was a stingy tip.,It was a finger tip.,tip,tip,Different Sense,0.042899370193481445,21,0.294117647,7,6,1,405334016,EleutherAI/pythia-410m,step8,seed6,6,8
It was a stingy tip.,It was a finger tip.,tip,tip,Different Sense,0.041434526443481445,22,0.294117647,7,6,1,405334016,EleutherAI/pythia-410m,step8,seed6,6,8
It was a stingy tip.,It was a finger tip.,tip,tip,Different Sense,0.04086214303970337,23,0.294117647,7,6,1,405334016,EleutherAI/pythia-410m,step8,seed6,6,8
It was a stingy tip.,It was a finger tip.,tip,tip,Different Sense,0.0410117506980896,24,0.294117647,7,6,1,405334016,EleutherAI/pythia-410m,step8,seed6,6,8
It was a generous tip.,It was a stingy tip.,tip,tip,Same Sense,0.0,0,3.933333333,6,7,1,405334016,EleutherAI/pythia-410m,step8,seed6,6,8
It was a generous tip.,It was a stingy tip.,tip,tip,Same Sense,0.038628995418548584,1,3.933333333,6,7,1,405334016,EleutherAI/pythia-410m,step8,seed6,6,8
It was a generous tip.,It was a stingy tip.,tip,tip,Same Sense,0.04946404695510864,2,3.933333333,6,7,1,405334016,EleutherAI/pythia-410m,step8,seed6,6,8
It was a generous tip.,It was a stingy tip.,tip,tip,Same Sense,0.05268704891204834,3,3.933333333,6,7,1,405334016,EleutherAI/pythia-410m,step8,seed6,6,8
It was a generous tip.,It was a stingy tip.,tip,tip,Same Sense,0.05380964279174805,4,3.933333333,6,7,1,405334016,EleutherAI/pythia-410m,step8,seed6,6,8
It was a generous tip.,It was a stingy tip.,tip,tip,Same Sense,0.05446052551269531,5,3.933333333,6,7,1,405334016,EleutherAI/pythia-410m,step8,seed6,6,8
It was a generous tip.,It was a stingy tip.,tip,tip,Same Sense,0.055339276790618896,6,3.933333333,6,7,1,405334016,EleutherAI/pythia-410m,step8,seed6,6,8
It was a generous tip.,It was a stingy tip.,tip,tip,Same Sense,0.05619966983795166,7,3.933333333,6,7,1,405334016,EleutherAI/pythia-410m,step8,seed6,6,8
It was a generous tip.,It was a stingy tip.,tip,tip,Same Sense,0.053886234760284424,8,3.933333333,6,7,1,405334016,EleutherAI/pythia-410m,step8,seed6,6,8
It was a generous tip.,It was a stingy tip.,tip,tip,Same Sense,0.05149728059768677,9,3.933333333,6,7,1,405334016,EleutherAI/pythia-410m,step8,seed6,6,8
It was a generous tip.,It was a stingy tip.,tip,tip,Same Sense,0.050155460834503174,10,3.933333333,6,7,1,405334016,EleutherAI/pythia-410m,step8,seed6,6,8
It was a generous tip.,It was a stingy tip.,tip,tip,Same Sense,0.0481448769569397,11,3.933333333,6,7,1,405334016,EleutherAI/pythia-410m,step8,seed6,6,8
It was a generous tip.,It was a stingy tip.,tip,tip,Same Sense,0.049055516719818115,12,3.933333333,6,7,1,405334016,EleutherAI/pythia-410m,step8,seed6,6,8
It was a generous tip.,It was a stingy tip.,tip,tip,Same Sense,0.04774361848831177,13,3.933333333,6,7,1,405334016,EleutherAI/pythia-410m,step8,seed6,6,8
It was a generous tip.,It was a stingy tip.,tip,tip,Same Sense,0.04662257432937622,14,3.933333333,6,7,1,405334016,EleutherAI/pythia-410m,step8,seed6,6,8
It was a generous tip.,It was a stingy tip.,tip,tip,Same Sense,0.04681873321533203,15,3.933333333,6,7,1,405334016,EleutherAI/pythia-410m,step8,seed6,6,8
It was a generous tip.,It was a stingy tip.,tip,tip,Same Sense,0.04603290557861328,16,3.933333333,6,7,1,405334016,EleutherAI/pythia-410m,step8,seed6,6,8
It was a generous tip.,It was a stingy tip.,tip,tip,Same Sense,0.04550832509994507,17,3.933333333,6,7,1,405334016,EleutherAI/pythia-410m,step8,seed6,6,8
It was a generous tip.,It was a stingy tip.,tip,tip,Same Sense,0.04394418001174927,18,3.933333333,6,7,1,405334016,EleutherAI/pythia-410m,step8,seed6,6,8
It was a generous tip.,It was a stingy tip.,tip,tip,Same Sense,0.04237627983093262,19,3.933333333,6,7,1,405334016,EleutherAI/pythia-410m,step8,seed6,6,8
It was a generous tip.,It was a stingy tip.,tip,tip,Same Sense,0.04195040464401245,20,3.933333333,6,7,1,405334016,EleutherAI/pythia-410m,step8,seed6,6,8
It was a generous tip.,It was a stingy tip.,tip,tip,Same Sense,0.04199498891830444,21,3.933333333,6,7,1,405334016,EleutherAI/pythia-410m,step8,seed6,6,8
It was a generous tip.,It was a stingy tip.,tip,tip,Same Sense,0.04000359773635864,22,3.933333333,6,7,1,405334016,EleutherAI/pythia-410m,step8,seed6,6,8
It was a generous tip.,It was a stingy tip.,tip,tip,Same Sense,0.03906810283660889,23,3.933333333,6,7,1,405334016,EleutherAI/pythia-410m,step8,seed6,6,8
It was a generous tip.,It was a stingy tip.,tip,tip,Same Sense,0.03860974311828613,24,3.933333333,6,7,1,405334016,EleutherAI/pythia-410m,step8,seed6,6,8
It was a pencil tip.,It was a finger tip.,tip,tip,Same Sense,0.0,0,2.555555556,6,6,0,405334016,EleutherAI/pythia-410m,step8,seed6,6,8
It was a pencil tip.,It was a finger tip.,tip,tip,Same Sense,0.02426326274871826,1,2.555555556,6,6,0,405334016,EleutherAI/pythia-410m,step8,seed6,6,8
It was a pencil tip.,It was a finger tip.,tip,tip,Same Sense,0.03219151496887207,2,2.555555556,6,6,0,405334016,EleutherAI/pythia-410m,step8,seed6,6,8
It was a pencil tip.,It was a finger tip.,tip,tip,Same Sense,0.0348019003868103,3,2.555555556,6,6,0,405334016,EleutherAI/pythia-410m,step8,seed6,6,8
It was a pencil tip.,It was a finger tip.,tip,tip,Same Sense,0.03530383110046387,4,2.555555556,6,6,0,405334016,EleutherAI/pythia-410m,step8,seed6,6,8
It was a pencil tip.,It was a finger tip.,tip,tip,Same Sense,0.03580957651138306,5,2.555555556,6,6,0,405334016,EleutherAI/pythia-410m,step8,seed6,6,8
It was a pencil tip.,It was a finger tip.,tip,tip,Same Sense,0.03831964731216431,6,2.555555556,6,6,0,405334016,EleutherAI/pythia-410m,step8,seed6,6,8
It was a pencil tip.,It was a finger tip.,tip,tip,Same Sense,0.03766024112701416,7,2.555555556,6,6,0,405334016,EleutherAI/pythia-410m,step8,seed6,6,8
It was a pencil tip.,It was a finger tip.,tip,tip,Same Sense,0.03772854804992676,8,2.555555556,6,6,0,405334016,EleutherAI/pythia-410m,step8,seed6,6,8
It was a pencil tip.,It was a finger tip.,tip,tip,Same Sense,0.037266552448272705,9,2.555555556,6,6,0,405334016,EleutherAI/pythia-410m,step8,seed6,6,8
It was a pencil tip.,It was a finger tip.,tip,tip,Same Sense,0.037302494049072266,10,2.555555556,6,6,0,405334016,EleutherAI/pythia-410m,step8,seed6,6,8
It was a pencil tip.,It was a finger tip.,tip,tip,Same Sense,0.035737693309783936,11,2.555555556,6,6,0,405334016,EleutherAI/pythia-410m,step8,seed6,6,8
It was a pencil tip.,It was a finger tip.,tip,tip,Same Sense,0.03649693727493286,12,2.555555556,6,6,0,405334016,EleutherAI/pythia-410m,step8,seed6,6,8
It was a pencil tip.,It was a finger tip.,tip,tip,Same Sense,0.034926652908325195,13,2.555555556,6,6,0,405334016,EleutherAI/pythia-410m,step8,seed6,6,8
It was a pencil tip.,It was a finger tip.,tip,tip,Same Sense,0.03529125452041626,14,2.555555556,6,6,0,405334016,EleutherAI/pythia-410m,step8,seed6,6,8
It was a pencil tip.,It was a finger tip.,tip,tip,Same Sense,0.035598933696746826,15,2.555555556,6,6,0,405334016,EleutherAI/pythia-410m,step8,seed6,6,8
It was a pencil tip.,It was a finger tip.,tip,tip,Same Sense,0.03542858362197876,16,2.555555556,6,6,0,405334016,EleutherAI/pythia-410m,step8,seed6,6,8
It was a pencil tip.,It was a finger tip.,tip,tip,Same Sense,0.03465849161148071,17,2.555555556,6,6,0,405334016,EleutherAI/pythia-410m,step8,seed6,6,8
It was a pencil tip.,It was a finger tip.,tip,tip,Same Sense,0.03340470790863037,18,2.555555556,6,6,0,405334016,EleutherAI/pythia-410m,step8,seed6,6,8
It was a pencil tip.,It was a finger tip.,tip,tip,Same Sense,0.03207278251647949,19,2.555555556,6,6,0,405334016,EleutherAI/pythia-410m,step8,seed6,6,8
It was a pencil tip.,It was a finger tip.,tip,tip,Same Sense,0.03061378002166748,20,2.555555556,6,6,0,405334016,EleutherAI/pythia-410m,step8,seed6,6,8
It was a pencil tip.,It was a finger tip.,tip,tip,Same Sense,0.030057907104492188,21,2.555555556,6,6,0,405334016,EleutherAI/pythia-410m,step8,seed6,6,8
It was a pencil tip.,It was a finger tip.,tip,tip,Same Sense,0.028232455253601074,22,2.555555556,6,6,0,405334016,EleutherAI/pythia-410m,step8,seed6,6,8
It was a pencil tip.,It was a finger tip.,tip,tip,Same Sense,0.028136014938354492,23,2.555555556,6,6,0,405334016,EleutherAI/pythia-410m,step8,seed6,6,8
It was a pencil tip.,It was a finger tip.,tip,tip,Same Sense,0.028225958347320557,24,2.555555556,6,6,0,405334016,EleutherAI/pythia-410m,step8,seed6,6,8
She liked the essay title.,She liked the academic title.,title,title,Different Sense,0.0,0,1.571428571,6,6,0,405334016,EleutherAI/pythia-410m,step8,seed6,6,8
She liked the essay title.,She liked the academic title.,title,title,Different Sense,0.024523377418518066,1,1.571428571,6,6,0,405334016,EleutherAI/pythia-410m,step8,seed6,6,8
She liked the essay title.,She liked the academic title.,title,title,Different Sense,0.031182825565338135,2,1.571428571,6,6,0,405334016,EleutherAI/pythia-410m,step8,seed6,6,8
She liked the essay title.,She liked the academic title.,title,title,Different Sense,0.03571397066116333,3,1.571428571,6,6,0,405334016,EleutherAI/pythia-410m,step8,seed6,6,8
She liked the essay title.,She liked the academic title.,title,title,Different Sense,0.03966599702835083,4,1.571428571,6,6,0,405334016,EleutherAI/pythia-410m,step8,seed6,6,8
She liked the essay title.,She liked the academic title.,title,title,Different Sense,0.03996586799621582,5,1.571428571,6,6,0,405334016,EleutherAI/pythia-410m,step8,seed6,6,8
She liked the essay title.,She liked the academic title.,title,title,Different Sense,0.0386926531791687,6,1.571428571,6,6,0,405334016,EleutherAI/pythia-410m,step8,seed6,6,8
She liked the essay title.,She liked the academic title.,title,title,Different Sense,0.03940027952194214,7,1.571428571,6,6,0,405334016,EleutherAI/pythia-410m,step8,seed6,6,8
She liked the essay title.,She liked the academic title.,title,title,Different Sense,0.0383029580116272,8,1.571428571,6,6,0,405334016,EleutherAI/pythia-410m,step8,seed6,6,8
She liked the essay title.,She liked the academic title.,title,title,Different Sense,0.03769218921661377,9,1.571428571,6,6,0,405334016,EleutherAI/pythia-410m,step8,seed6,6,8
She liked the essay title.,She liked the academic title.,title,title,Different Sense,0.03637486696243286,10,1.571428571,6,6,0,405334016,EleutherAI/pythia-410m,step8,seed6,6,8
She liked the essay title.,She liked the academic title.,title,title,Different Sense,0.03561192750930786,11,1.571428571,6,6,0,405334016,EleutherAI/pythia-410m,step8,seed6,6,8
She liked the essay title.,She liked the academic title.,title,title,Different Sense,0.03561735153198242,12,1.571428571,6,6,0,405334016,EleutherAI/pythia-410m,step8,seed6,6,8
She liked the essay title.,She liked the academic title.,title,title,Different Sense,0.03601580858230591,13,1.571428571,6,6,0,405334016,EleutherAI/pythia-410m,step8,seed6,6,8
She liked the essay title.,She liked the academic title.,title,title,Different Sense,0.034543752670288086,14,1.571428571,6,6,0,405334016,EleutherAI/pythia-410m,step8,seed6,6,8
She liked the essay title.,She liked the academic title.,title,title,Different Sense,0.034269750118255615,15,1.571428571,6,6,0,405334016,EleutherAI/pythia-410m,step8,seed6,6,8
She liked the essay title.,She liked the academic title.,title,title,Different Sense,0.033784329891204834,16,1.571428571,6,6,0,405334016,EleutherAI/pythia-410m,step8,seed6,6,8
She liked the essay title.,She liked the academic title.,title,title,Different Sense,0.033830225467681885,17,1.571428571,6,6,0,405334016,EleutherAI/pythia-410m,step8,seed6,6,8
She liked the essay title.,She liked the academic title.,title,title,Different Sense,0.03408682346343994,18,1.571428571,6,6,0,405334016,EleutherAI/pythia-410m,step8,seed6,6,8
She liked the essay title.,She liked the academic title.,title,title,Different Sense,0.03412443399429321,19,1.571428571,6,6,0,405334016,EleutherAI/pythia-410m,step8,seed6,6,8
She liked the essay title.,She liked the academic title.,title,title,Different Sense,0.0326848030090332,20,1.571428571,6,6,0,405334016,EleutherAI/pythia-410m,step8,seed6,6,8
She liked the essay title.,She liked the academic title.,title,title,Different Sense,0.032159626483917236,21,1.571428571,6,6,0,405334016,EleutherAI/pythia-410m,step8,seed6,6,8
She liked the essay title.,She liked the academic title.,title,title,Different Sense,0.03242546319961548,22,1.571428571,6,6,0,405334016,EleutherAI/pythia-410m,step8,seed6,6,8
She liked the essay title.,She liked the academic title.,title,title,Different Sense,0.031221210956573486,23,1.571428571,6,6,0,405334016,EleutherAI/pythia-410m,step8,seed6,6,8
She liked the essay title.,She liked the academic title.,title,title,Different Sense,0.03066354990005493,24,1.571428571,6,6,0,405334016,EleutherAI/pythia-410m,step8,seed6,6,8
She liked the essay title.,She liked the professional title.,title,title,Different Sense,0.0,0,1.8125,6,6,0,405334016,EleutherAI/pythia-410m,step8,seed6,6,8
She liked the essay title.,She liked the professional title.,title,title,Different Sense,0.021623075008392334,1,1.8125,6,6,0,405334016,EleutherAI/pythia-410m,step8,seed6,6,8
She liked the essay title.,She liked the professional title.,title,title,Different Sense,0.03094547986984253,2,1.8125,6,6,0,405334016,EleutherAI/pythia-410m,step8,seed6,6,8
She liked the essay title.,She liked the professional title.,title,title,Different Sense,0.034454941749572754,3,1.8125,6,6,0,405334016,EleutherAI/pythia-410m,step8,seed6,6,8
She liked the essay title.,She liked the professional title.,title,title,Different Sense,0.03743702173233032,4,1.8125,6,6,0,405334016,EleutherAI/pythia-410m,step8,seed6,6,8
She liked the essay title.,She liked the professional title.,title,title,Different Sense,0.04039865732192993,5,1.8125,6,6,0,405334016,EleutherAI/pythia-410m,step8,seed6,6,8
She liked the essay title.,She liked the professional title.,title,title,Different Sense,0.04080277681350708,6,1.8125,6,6,0,405334016,EleutherAI/pythia-410m,step8,seed6,6,8
She liked the essay title.,She liked the professional title.,title,title,Different Sense,0.03977358341217041,7,1.8125,6,6,0,405334016,EleutherAI/pythia-410m,step8,seed6,6,8
She liked the essay title.,She liked the professional title.,title,title,Different Sense,0.039654314517974854,8,1.8125,6,6,0,405334016,EleutherAI/pythia-410m,step8,seed6,6,8
She liked the essay title.,She liked the professional title.,title,title,Different Sense,0.03750389814376831,9,1.8125,6,6,0,405334016,EleutherAI/pythia-410m,step8,seed6,6,8
She liked the essay title.,She liked the professional title.,title,title,Different Sense,0.03639698028564453,10,1.8125,6,6,0,405334016,EleutherAI/pythia-410m,step8,seed6,6,8
She liked the essay title.,She liked the professional title.,title,title,Different Sense,0.0359419584274292,11,1.8125,6,6,0,405334016,EleutherAI/pythia-410m,step8,seed6,6,8
She liked the essay title.,She liked the professional title.,title,title,Different Sense,0.03517806529998779,12,1.8125,6,6,0,405334016,EleutherAI/pythia-410m,step8,seed6,6,8
She liked the essay title.,She liked the professional title.,title,title,Different Sense,0.034819722175598145,13,1.8125,6,6,0,405334016,EleutherAI/pythia-410m,step8,seed6,6,8
She liked the essay title.,She liked the professional title.,title,title,Different Sense,0.03411144018173218,14,1.8125,6,6,0,405334016,EleutherAI/pythia-410m,step8,seed6,6,8
She liked the essay title.,She liked the professional title.,title,title,Different Sense,0.03435158729553223,15,1.8125,6,6,0,405334016,EleutherAI/pythia-410m,step8,seed6,6,8
She liked the essay title.,She liked the professional title.,title,title,Different Sense,0.03355354070663452,16,1.8125,6,6,0,405334016,EleutherAI/pythia-410m,step8,seed6,6,8
She liked the essay title.,She liked the professional title.,title,title,Different Sense,0.033778369426727295,17,1.8125,6,6,0,405334016,EleutherAI/pythia-410m,step8,seed6,6,8
She liked the essay title.,She liked the professional title.,title,title,Different Sense,0.033741891384124756,18,1.8125,6,6,0,405334016,EleutherAI/pythia-410m,step8,seed6,6,8
She liked the essay title.,She liked the professional title.,title,title,Different Sense,0.0333285927772522,19,1.8125,6,6,0,405334016,EleutherAI/pythia-410m,step8,seed6,6,8
She liked the essay title.,She liked the professional title.,title,title,Different Sense,0.033353209495544434,20,1.8125,6,6,0,405334016,EleutherAI/pythia-410m,step8,seed6,6,8
She liked the essay title.,She liked the professional title.,title,title,Different Sense,0.034026503562927246,21,1.8125,6,6,0,405334016,EleutherAI/pythia-410m,step8,seed6,6,8
She liked the essay title.,She liked the professional title.,title,title,Different Sense,0.0336032509803772,22,1.8125,6,6,0,405334016,EleutherAI/pythia-410m,step8,seed6,6,8
She liked the essay title.,She liked the professional title.,title,title,Different Sense,0.03295403718948364,23,1.8125,6,6,0,405334016,EleutherAI/pythia-410m,step8,seed6,6,8
She liked the essay title.,She liked the professional title.,title,title,Different Sense,0.032074809074401855,24,1.8125,6,6,0,405334016,EleutherAI/pythia-410m,step8,seed6,6,8
She liked the poem title.,She liked the academic title.,title,title,Different Sense,0.0,0,3.142857143,6,6,0,405334016,EleutherAI/pythia-410m,step8,seed6,6,8
She liked the poem title.,She liked the academic title.,title,title,Different Sense,0.025416970252990723,1,3.142857143,6,6,0,405334016,EleutherAI/pythia-410m,step8,seed6,6,8
She liked the poem title.,She liked the academic title.,title,title,Different Sense,0.03439873456954956,2,3.142857143,6,6,0,405334016,EleutherAI/pythia-410m,step8,seed6,6,8
She liked the poem title.,She liked the academic title.,title,title,Different Sense,0.039873600006103516,3,3.142857143,6,6,0,405334016,EleutherAI/pythia-410m,step8,seed6,6,8
She liked the poem title.,She liked the academic title.,title,title,Different Sense,0.04187136888504028,4,3.142857143,6,6,0,405334016,EleutherAI/pythia-410m,step8,seed6,6,8
She liked the poem title.,She liked the academic title.,title,title,Different Sense,0.04328864812850952,5,3.142857143,6,6,0,405334016,EleutherAI/pythia-410m,step8,seed6,6,8
She liked the poem title.,She liked the academic title.,title,title,Different Sense,0.04283076524734497,6,3.142857143,6,6,0,405334016,EleutherAI/pythia-410m,step8,seed6,6,8
She liked the poem title.,She liked the academic title.,title,title,Different Sense,0.04362905025482178,7,3.142857143,6,6,0,405334016,EleutherAI/pythia-410m,step8,seed6,6,8
She liked the poem title.,She liked the academic title.,title,title,Different Sense,0.04276663064956665,8,3.142857143,6,6,0,405334016,EleutherAI/pythia-410m,step8,seed6,6,8
She liked the poem title.,She liked the academic title.,title,title,Different Sense,0.042175352573394775,9,3.142857143,6,6,0,405334016,EleutherAI/pythia-410m,step8,seed6,6,8
She liked the poem title.,She liked the academic title.,title,title,Different Sense,0.04141712188720703,10,3.142857143,6,6,0,405334016,EleutherAI/pythia-410m,step8,seed6,6,8
She liked the poem title.,She liked the academic title.,title,title,Different Sense,0.04017996788024902,11,3.142857143,6,6,0,405334016,EleutherAI/pythia-410m,step8,seed6,6,8
She liked the poem title.,She liked the academic title.,title,title,Different Sense,0.040343642234802246,12,3.142857143,6,6,0,405334016,EleutherAI/pythia-410m,step8,seed6,6,8
She liked the poem title.,She liked the academic title.,title,title,Different Sense,0.038245558738708496,13,3.142857143,6,6,0,405334016,EleutherAI/pythia-410m,step8,seed6,6,8
She liked the poem title.,She liked the academic title.,title,title,Different Sense,0.03686702251434326,14,3.142857143,6,6,0,405334016,EleutherAI/pythia-410m,step8,seed6,6,8
She liked the poem title.,She liked the academic title.,title,title,Different Sense,0.03634268045425415,15,3.142857143,6,6,0,405334016,EleutherAI/pythia-410m,step8,seed6,6,8
She liked the poem title.,She liked the academic title.,title,title,Different Sense,0.035318613052368164,16,3.142857143,6,6,0,405334016,EleutherAI/pythia-410m,step8,seed6,6,8
She liked the poem title.,She liked the academic title.,title,title,Different Sense,0.03513634204864502,17,3.142857143,6,6,0,405334016,EleutherAI/pythia-410m,step8,seed6,6,8
She liked the poem title.,She liked the academic title.,title,title,Different Sense,0.035576701164245605,18,3.142857143,6,6,0,405334016,EleutherAI/pythia-410m,step8,seed6,6,8
She liked the poem title.,She liked the academic title.,title,title,Different Sense,0.03488725423812866,19,3.142857143,6,6,0,405334016,EleutherAI/pythia-410m,step8,seed6,6,8
She liked the poem title.,She liked the academic title.,title,title,Different Sense,0.0339469313621521,20,3.142857143,6,6,0,405334016,EleutherAI/pythia-410m,step8,seed6,6,8
She liked the poem title.,She liked the academic title.,title,title,Different Sense,0.03374123573303223,21,3.142857143,6,6,0,405334016,EleutherAI/pythia-410m,step8,seed6,6,8
She liked the poem title.,She liked the academic title.,title,title,Different Sense,0.03337782621383667,22,3.142857143,6,6,0,405334016,EleutherAI/pythia-410m,step8,seed6,6,8
She liked the poem title.,She liked the academic title.,title,title,Different Sense,0.03232729434967041,23,3.142857143,6,6,0,405334016,EleutherAI/pythia-410m,step8,seed6,6,8
She liked the poem title.,She liked the academic title.,title,title,Different Sense,0.032313764095306396,24,3.142857143,6,6,0,405334016,EleutherAI/pythia-410m,step8,seed6,6,8
She liked the poem title.,She liked the professional title.,title,title,Different Sense,0.0,0,2.076923077,6,6,0,405334016,EleutherAI/pythia-410m,step8,seed6,6,8
She liked the poem title.,She liked the professional title.,title,title,Different Sense,0.02645784616470337,1,2.076923077,6,6,0,405334016,EleutherAI/pythia-410m,step8,seed6,6,8
She liked the poem title.,She liked the professional title.,title,title,Different Sense,0.037287354469299316,2,2.076923077,6,6,0,405334016,EleutherAI/pythia-410m,step8,seed6,6,8
She liked the poem title.,She liked the professional title.,title,title,Different Sense,0.04276704788208008,3,2.076923077,6,6,0,405334016,EleutherAI/pythia-410m,step8,seed6,6,8
She liked the poem title.,She liked the professional title.,title,title,Different Sense,0.047093868255615234,4,2.076923077,6,6,0,405334016,EleutherAI/pythia-410m,step8,seed6,6,8
She liked the poem title.,She liked the professional title.,title,title,Different Sense,0.0503462553024292,5,2.076923077,6,6,0,405334016,EleutherAI/pythia-410m,step8,seed6,6,8
She liked the poem title.,She liked the professional title.,title,title,Different Sense,0.04895782470703125,6,2.076923077,6,6,0,405334016,EleutherAI/pythia-410m,step8,seed6,6,8
She liked the poem title.,She liked the professional title.,title,title,Different Sense,0.0498165488243103,7,2.076923077,6,6,0,405334016,EleutherAI/pythia-410m,step8,seed6,6,8
She liked the poem title.,She liked the professional title.,title,title,Different Sense,0.04875463247299194,8,2.076923077,6,6,0,405334016,EleutherAI/pythia-410m,step8,seed6,6,8
She liked the poem title.,She liked the professional title.,title,title,Different Sense,0.047441840171813965,9,2.076923077,6,6,0,405334016,EleutherAI/pythia-410m,step8,seed6,6,8
She liked the poem title.,She liked the professional title.,title,title,Different Sense,0.04692476987838745,10,2.076923077,6,6,0,405334016,EleutherAI/pythia-410m,step8,seed6,6,8
She liked the poem title.,She liked the professional title.,title,title,Different Sense,0.04694855213165283,11,2.076923077,6,6,0,405334016,EleutherAI/pythia-410m,step8,seed6,6,8
She liked the poem title.,She liked the professional title.,title,title,Different Sense,0.04586142301559448,12,2.076923077,6,6,0,405334016,EleutherAI/pythia-410m,step8,seed6,6,8
She liked the poem title.,She liked the professional title.,title,title,Different Sense,0.04497528076171875,13,2.076923077,6,6,0,405334016,EleutherAI/pythia-410m,step8,seed6,6,8
She liked the poem title.,She liked the professional title.,title,title,Different Sense,0.04277372360229492,14,2.076923077,6,6,0,405334016,EleutherAI/pythia-410m,step8,seed6,6,8
She liked the poem title.,She liked the professional title.,title,title,Different Sense,0.04176318645477295,15,2.076923077,6,6,0,405334016,EleutherAI/pythia-410m,step8,seed6,6,8
She liked the poem title.,She liked the professional title.,title,title,Different Sense,0.04195833206176758,16,2.076923077,6,6,0,405334016,EleutherAI/pythia-410m,step8,seed6,6,8
She liked the poem title.,She liked the professional title.,title,title,Different Sense,0.04338759183883667,17,2.076923077,6,6,0,405334016,EleutherAI/pythia-410m,step8,seed6,6,8
She liked the poem title.,She liked the professional title.,title,title,Different Sense,0.04287666082382202,18,2.076923077,6,6,0,405334016,EleutherAI/pythia-410m,step8,seed6,6,8
She liked the poem title.,She liked the professional title.,title,title,Different Sense,0.04267752170562744,19,2.076923077,6,6,0,405334016,EleutherAI/pythia-410m,step8,seed6,6,8
She liked the poem title.,She liked the professional title.,title,title,Different Sense,0.04136615991592407,20,2.076923077,6,6,0,405334016,EleutherAI/pythia-410m,step8,seed6,6,8
She liked the poem title.,She liked the professional title.,title,title,Different Sense,0.041954219341278076,21,2.076923077,6,6,0,405334016,EleutherAI/pythia-410m,step8,seed6,6,8
She liked the poem title.,She liked the professional title.,title,title,Different Sense,0.04116320610046387,22,2.076923077,6,6,0,405334016,EleutherAI/pythia-410m,step8,seed6,6,8
She liked the poem title.,She liked the professional title.,title,title,Different Sense,0.0404927134513855,23,2.076923077,6,6,0,405334016,EleutherAI/pythia-410m,step8,seed6,6,8
She liked the poem title.,She liked the professional title.,title,title,Different Sense,0.03961920738220215,24,2.076923077,6,6,0,405334016,EleutherAI/pythia-410m,step8,seed6,6,8
She liked the essay title.,She liked the poem title.,title,title,Same Sense,0.0,0,4.0,6,6,0,405334016,EleutherAI/pythia-410m,step8,seed6,6,8
She liked the essay title.,She liked the poem title.,title,title,Same Sense,0.02884697914123535,1,4.0,6,6,0,405334016,EleutherAI/pythia-410m,step8,seed6,6,8
She liked the essay title.,She liked the poem title.,title,title,Same Sense,0.03587692975997925,2,4.0,6,6,0,405334016,EleutherAI/pythia-410m,step8,seed6,6,8
She liked the essay title.,She liked the poem title.,title,title,Same Sense,0.04290348291397095,3,4.0,6,6,0,405334016,EleutherAI/pythia-410m,step8,seed6,6,8
She liked the essay title.,She liked the poem title.,title,title,Same Sense,0.04685169458389282,4,4.0,6,6,0,405334016,EleutherAI/pythia-410m,step8,seed6,6,8
She liked the essay title.,She liked the poem title.,title,title,Same Sense,0.04798775911331177,5,4.0,6,6,0,405334016,EleutherAI/pythia-410m,step8,seed6,6,8
She liked the essay title.,She liked the poem title.,title,title,Same Sense,0.04792201519012451,6,4.0,6,6,0,405334016,EleutherAI/pythia-410m,step8,seed6,6,8
She liked the essay title.,She liked the poem title.,title,title,Same Sense,0.04798412322998047,7,4.0,6,6,0,405334016,EleutherAI/pythia-410m,step8,seed6,6,8
She liked the essay title.,She liked the poem title.,title,title,Same Sense,0.04794645309448242,8,4.0,6,6,0,405334016,EleutherAI/pythia-410m,step8,seed6,6,8
She liked the essay title.,She liked the poem title.,title,title,Same Sense,0.04609400033950806,9,4.0,6,6,0,405334016,EleutherAI/pythia-410m,step8,seed6,6,8
She liked the essay title.,She liked the poem title.,title,title,Same Sense,0.04627960920333862,10,4.0,6,6,0,405334016,EleutherAI/pythia-410m,step8,seed6,6,8
She liked the essay title.,She liked the poem title.,title,title,Same Sense,0.04516404867172241,11,4.0,6,6,0,405334016,EleutherAI/pythia-410m,step8,seed6,6,8
She liked the essay title.,She liked the poem title.,title,title,Same Sense,0.04517024755477905,12,4.0,6,6,0,405334016,EleutherAI/pythia-410m,step8,seed6,6,8
She liked the essay title.,She liked the poem title.,title,title,Same Sense,0.045980095863342285,13,4.0,6,6,0,405334016,EleutherAI/pythia-410m,step8,seed6,6,8
She liked the essay title.,She liked the poem title.,title,title,Same Sense,0.043849825859069824,14,4.0,6,6,0,405334016,EleutherAI/pythia-410m,step8,seed6,6,8
She liked the essay title.,She liked the poem title.,title,title,Same Sense,0.043312132358551025,15,4.0,6,6,0,405334016,EleutherAI/pythia-410m,step8,seed6,6,8
She liked the essay title.,She liked the poem title.,title,title,Same Sense,0.042545318603515625,16,4.0,6,6,0,405334016,EleutherAI/pythia-410m,step8,seed6,6,8
She liked the essay title.,She liked the poem title.,title,title,Same Sense,0.042437732219696045,17,4.0,6,6,0,405334016,EleutherAI/pythia-410m,step8,seed6,6,8
She liked the essay title.,She liked the poem title.,title,title,Same Sense,0.041680753231048584,18,4.0,6,6,0,405334016,EleutherAI/pythia-410m,step8,seed6,6,8
She liked the essay title.,She liked the poem title.,title,title,Same Sense,0.041359663009643555,19,4.0,6,6,0,405334016,EleutherAI/pythia-410m,step8,seed6,6,8
She liked the essay title.,She liked the poem title.,title,title,Same Sense,0.03930884599685669,20,4.0,6,6,0,405334016,EleutherAI/pythia-410m,step8,seed6,6,8
She liked the essay title.,She liked the poem title.,title,title,Same Sense,0.039335429668426514,21,4.0,6,6,0,405334016,EleutherAI/pythia-410m,step8,seed6,6,8
She liked the essay title.,She liked the poem title.,title,title,Same Sense,0.038996100425720215,22,4.0,6,6,0,405334016,EleutherAI/pythia-410m,step8,seed6,6,8
She liked the essay title.,She liked the poem title.,title,title,Same Sense,0.03784221410751343,23,4.0,6,6,0,405334016,EleutherAI/pythia-410m,step8,seed6,6,8
She liked the essay title.,She liked the poem title.,title,title,Same Sense,0.03680074214935303,24,4.0,6,6,0,405334016,EleutherAI/pythia-410m,step8,seed6,6,8
She liked the academic title.,She liked the professional title.,title,title,Same Sense,0.0,0,3.8,6,6,0,405334016,EleutherAI/pythia-410m,step8,seed6,6,8
She liked the academic title.,She liked the professional title.,title,title,Same Sense,0.020761728286743164,1,3.8,6,6,0,405334016,EleutherAI/pythia-410m,step8,seed6,6,8
She liked the academic title.,She liked the professional title.,title,title,Same Sense,0.03269302845001221,2,3.8,6,6,0,405334016,EleutherAI/pythia-410m,step8,seed6,6,8
She liked the academic title.,She liked the professional title.,title,title,Same Sense,0.03489166498184204,3,3.8,6,6,0,405334016,EleutherAI/pythia-410m,step8,seed6,6,8
She liked the academic title.,She liked the professional title.,title,title,Same Sense,0.03789067268371582,4,3.8,6,6,0,405334016,EleutherAI/pythia-410m,step8,seed6,6,8
She liked the academic title.,She liked the professional title.,title,title,Same Sense,0.04052621126174927,5,3.8,6,6,0,405334016,EleutherAI/pythia-410m,step8,seed6,6,8
She liked the academic title.,She liked the professional title.,title,title,Same Sense,0.04100102186203003,6,3.8,6,6,0,405334016,EleutherAI/pythia-410m,step8,seed6,6,8
She liked the academic title.,She liked the professional title.,title,title,Same Sense,0.04153549671173096,7,3.8,6,6,0,405334016,EleutherAI/pythia-410m,step8,seed6,6,8
She liked the academic title.,She liked the professional title.,title,title,Same Sense,0.04019564390182495,8,3.8,6,6,0,405334016,EleutherAI/pythia-410m,step8,seed6,6,8
She liked the academic title.,She liked the professional title.,title,title,Same Sense,0.03881263732910156,9,3.8,6,6,0,405334016,EleutherAI/pythia-410m,step8,seed6,6,8
She liked the academic title.,She liked the professional title.,title,title,Same Sense,0.03833770751953125,10,3.8,6,6,0,405334016,EleutherAI/pythia-410m,step8,seed6,6,8
She liked the academic title.,She liked the professional title.,title,title,Same Sense,0.03762996196746826,11,3.8,6,6,0,405334016,EleutherAI/pythia-410m,step8,seed6,6,8
She liked the academic title.,She liked the professional title.,title,title,Same Sense,0.0370863676071167,12,3.8,6,6,0,405334016,EleutherAI/pythia-410m,step8,seed6,6,8
She liked the academic title.,She liked the professional title.,title,title,Same Sense,0.03653639554977417,13,3.8,6,6,0,405334016,EleutherAI/pythia-410m,step8,seed6,6,8
She liked the academic title.,She liked the professional title.,title,title,Same Sense,0.0349888801574707,14,3.8,6,6,0,405334016,EleutherAI/pythia-410m,step8,seed6,6,8
She liked the academic title.,She liked the professional title.,title,title,Same Sense,0.03447479009628296,15,3.8,6,6,0,405334016,EleutherAI/pythia-410m,step8,seed6,6,8
She liked the academic title.,She liked the professional title.,title,title,Same Sense,0.03409755229949951,16,3.8,6,6,0,405334016,EleutherAI/pythia-410m,step8,seed6,6,8
She liked the academic title.,She liked the professional title.,title,title,Same Sense,0.03505110740661621,17,3.8,6,6,0,405334016,EleutherAI/pythia-410m,step8,seed6,6,8
She liked the academic title.,She liked the professional title.,title,title,Same Sense,0.034932732582092285,18,3.8,6,6,0,405334016,EleutherAI/pythia-410m,step8,seed6,6,8
She liked the academic title.,She liked the professional title.,title,title,Same Sense,0.034514546394348145,19,3.8,6,6,0,405334016,EleutherAI/pythia-410m,step8,seed6,6,8
She liked the academic title.,She liked the professional title.,title,title,Same Sense,0.03367644548416138,20,3.8,6,6,0,405334016,EleutherAI/pythia-410m,step8,seed6,6,8
She liked the academic title.,She liked the professional title.,title,title,Same Sense,0.03382265567779541,21,3.8,6,6,0,405334016,EleutherAI/pythia-410m,step8,seed6,6,8
She liked the academic title.,She liked the professional title.,title,title,Same Sense,0.03309375047683716,22,3.8,6,6,0,405334016,EleutherAI/pythia-410m,step8,seed6,6,8
She liked the academic title.,She liked the professional title.,title,title,Same Sense,0.032284319400787354,23,3.8,6,6,0,405334016,EleutherAI/pythia-410m,step8,seed6,6,8
She liked the academic title.,She liked the professional title.,title,title,Same Sense,0.030992627143859863,24,3.8,6,6,0,405334016,EleutherAI/pythia-410m,step8,seed6,6,8
It was a costly toll.,It was a loud toll.,toll,toll,Different Sense,0.0,0,1.777777778,6,6,0,405334016,EleutherAI/pythia-410m,step8,seed6,6,8
It was a costly toll.,It was a loud toll.,toll,toll,Different Sense,0.023783624172210693,1,1.777777778,6,6,0,405334016,EleutherAI/pythia-410m,step8,seed6,6,8
It was a costly toll.,It was a loud toll.,toll,toll,Different Sense,0.030117452144622803,2,1.777777778,6,6,0,405334016,EleutherAI/pythia-410m,step8,seed6,6,8
It was a costly toll.,It was a loud toll.,toll,toll,Different Sense,0.034065186977386475,3,1.777777778,6,6,0,405334016,EleutherAI/pythia-410m,step8,seed6,6,8
It was a costly toll.,It was a loud toll.,toll,toll,Different Sense,0.036997199058532715,4,1.777777778,6,6,0,405334016,EleutherAI/pythia-410m,step8,seed6,6,8
It was a costly toll.,It was a loud toll.,toll,toll,Different Sense,0.04031163454055786,5,1.777777778,6,6,0,405334016,EleutherAI/pythia-410m,step8,seed6,6,8
It was a costly toll.,It was a loud toll.,toll,toll,Different Sense,0.042234838008880615,6,1.777777778,6,6,0,405334016,EleutherAI/pythia-410m,step8,seed6,6,8
It was a costly toll.,It was a loud toll.,toll,toll,Different Sense,0.040297865867614746,7,1.777777778,6,6,0,405334016,EleutherAI/pythia-410m,step8,seed6,6,8
It was a costly toll.,It was a loud toll.,toll,toll,Different Sense,0.04035896062850952,8,1.777777778,6,6,0,405334016,EleutherAI/pythia-410m,step8,seed6,6,8
It was a costly toll.,It was a loud toll.,toll,toll,Different Sense,0.0413515567779541,9,1.777777778,6,6,0,405334016,EleutherAI/pythia-410m,step8,seed6,6,8
It was a costly toll.,It was a loud toll.,toll,toll,Different Sense,0.04081892967224121,10,1.777777778,6,6,0,405334016,EleutherAI/pythia-410m,step8,seed6,6,8
It was a costly toll.,It was a loud toll.,toll,toll,Different Sense,0.040382981300354004,11,1.777777778,6,6,0,405334016,EleutherAI/pythia-410m,step8,seed6,6,8
It was a costly toll.,It was a loud toll.,toll,toll,Different Sense,0.04133421182632446,12,1.777777778,6,6,0,405334016,EleutherAI/pythia-410m,step8,seed6,6,8
It was a costly toll.,It was a loud toll.,toll,toll,Different Sense,0.04180663824081421,13,1.777777778,6,6,0,405334016,EleutherAI/pythia-410m,step8,seed6,6,8
It was a costly toll.,It was a loud toll.,toll,toll,Different Sense,0.03989577293395996,14,1.777777778,6,6,0,405334016,EleutherAI/pythia-410m,step8,seed6,6,8
It was a costly toll.,It was a loud toll.,toll,toll,Different Sense,0.039702773094177246,15,1.777777778,6,6,0,405334016,EleutherAI/pythia-410m,step8,seed6,6,8
It was a costly toll.,It was a loud toll.,toll,toll,Different Sense,0.03945440053939819,16,1.777777778,6,6,0,405334016,EleutherAI/pythia-410m,step8,seed6,6,8
It was a costly toll.,It was a loud toll.,toll,toll,Different Sense,0.03942376375198364,17,1.777777778,6,6,0,405334016,EleutherAI/pythia-410m,step8,seed6,6,8
It was a costly toll.,It was a loud toll.,toll,toll,Different Sense,0.038864314556121826,18,1.777777778,6,6,0,405334016,EleutherAI/pythia-410m,step8,seed6,6,8
It was a costly toll.,It was a loud toll.,toll,toll,Different Sense,0.038002073764801025,19,1.777777778,6,6,0,405334016,EleutherAI/pythia-410m,step8,seed6,6,8
It was a costly toll.,It was a loud toll.,toll,toll,Different Sense,0.037306785583496094,20,1.777777778,6,6,0,405334016,EleutherAI/pythia-410m,step8,seed6,6,8
It was a costly toll.,It was a loud toll.,toll,toll,Different Sense,0.03655463457107544,21,1.777777778,6,6,0,405334016,EleutherAI/pythia-410m,step8,seed6,6,8
It was a costly toll.,It was a loud toll.,toll,toll,Different Sense,0.03587996959686279,22,1.777777778,6,6,0,405334016,EleutherAI/pythia-410m,step8,seed6,6,8
It was a costly toll.,It was a loud toll.,toll,toll,Different Sense,0.03465229272842407,23,1.777777778,6,6,0,405334016,EleutherAI/pythia-410m,step8,seed6,6,8
It was a costly toll.,It was a loud toll.,toll,toll,Different Sense,0.03464102745056152,24,1.777777778,6,6,0,405334016,EleutherAI/pythia-410m,step8,seed6,6,8
It was a costly toll.,It was a bell toll.,toll,toll,Different Sense,0.0,0,0.857142857,6,6,0,405334016,EleutherAI/pythia-410m,step8,seed6,6,8
It was a costly toll.,It was a bell toll.,toll,toll,Different Sense,0.031576573848724365,1,0.857142857,6,6,0,405334016,EleutherAI/pythia-410m,step8,seed6,6,8
It was a costly toll.,It was a bell toll.,toll,toll,Different Sense,0.03714776039123535,2,0.857142857,6,6,0,405334016,EleutherAI/pythia-410m,step8,seed6,6,8
It was a costly toll.,It was a bell toll.,toll,toll,Different Sense,0.0385478138923645,3,0.857142857,6,6,0,405334016,EleutherAI/pythia-410m,step8,seed6,6,8
It was a costly toll.,It was a bell toll.,toll,toll,Different Sense,0.04281342029571533,4,0.857142857,6,6,0,405334016,EleutherAI/pythia-410m,step8,seed6,6,8
It was a costly toll.,It was a bell toll.,toll,toll,Different Sense,0.04469853639602661,5,0.857142857,6,6,0,405334016,EleutherAI/pythia-410m,step8,seed6,6,8
It was a costly toll.,It was a bell toll.,toll,toll,Different Sense,0.04419177770614624,6,0.857142857,6,6,0,405334016,EleutherAI/pythia-410m,step8,seed6,6,8
It was a costly toll.,It was a bell toll.,toll,toll,Different Sense,0.044353604316711426,7,0.857142857,6,6,0,405334016,EleutherAI/pythia-410m,step8,seed6,6,8
It was a costly toll.,It was a bell toll.,toll,toll,Different Sense,0.04457360506057739,8,0.857142857,6,6,0,405334016,EleutherAI/pythia-410m,step8,seed6,6,8
It was a costly toll.,It was a bell toll.,toll,toll,Different Sense,0.04704993963241577,9,0.857142857,6,6,0,405334016,EleutherAI/pythia-410m,step8,seed6,6,8
It was a costly toll.,It was a bell toll.,toll,toll,Different Sense,0.04794055223464966,10,0.857142857,6,6,0,405334016,EleutherAI/pythia-410m,step8,seed6,6,8
It was a costly toll.,It was a bell toll.,toll,toll,Different Sense,0.047731876373291016,11,0.857142857,6,6,0,405334016,EleutherAI/pythia-410m,step8,seed6,6,8
It was a costly toll.,It was a bell toll.,toll,toll,Different Sense,0.0456395149230957,12,0.857142857,6,6,0,405334016,EleutherAI/pythia-410m,step8,seed6,6,8
It was a costly toll.,It was a bell toll.,toll,toll,Different Sense,0.04494196176528931,13,0.857142857,6,6,0,405334016,EleutherAI/pythia-410m,step8,seed6,6,8
It was a costly toll.,It was a bell toll.,toll,toll,Different Sense,0.04451674222946167,14,0.857142857,6,6,0,405334016,EleutherAI/pythia-410m,step8,seed6,6,8
It was a costly toll.,It was a bell toll.,toll,toll,Different Sense,0.04458218812942505,15,0.857142857,6,6,0,405334016,EleutherAI/pythia-410m,step8,seed6,6,8
It was a costly toll.,It was a bell toll.,toll,toll,Different Sense,0.045265257358551025,16,0.857142857,6,6,0,405334016,EleutherAI/pythia-410m,step8,seed6,6,8
It was a costly toll.,It was a bell toll.,toll,toll,Different Sense,0.04513126611709595,17,0.857142857,6,6,0,405334016,EleutherAI/pythia-410m,step8,seed6,6,8
It was a costly toll.,It was a bell toll.,toll,toll,Different Sense,0.044333696365356445,18,0.857142857,6,6,0,405334016,EleutherAI/pythia-410m,step8,seed6,6,8
It was a costly toll.,It was a bell toll.,toll,toll,Different Sense,0.042562782764434814,19,0.857142857,6,6,0,405334016,EleutherAI/pythia-410m,step8,seed6,6,8
It was a costly toll.,It was a bell toll.,toll,toll,Different Sense,0.04267430305480957,20,0.857142857,6,6,0,405334016,EleutherAI/pythia-410m,step8,seed6,6,8
It was a costly toll.,It was a bell toll.,toll,toll,Different Sense,0.04275631904602051,21,0.857142857,6,6,0,405334016,EleutherAI/pythia-410m,step8,seed6,6,8
It was a costly toll.,It was a bell toll.,toll,toll,Different Sense,0.04234051704406738,22,0.857142857,6,6,0,405334016,EleutherAI/pythia-410m,step8,seed6,6,8
It was a costly toll.,It was a bell toll.,toll,toll,Different Sense,0.04101055860519409,23,0.857142857,6,6,0,405334016,EleutherAI/pythia-410m,step8,seed6,6,8
It was a costly toll.,It was a bell toll.,toll,toll,Different Sense,0.041124582290649414,24,0.857142857,6,6,0,405334016,EleutherAI/pythia-410m,step8,seed6,6,8
It was a road toll.,It was a loud toll.,toll,toll,Different Sense,0.0,0,0.357142857,6,6,0,405334016,EleutherAI/pythia-410m,step8,seed6,6,8
It was a road toll.,It was a loud toll.,toll,toll,Different Sense,0.02469247579574585,1,0.357142857,6,6,0,405334016,EleutherAI/pythia-410m,step8,seed6,6,8
It was a road toll.,It was a loud toll.,toll,toll,Different Sense,0.033455729484558105,2,0.357142857,6,6,0,405334016,EleutherAI/pythia-410m,step8,seed6,6,8
It was a road toll.,It was a loud toll.,toll,toll,Different Sense,0.03435462713241577,3,0.357142857,6,6,0,405334016,EleutherAI/pythia-410m,step8,seed6,6,8
It was a road toll.,It was a loud toll.,toll,toll,Different Sense,0.03714299201965332,4,0.357142857,6,6,0,405334016,EleutherAI/pythia-410m,step8,seed6,6,8
It was a road toll.,It was a loud toll.,toll,toll,Different Sense,0.039778292179107666,5,0.357142857,6,6,0,405334016,EleutherAI/pythia-410m,step8,seed6,6,8
It was a road toll.,It was a loud toll.,toll,toll,Different Sense,0.03886348009109497,6,0.357142857,6,6,0,405334016,EleutherAI/pythia-410m,step8,seed6,6,8
It was a road toll.,It was a loud toll.,toll,toll,Different Sense,0.037804245948791504,7,0.357142857,6,6,0,405334016,EleutherAI/pythia-410m,step8,seed6,6,8
It was a road toll.,It was a loud toll.,toll,toll,Different Sense,0.035442054271698,8,0.357142857,6,6,0,405334016,EleutherAI/pythia-410m,step8,seed6,6,8
It was a road toll.,It was a loud toll.,toll,toll,Different Sense,0.03686070442199707,9,0.357142857,6,6,0,405334016,EleutherAI/pythia-410m,step8,seed6,6,8
It was a road toll.,It was a loud toll.,toll,toll,Different Sense,0.03666722774505615,10,0.357142857,6,6,0,405334016,EleutherAI/pythia-410m,step8,seed6,6,8
It was a road toll.,It was a loud toll.,toll,toll,Different Sense,0.03595453500747681,11,0.357142857,6,6,0,405334016,EleutherAI/pythia-410m,step8,seed6,6,8
It was a road toll.,It was a loud toll.,toll,toll,Different Sense,0.035656094551086426,12,0.357142857,6,6,0,405334016,EleutherAI/pythia-410m,step8,seed6,6,8
It was a road toll.,It was a loud toll.,toll,toll,Different Sense,0.03580653667449951,13,0.357142857,6,6,0,405334016,EleutherAI/pythia-410m,step8,seed6,6,8
It was a road toll.,It was a loud toll.,toll,toll,Different Sense,0.0337565541267395,14,0.357142857,6,6,0,405334016,EleutherAI/pythia-410m,step8,seed6,6,8
It was a road toll.,It was a loud toll.,toll,toll,Different Sense,0.034266531467437744,15,0.357142857,6,6,0,405334016,EleutherAI/pythia-410m,step8,seed6,6,8
It was a road toll.,It was a loud toll.,toll,toll,Different Sense,0.03469616174697876,16,0.357142857,6,6,0,405334016,EleutherAI/pythia-410m,step8,seed6,6,8
It was a road toll.,It was a loud toll.,toll,toll,Different Sense,0.034406065940856934,17,0.357142857,6,6,0,405334016,EleutherAI/pythia-410m,step8,seed6,6,8
It was a road toll.,It was a loud toll.,toll,toll,Different Sense,0.034011125564575195,18,0.357142857,6,6,0,405334016,EleutherAI/pythia-410m,step8,seed6,6,8
It was a road toll.,It was a loud toll.,toll,toll,Different Sense,0.0330808162689209,19,0.357142857,6,6,0,405334016,EleutherAI/pythia-410m,step8,seed6,6,8
It was a road toll.,It was a loud toll.,toll,toll,Different Sense,0.032881736755371094,20,0.357142857,6,6,0,405334016,EleutherAI/pythia-410m,step8,seed6,6,8
It was a road toll.,It was a loud toll.,toll,toll,Different Sense,0.032454729080200195,21,0.357142857,6,6,0,405334016,EleutherAI/pythia-410m,step8,seed6,6,8
It was a road toll.,It was a loud toll.,toll,toll,Different Sense,0.031687796115875244,22,0.357142857,6,6,0,405334016,EleutherAI/pythia-410m,step8,seed6,6,8
It was a road toll.,It was a loud toll.,toll,toll,Different Sense,0.030416488647460938,23,0.357142857,6,6,0,405334016,EleutherAI/pythia-410m,step8,seed6,6,8
It was a road toll.,It was a loud toll.,toll,toll,Different Sense,0.030044734477996826,24,0.357142857,6,6,0,405334016,EleutherAI/pythia-410m,step8,seed6,6,8
It was a road toll.,It was a bell toll.,toll,toll,Different Sense,0.0,0,0.636363636,6,6,0,405334016,EleutherAI/pythia-410m,step8,seed6,6,8
It was a road toll.,It was a bell toll.,toll,toll,Different Sense,0.03211557865142822,1,0.636363636,6,6,0,405334016,EleutherAI/pythia-410m,step8,seed6,6,8
It was a road toll.,It was a bell toll.,toll,toll,Different Sense,0.039971888065338135,2,0.636363636,6,6,0,405334016,EleutherAI/pythia-410m,step8,seed6,6,8
It was a road toll.,It was a bell toll.,toll,toll,Different Sense,0.04036426544189453,3,0.636363636,6,6,0,405334016,EleutherAI/pythia-410m,step8,seed6,6,8
It was a road toll.,It was a bell toll.,toll,toll,Different Sense,0.04330664873123169,4,0.636363636,6,6,0,405334016,EleutherAI/pythia-410m,step8,seed6,6,8
It was a road toll.,It was a bell toll.,toll,toll,Different Sense,0.04391193389892578,5,0.636363636,6,6,0,405334016,EleutherAI/pythia-410m,step8,seed6,6,8
It was a road toll.,It was a bell toll.,toll,toll,Different Sense,0.04231387376785278,6,0.636363636,6,6,0,405334016,EleutherAI/pythia-410m,step8,seed6,6,8
It was a road toll.,It was a bell toll.,toll,toll,Different Sense,0.042099714279174805,7,0.636363636,6,6,0,405334016,EleutherAI/pythia-410m,step8,seed6,6,8
It was a road toll.,It was a bell toll.,toll,toll,Different Sense,0.042509615421295166,8,0.636363636,6,6,0,405334016,EleutherAI/pythia-410m,step8,seed6,6,8
It was a road toll.,It was a bell toll.,toll,toll,Different Sense,0.04460489749908447,9,0.636363636,6,6,0,405334016,EleutherAI/pythia-410m,step8,seed6,6,8
It was a road toll.,It was a bell toll.,toll,toll,Different Sense,0.04624563455581665,10,0.636363636,6,6,0,405334016,EleutherAI/pythia-410m,step8,seed6,6,8
It was a road toll.,It was a bell toll.,toll,toll,Different Sense,0.04502326250076294,11,0.636363636,6,6,0,405334016,EleutherAI/pythia-410m,step8,seed6,6,8
It was a road toll.,It was a bell toll.,toll,toll,Different Sense,0.0451236367225647,12,0.636363636,6,6,0,405334016,EleutherAI/pythia-410m,step8,seed6,6,8
It was a road toll.,It was a bell toll.,toll,toll,Different Sense,0.04303556680679321,13,0.636363636,6,6,0,405334016,EleutherAI/pythia-410m,step8,seed6,6,8
It was a road toll.,It was a bell toll.,toll,toll,Different Sense,0.04259216785430908,14,0.636363636,6,6,0,405334016,EleutherAI/pythia-410m,step8,seed6,6,8
It was a road toll.,It was a bell toll.,toll,toll,Different Sense,0.04181528091430664,15,0.636363636,6,6,0,405334016,EleutherAI/pythia-410m,step8,seed6,6,8
It was a road toll.,It was a bell toll.,toll,toll,Different Sense,0.04333573579788208,16,0.636363636,6,6,0,405334016,EleutherAI/pythia-410m,step8,seed6,6,8
It was a road toll.,It was a bell toll.,toll,toll,Different Sense,0.043172359466552734,17,0.636363636,6,6,0,405334016,EleutherAI/pythia-410m,step8,seed6,6,8
It was a road toll.,It was a bell toll.,toll,toll,Different Sense,0.04170393943786621,18,0.636363636,6,6,0,405334016,EleutherAI/pythia-410m,step8,seed6,6,8
It was a road toll.,It was a bell toll.,toll,toll,Different Sense,0.04019385576248169,19,0.636363636,6,6,0,405334016,EleutherAI/pythia-410m,step8,seed6,6,8
It was a road toll.,It was a bell toll.,toll,toll,Different Sense,0.04024851322174072,20,0.636363636,6,6,0,405334016,EleutherAI/pythia-410m,step8,seed6,6,8
It was a road toll.,It was a bell toll.,toll,toll,Different Sense,0.040612637996673584,21,0.636363636,6,6,0,405334016,EleutherAI/pythia-410m,step8,seed6,6,8
It was a road toll.,It was a bell toll.,toll,toll,Different Sense,0.04035365581512451,22,0.636363636,6,6,0,405334016,EleutherAI/pythia-410m,step8,seed6,6,8
It was a road toll.,It was a bell toll.,toll,toll,Different Sense,0.03872966766357422,23,0.636363636,6,6,0,405334016,EleutherAI/pythia-410m,step8,seed6,6,8
It was a road toll.,It was a bell toll.,toll,toll,Different Sense,0.038494110107421875,24,0.636363636,6,6,0,405334016,EleutherAI/pythia-410m,step8,seed6,6,8
It was a costly toll.,It was a road toll.,toll,toll,Same Sense,0.0,0,2.266666667,6,6,0,405334016,EleutherAI/pythia-410m,step8,seed6,6,8
It was a costly toll.,It was a road toll.,toll,toll,Same Sense,0.02561795711517334,1,2.266666667,6,6,0,405334016,EleutherAI/pythia-410m,step8,seed6,6,8
It was a costly toll.,It was a road toll.,toll,toll,Same Sense,0.03035062551498413,2,2.266666667,6,6,0,405334016,EleutherAI/pythia-410m,step8,seed6,6,8
It was a costly toll.,It was a road toll.,toll,toll,Same Sense,0.03316861391067505,3,2.266666667,6,6,0,405334016,EleutherAI/pythia-410m,step8,seed6,6,8
It was a costly toll.,It was a road toll.,toll,toll,Same Sense,0.037347376346588135,4,2.266666667,6,6,0,405334016,EleutherAI/pythia-410m,step8,seed6,6,8
It was a costly toll.,It was a road toll.,toll,toll,Same Sense,0.03809112310409546,5,2.266666667,6,6,0,405334016,EleutherAI/pythia-410m,step8,seed6,6,8
It was a costly toll.,It was a road toll.,toll,toll,Same Sense,0.03853052854537964,6,2.266666667,6,6,0,405334016,EleutherAI/pythia-410m,step8,seed6,6,8
It was a costly toll.,It was a road toll.,toll,toll,Same Sense,0.04017359018325806,7,2.266666667,6,6,0,405334016,EleutherAI/pythia-410m,step8,seed6,6,8
It was a costly toll.,It was a road toll.,toll,toll,Same Sense,0.03981184959411621,8,2.266666667,6,6,0,405334016,EleutherAI/pythia-410m,step8,seed6,6,8
It was a costly toll.,It was a road toll.,toll,toll,Same Sense,0.04122912883758545,9,2.266666667,6,6,0,405334016,EleutherAI/pythia-410m,step8,seed6,6,8
It was a costly toll.,It was a road toll.,toll,toll,Same Sense,0.041506171226501465,10,2.266666667,6,6,0,405334016,EleutherAI/pythia-410m,step8,seed6,6,8
It was a costly toll.,It was a road toll.,toll,toll,Same Sense,0.04002535343170166,11,2.266666667,6,6,0,405334016,EleutherAI/pythia-410m,step8,seed6,6,8
It was a costly toll.,It was a road toll.,toll,toll,Same Sense,0.03946346044540405,12,2.266666667,6,6,0,405334016,EleutherAI/pythia-410m,step8,seed6,6,8
It was a costly toll.,It was a road toll.,toll,toll,Same Sense,0.04047161340713501,13,2.266666667,6,6,0,405334016,EleutherAI/pythia-410m,step8,seed6,6,8
It was a costly toll.,It was a road toll.,toll,toll,Same Sense,0.039472997188568115,14,2.266666667,6,6,0,405334016,EleutherAI/pythia-410m,step8,seed6,6,8
It was a costly toll.,It was a road toll.,toll,toll,Same Sense,0.03790920972824097,15,2.266666667,6,6,0,405334016,EleutherAI/pythia-410m,step8,seed6,6,8
It was a costly toll.,It was a road toll.,toll,toll,Same Sense,0.038236141204833984,16,2.266666667,6,6,0,405334016,EleutherAI/pythia-410m,step8,seed6,6,8
It was a costly toll.,It was a road toll.,toll,toll,Same Sense,0.038093507289886475,17,2.266666667,6,6,0,405334016,EleutherAI/pythia-410m,step8,seed6,6,8
It was a costly toll.,It was a road toll.,toll,toll,Same Sense,0.037406861782073975,18,2.266666667,6,6,0,405334016,EleutherAI/pythia-410m,step8,seed6,6,8
It was a costly toll.,It was a road toll.,toll,toll,Same Sense,0.03607892990112305,19,2.266666667,6,6,0,405334016,EleutherAI/pythia-410m,step8,seed6,6,8
It was a costly toll.,It was a road toll.,toll,toll,Same Sense,0.03555607795715332,20,2.266666667,6,6,0,405334016,EleutherAI/pythia-410m,step8,seed6,6,8
It was a costly toll.,It was a road toll.,toll,toll,Same Sense,0.03466421365737915,21,2.266666667,6,6,0,405334016,EleutherAI/pythia-410m,step8,seed6,6,8
It was a costly toll.,It was a road toll.,toll,toll,Same Sense,0.03434234857559204,22,2.266666667,6,6,0,405334016,EleutherAI/pythia-410m,step8,seed6,6,8
It was a costly toll.,It was a road toll.,toll,toll,Same Sense,0.033367693424224854,23,2.266666667,6,6,0,405334016,EleutherAI/pythia-410m,step8,seed6,6,8
It was a costly toll.,It was a road toll.,toll,toll,Same Sense,0.033232152462005615,24,2.266666667,6,6,0,405334016,EleutherAI/pythia-410m,step8,seed6,6,8
It was a loud toll.,It was a bell toll.,toll,toll,Same Sense,0.0,0,2.357142857,6,6,0,405334016,EleutherAI/pythia-410m,step8,seed6,6,8
It was a loud toll.,It was a bell toll.,toll,toll,Same Sense,0.031845152378082275,1,2.357142857,6,6,0,405334016,EleutherAI/pythia-410m,step8,seed6,6,8
It was a loud toll.,It was a bell toll.,toll,toll,Same Sense,0.04045528173446655,2,2.357142857,6,6,0,405334016,EleutherAI/pythia-410m,step8,seed6,6,8
It was a loud toll.,It was a bell toll.,toll,toll,Same Sense,0.04267460107803345,3,2.357142857,6,6,0,405334016,EleutherAI/pythia-410m,step8,seed6,6,8
It was a loud toll.,It was a bell toll.,toll,toll,Same Sense,0.04702216386795044,4,2.357142857,6,6,0,405334016,EleutherAI/pythia-410m,step8,seed6,6,8
It was a loud toll.,It was a bell toll.,toll,toll,Same Sense,0.04713332653045654,5,2.357142857,6,6,0,405334016,EleutherAI/pythia-410m,step8,seed6,6,8
It was a loud toll.,It was a bell toll.,toll,toll,Same Sense,0.04786413908004761,6,2.357142857,6,6,0,405334016,EleutherAI/pythia-410m,step8,seed6,6,8
It was a loud toll.,It was a bell toll.,toll,toll,Same Sense,0.0454024076461792,7,2.357142857,6,6,0,405334016,EleutherAI/pythia-410m,step8,seed6,6,8
It was a loud toll.,It was a bell toll.,toll,toll,Same Sense,0.044671058654785156,8,2.357142857,6,6,0,405334016,EleutherAI/pythia-410m,step8,seed6,6,8
It was a loud toll.,It was a bell toll.,toll,toll,Same Sense,0.04678142070770264,9,2.357142857,6,6,0,405334016,EleutherAI/pythia-410m,step8,seed6,6,8
It was a loud toll.,It was a bell toll.,toll,toll,Same Sense,0.04833114147186279,10,2.357142857,6,6,0,405334016,EleutherAI/pythia-410m,step8,seed6,6,8
It was a loud toll.,It was a bell toll.,toll,toll,Same Sense,0.04936516284942627,11,2.357142857,6,6,0,405334016,EleutherAI/pythia-410m,step8,seed6,6,8
It was a loud toll.,It was a bell toll.,toll,toll,Same Sense,0.050169408321380615,12,2.357142857,6,6,0,405334016,EleutherAI/pythia-410m,step8,seed6,6,8
It was a loud toll.,It was a bell toll.,toll,toll,Same Sense,0.04834723472595215,13,2.357142857,6,6,0,405334016,EleutherAI/pythia-410m,step8,seed6,6,8
It was a loud toll.,It was a bell toll.,toll,toll,Same Sense,0.046337008476257324,14,2.357142857,6,6,0,405334016,EleutherAI/pythia-410m,step8,seed6,6,8
It was a loud toll.,It was a bell toll.,toll,toll,Same Sense,0.04628193378448486,15,2.357142857,6,6,0,405334016,EleutherAI/pythia-410m,step8,seed6,6,8
It was a loud toll.,It was a bell toll.,toll,toll,Same Sense,0.04661470651626587,16,2.357142857,6,6,0,405334016,EleutherAI/pythia-410m,step8,seed6,6,8
It was a loud toll.,It was a bell toll.,toll,toll,Same Sense,0.04596245288848877,17,2.357142857,6,6,0,405334016,EleutherAI/pythia-410m,step8,seed6,6,8
It was a loud toll.,It was a bell toll.,toll,toll,Same Sense,0.04459887742996216,18,2.357142857,6,6,0,405334016,EleutherAI/pythia-410m,step8,seed6,6,8
It was a loud toll.,It was a bell toll.,toll,toll,Same Sense,0.04402250051498413,19,2.357142857,6,6,0,405334016,EleutherAI/pythia-410m,step8,seed6,6,8
It was a loud toll.,It was a bell toll.,toll,toll,Same Sense,0.04387766122817993,20,2.357142857,6,6,0,405334016,EleutherAI/pythia-410m,step8,seed6,6,8
It was a loud toll.,It was a bell toll.,toll,toll,Same Sense,0.04354202747344971,21,2.357142857,6,6,0,405334016,EleutherAI/pythia-410m,step8,seed6,6,8
It was a loud toll.,It was a bell toll.,toll,toll,Same Sense,0.04161190986633301,22,2.357142857,6,6,0,405334016,EleutherAI/pythia-410m,step8,seed6,6,8
It was a loud toll.,It was a bell toll.,toll,toll,Same Sense,0.04005932807922363,23,2.357142857,6,6,0,405334016,EleutherAI/pythia-410m,step8,seed6,6,8
It was a loud toll.,It was a bell toll.,toll,toll,Same Sense,0.039334774017333984,24,2.357142857,6,6,0,405334016,EleutherAI/pythia-410m,step8,seed6,6,8
She saw the train tracks.,She saw the moose tracks.,track,tracks,Different Sense,0.0,0,2.076923077,6,7,1,405334016,EleutherAI/pythia-410m,step8,seed6,6,8
She saw the train tracks.,She saw the moose tracks.,track,tracks,Different Sense,0.041635334491729736,1,2.076923077,6,7,1,405334016,EleutherAI/pythia-410m,step8,seed6,6,8
She saw the train tracks.,She saw the moose tracks.,track,tracks,Different Sense,0.05398678779602051,2,2.076923077,6,7,1,405334016,EleutherAI/pythia-410m,step8,seed6,6,8
She saw the train tracks.,She saw the moose tracks.,track,tracks,Different Sense,0.058930397033691406,3,2.076923077,6,7,1,405334016,EleutherAI/pythia-410m,step8,seed6,6,8
She saw the train tracks.,She saw the moose tracks.,track,tracks,Different Sense,0.0617976188659668,4,2.076923077,6,7,1,405334016,EleutherAI/pythia-410m,step8,seed6,6,8
She saw the train tracks.,She saw the moose tracks.,track,tracks,Different Sense,0.0637052059173584,5,2.076923077,6,7,1,405334016,EleutherAI/pythia-410m,step8,seed6,6,8
She saw the train tracks.,She saw the moose tracks.,track,tracks,Different Sense,0.06408369541168213,6,2.076923077,6,7,1,405334016,EleutherAI/pythia-410m,step8,seed6,6,8
She saw the train tracks.,She saw the moose tracks.,track,tracks,Different Sense,0.06661337614059448,7,2.076923077,6,7,1,405334016,EleutherAI/pythia-410m,step8,seed6,6,8
She saw the train tracks.,She saw the moose tracks.,track,tracks,Different Sense,0.06340664625167847,8,2.076923077,6,7,1,405334016,EleutherAI/pythia-410m,step8,seed6,6,8
She saw the train tracks.,She saw the moose tracks.,track,tracks,Different Sense,0.062230467796325684,9,2.076923077,6,7,1,405334016,EleutherAI/pythia-410m,step8,seed6,6,8
She saw the train tracks.,She saw the moose tracks.,track,tracks,Different Sense,0.0631566047668457,10,2.076923077,6,7,1,405334016,EleutherAI/pythia-410m,step8,seed6,6,8
She saw the train tracks.,She saw the moose tracks.,track,tracks,Different Sense,0.06484329700469971,11,2.076923077,6,7,1,405334016,EleutherAI/pythia-410m,step8,seed6,6,8
She saw the train tracks.,She saw the moose tracks.,track,tracks,Different Sense,0.06618404388427734,12,2.076923077,6,7,1,405334016,EleutherAI/pythia-410m,step8,seed6,6,8
She saw the train tracks.,She saw the moose tracks.,track,tracks,Different Sense,0.06297802925109863,13,2.076923077,6,7,1,405334016,EleutherAI/pythia-410m,step8,seed6,6,8
She saw the train tracks.,She saw the moose tracks.,track,tracks,Different Sense,0.06373298168182373,14,2.076923077,6,7,1,405334016,EleutherAI/pythia-410m,step8,seed6,6,8
She saw the train tracks.,She saw the moose tracks.,track,tracks,Different Sense,0.06375288963317871,15,2.076923077,6,7,1,405334016,EleutherAI/pythia-410m,step8,seed6,6,8
She saw the train tracks.,She saw the moose tracks.,track,tracks,Different Sense,0.06187254190444946,16,2.076923077,6,7,1,405334016,EleutherAI/pythia-410m,step8,seed6,6,8
She saw the train tracks.,She saw the moose tracks.,track,tracks,Different Sense,0.06223273277282715,17,2.076923077,6,7,1,405334016,EleutherAI/pythia-410m,step8,seed6,6,8
She saw the train tracks.,She saw the moose tracks.,track,tracks,Different Sense,0.06347602605819702,18,2.076923077,6,7,1,405334016,EleutherAI/pythia-410m,step8,seed6,6,8
She saw the train tracks.,She saw the moose tracks.,track,tracks,Different Sense,0.06157231330871582,19,2.076923077,6,7,1,405334016,EleutherAI/pythia-410m,step8,seed6,6,8
She saw the train tracks.,She saw the moose tracks.,track,tracks,Different Sense,0.05942738056182861,20,2.076923077,6,7,1,405334016,EleutherAI/pythia-410m,step8,seed6,6,8
She saw the train tracks.,She saw the moose tracks.,track,tracks,Different Sense,0.05903732776641846,21,2.076923077,6,7,1,405334016,EleutherAI/pythia-410m,step8,seed6,6,8
She saw the train tracks.,She saw the moose tracks.,track,tracks,Different Sense,0.05861043930053711,22,2.076923077,6,7,1,405334016,EleutherAI/pythia-410m,step8,seed6,6,8
She saw the train tracks.,She saw the moose tracks.,track,tracks,Different Sense,0.0566595196723938,23,2.076923077,6,7,1,405334016,EleutherAI/pythia-410m,step8,seed6,6,8
She saw the train tracks.,She saw the moose tracks.,track,tracks,Different Sense,0.05598104000091553,24,2.076923077,6,7,1,405334016,EleutherAI/pythia-410m,step8,seed6,6,8
She saw the train tracks.,She saw the snowshoe tracks.,track,tracks,Different Sense,0.0,0,2.75,6,8,2,405334016,EleutherAI/pythia-410m,step8,seed6,6,8
She saw the train tracks.,She saw the snowshoe tracks.,track,tracks,Different Sense,0.034837186336517334,1,2.75,6,8,2,405334016,EleutherAI/pythia-410m,step8,seed6,6,8
She saw the train tracks.,She saw the snowshoe tracks.,track,tracks,Different Sense,0.048975586891174316,2,2.75,6,8,2,405334016,EleutherAI/pythia-410m,step8,seed6,6,8
She saw the train tracks.,She saw the snowshoe tracks.,track,tracks,Different Sense,0.06210869550704956,3,2.75,6,8,2,405334016,EleutherAI/pythia-410m,step8,seed6,6,8
She saw the train tracks.,She saw the snowshoe tracks.,track,tracks,Different Sense,0.064930260181427,4,2.75,6,8,2,405334016,EleutherAI/pythia-410m,step8,seed6,6,8
She saw the train tracks.,She saw the snowshoe tracks.,track,tracks,Different Sense,0.06843709945678711,5,2.75,6,8,2,405334016,EleutherAI/pythia-410m,step8,seed6,6,8
She saw the train tracks.,She saw the snowshoe tracks.,track,tracks,Different Sense,0.06947582960128784,6,2.75,6,8,2,405334016,EleutherAI/pythia-410m,step8,seed6,6,8
She saw the train tracks.,She saw the snowshoe tracks.,track,tracks,Different Sense,0.07312649488449097,7,2.75,6,8,2,405334016,EleutherAI/pythia-410m,step8,seed6,6,8
She saw the train tracks.,She saw the snowshoe tracks.,track,tracks,Different Sense,0.06913870573043823,8,2.75,6,8,2,405334016,EleutherAI/pythia-410m,step8,seed6,6,8
She saw the train tracks.,She saw the snowshoe tracks.,track,tracks,Different Sense,0.06544291973114014,9,2.75,6,8,2,405334016,EleutherAI/pythia-410m,step8,seed6,6,8
She saw the train tracks.,She saw the snowshoe tracks.,track,tracks,Different Sense,0.06673330068588257,10,2.75,6,8,2,405334016,EleutherAI/pythia-410m,step8,seed6,6,8
She saw the train tracks.,She saw the snowshoe tracks.,track,tracks,Different Sense,0.06706362962722778,11,2.75,6,8,2,405334016,EleutherAI/pythia-410m,step8,seed6,6,8
She saw the train tracks.,She saw the snowshoe tracks.,track,tracks,Different Sense,0.06835931539535522,12,2.75,6,8,2,405334016,EleutherAI/pythia-410m,step8,seed6,6,8
She saw the train tracks.,She saw the snowshoe tracks.,track,tracks,Different Sense,0.0661504864692688,13,2.75,6,8,2,405334016,EleutherAI/pythia-410m,step8,seed6,6,8
She saw the train tracks.,She saw the snowshoe tracks.,track,tracks,Different Sense,0.06641525030136108,14,2.75,6,8,2,405334016,EleutherAI/pythia-410m,step8,seed6,6,8
She saw the train tracks.,She saw the snowshoe tracks.,track,tracks,Different Sense,0.06863534450531006,15,2.75,6,8,2,405334016,EleutherAI/pythia-410m,step8,seed6,6,8
She saw the train tracks.,She saw the snowshoe tracks.,track,tracks,Different Sense,0.06780034303665161,16,2.75,6,8,2,405334016,EleutherAI/pythia-410m,step8,seed6,6,8
She saw the train tracks.,She saw the snowshoe tracks.,track,tracks,Different Sense,0.06961691379547119,17,2.75,6,8,2,405334016,EleutherAI/pythia-410m,step8,seed6,6,8
She saw the train tracks.,She saw the snowshoe tracks.,track,tracks,Different Sense,0.07037270069122314,18,2.75,6,8,2,405334016,EleutherAI/pythia-410m,step8,seed6,6,8
She saw the train tracks.,She saw the snowshoe tracks.,track,tracks,Different Sense,0.07015204429626465,19,2.75,6,8,2,405334016,EleutherAI/pythia-410m,step8,seed6,6,8
She saw the train tracks.,She saw the snowshoe tracks.,track,tracks,Different Sense,0.07004165649414062,20,2.75,6,8,2,405334016,EleutherAI/pythia-410m,step8,seed6,6,8
She saw the train tracks.,She saw the snowshoe tracks.,track,tracks,Different Sense,0.06979966163635254,21,2.75,6,8,2,405334016,EleutherAI/pythia-410m,step8,seed6,6,8
She saw the train tracks.,She saw the snowshoe tracks.,track,tracks,Different Sense,0.06940197944641113,22,2.75,6,8,2,405334016,EleutherAI/pythia-410m,step8,seed6,6,8
She saw the train tracks.,She saw the snowshoe tracks.,track,tracks,Different Sense,0.06804424524307251,23,2.75,6,8,2,405334016,EleutherAI/pythia-410m,step8,seed6,6,8
She saw the train tracks.,She saw the snowshoe tracks.,track,tracks,Different Sense,0.0681995153427124,24,2.75,6,8,2,405334016,EleutherAI/pythia-410m,step8,seed6,6,8
She saw the trolley tracks.,She saw the moose tracks.,track,tracks,Different Sense,0.0,0,1.666666667,8,7,1,405334016,EleutherAI/pythia-410m,step8,seed6,6,8
She saw the trolley tracks.,She saw the moose tracks.,track,tracks,Different Sense,0.04424726963043213,1,1.666666667,8,7,1,405334016,EleutherAI/pythia-410m,step8,seed6,6,8
She saw the trolley tracks.,She saw the moose tracks.,track,tracks,Different Sense,0.06085401773452759,2,1.666666667,8,7,1,405334016,EleutherAI/pythia-410m,step8,seed6,6,8
She saw the trolley tracks.,She saw the moose tracks.,track,tracks,Different Sense,0.06607449054718018,3,1.666666667,8,7,1,405334016,EleutherAI/pythia-410m,step8,seed6,6,8
She saw the trolley tracks.,She saw the moose tracks.,track,tracks,Different Sense,0.07192200422286987,4,1.666666667,8,7,1,405334016,EleutherAI/pythia-410m,step8,seed6,6,8
She saw the trolley tracks.,She saw the moose tracks.,track,tracks,Different Sense,0.07594430446624756,5,1.666666667,8,7,1,405334016,EleutherAI/pythia-410m,step8,seed6,6,8
She saw the trolley tracks.,She saw the moose tracks.,track,tracks,Different Sense,0.07889759540557861,6,1.666666667,8,7,1,405334016,EleutherAI/pythia-410m,step8,seed6,6,8
She saw the trolley tracks.,She saw the moose tracks.,track,tracks,Different Sense,0.07817733287811279,7,1.666666667,8,7,1,405334016,EleutherAI/pythia-410m,step8,seed6,6,8
She saw the trolley tracks.,She saw the moose tracks.,track,tracks,Different Sense,0.07692772150039673,8,1.666666667,8,7,1,405334016,EleutherAI/pythia-410m,step8,seed6,6,8
She saw the trolley tracks.,She saw the moose tracks.,track,tracks,Different Sense,0.07513159513473511,9,1.666666667,8,7,1,405334016,EleutherAI/pythia-410m,step8,seed6,6,8
She saw the trolley tracks.,She saw the moose tracks.,track,tracks,Different Sense,0.07802587747573853,10,1.666666667,8,7,1,405334016,EleutherAI/pythia-410m,step8,seed6,6,8
She saw the trolley tracks.,She saw the moose tracks.,track,tracks,Different Sense,0.07832235097885132,11,1.666666667,8,7,1,405334016,EleutherAI/pythia-410m,step8,seed6,6,8
She saw the trolley tracks.,She saw the moose tracks.,track,tracks,Different Sense,0.07816678285598755,12,1.666666667,8,7,1,405334016,EleutherAI/pythia-410m,step8,seed6,6,8
She saw the trolley tracks.,She saw the moose tracks.,track,tracks,Different Sense,0.07600045204162598,13,1.666666667,8,7,1,405334016,EleutherAI/pythia-410m,step8,seed6,6,8
She saw the trolley tracks.,She saw the moose tracks.,track,tracks,Different Sense,0.07601886987686157,14,1.666666667,8,7,1,405334016,EleutherAI/pythia-410m,step8,seed6,6,8
She saw the trolley tracks.,She saw the moose tracks.,track,tracks,Different Sense,0.07969850301742554,15,1.666666667,8,7,1,405334016,EleutherAI/pythia-410m,step8,seed6,6,8
She saw the trolley tracks.,She saw the moose tracks.,track,tracks,Different Sense,0.07793396711349487,16,1.666666667,8,7,1,405334016,EleutherAI/pythia-410m,step8,seed6,6,8
She saw the trolley tracks.,She saw the moose tracks.,track,tracks,Different Sense,0.07733625173568726,17,1.666666667,8,7,1,405334016,EleutherAI/pythia-410m,step8,seed6,6,8
She saw the trolley tracks.,She saw the moose tracks.,track,tracks,Different Sense,0.07865369319915771,18,1.666666667,8,7,1,405334016,EleutherAI/pythia-410m,step8,seed6,6,8
She saw the trolley tracks.,She saw the moose tracks.,track,tracks,Different Sense,0.0790867805480957,19,1.666666667,8,7,1,405334016,EleutherAI/pythia-410m,step8,seed6,6,8
She saw the trolley tracks.,She saw the moose tracks.,track,tracks,Different Sense,0.07732325792312622,20,1.666666667,8,7,1,405334016,EleutherAI/pythia-410m,step8,seed6,6,8
She saw the trolley tracks.,She saw the moose tracks.,track,tracks,Different Sense,0.07666176557540894,21,1.666666667,8,7,1,405334016,EleutherAI/pythia-410m,step8,seed6,6,8
She saw the trolley tracks.,She saw the moose tracks.,track,tracks,Different Sense,0.07551872730255127,22,1.666666667,8,7,1,405334016,EleutherAI/pythia-410m,step8,seed6,6,8
She saw the trolley tracks.,She saw the moose tracks.,track,tracks,Different Sense,0.07496637105941772,23,1.666666667,8,7,1,405334016,EleutherAI/pythia-410m,step8,seed6,6,8
She saw the trolley tracks.,She saw the moose tracks.,track,tracks,Different Sense,0.07328349351882935,24,1.666666667,8,7,1,405334016,EleutherAI/pythia-410m,step8,seed6,6,8
She saw the trolley tracks.,She saw the snowshoe tracks.,track,tracks,Different Sense,0.0,0,2.384615385,8,8,0,405334016,EleutherAI/pythia-410m,step8,seed6,6,8
She saw the trolley tracks.,She saw the snowshoe tracks.,track,tracks,Different Sense,0.039220452308654785,1,2.384615385,8,8,0,405334016,EleutherAI/pythia-410m,step8,seed6,6,8
She saw the trolley tracks.,She saw the snowshoe tracks.,track,tracks,Different Sense,0.05657541751861572,2,2.384615385,8,8,0,405334016,EleutherAI/pythia-410m,step8,seed6,6,8
She saw the trolley tracks.,She saw the snowshoe tracks.,track,tracks,Different Sense,0.0664474368095398,3,2.384615385,8,8,0,405334016,EleutherAI/pythia-410m,step8,seed6,6,8
She saw the trolley tracks.,She saw the snowshoe tracks.,track,tracks,Different Sense,0.07367372512817383,4,2.384615385,8,8,0,405334016,EleutherAI/pythia-410m,step8,seed6,6,8
She saw the trolley tracks.,She saw the snowshoe tracks.,track,tracks,Different Sense,0.07851076126098633,5,2.384615385,8,8,0,405334016,EleutherAI/pythia-410m,step8,seed6,6,8
She saw the trolley tracks.,She saw the snowshoe tracks.,track,tracks,Different Sense,0.08000367879867554,6,2.384615385,8,8,0,405334016,EleutherAI/pythia-410m,step8,seed6,6,8
She saw the trolley tracks.,She saw the snowshoe tracks.,track,tracks,Different Sense,0.07835876941680908,7,2.384615385,8,8,0,405334016,EleutherAI/pythia-410m,step8,seed6,6,8
She saw the trolley tracks.,She saw the snowshoe tracks.,track,tracks,Different Sense,0.07654577493667603,8,2.384615385,8,8,0,405334016,EleutherAI/pythia-410m,step8,seed6,6,8
She saw the trolley tracks.,She saw the snowshoe tracks.,track,tracks,Different Sense,0.07607126235961914,9,2.384615385,8,8,0,405334016,EleutherAI/pythia-410m,step8,seed6,6,8
She saw the trolley tracks.,She saw the snowshoe tracks.,track,tracks,Different Sense,0.07827073335647583,10,2.384615385,8,8,0,405334016,EleutherAI/pythia-410m,step8,seed6,6,8
She saw the trolley tracks.,She saw the snowshoe tracks.,track,tracks,Different Sense,0.07692444324493408,11,2.384615385,8,8,0,405334016,EleutherAI/pythia-410m,step8,seed6,6,8
She saw the trolley tracks.,She saw the snowshoe tracks.,track,tracks,Different Sense,0.07920092344284058,12,2.384615385,8,8,0,405334016,EleutherAI/pythia-410m,step8,seed6,6,8
She saw the trolley tracks.,She saw the snowshoe tracks.,track,tracks,Different Sense,0.07802337408065796,13,2.384615385,8,8,0,405334016,EleutherAI/pythia-410m,step8,seed6,6,8
She saw the trolley tracks.,She saw the snowshoe tracks.,track,tracks,Different Sense,0.07527649402618408,14,2.384615385,8,8,0,405334016,EleutherAI/pythia-410m,step8,seed6,6,8
She saw the trolley tracks.,She saw the snowshoe tracks.,track,tracks,Different Sense,0.07582950592041016,15,2.384615385,8,8,0,405334016,EleutherAI/pythia-410m,step8,seed6,6,8
She saw the trolley tracks.,She saw the snowshoe tracks.,track,tracks,Different Sense,0.07341277599334717,16,2.384615385,8,8,0,405334016,EleutherAI/pythia-410m,step8,seed6,6,8
She saw the trolley tracks.,She saw the snowshoe tracks.,track,tracks,Different Sense,0.07467818260192871,17,2.384615385,8,8,0,405334016,EleutherAI/pythia-410m,step8,seed6,6,8
She saw the trolley tracks.,She saw the snowshoe tracks.,track,tracks,Different Sense,0.07520365715026855,18,2.384615385,8,8,0,405334016,EleutherAI/pythia-410m,step8,seed6,6,8
She saw the trolley tracks.,She saw the snowshoe tracks.,track,tracks,Different Sense,0.07722783088684082,19,2.384615385,8,8,0,405334016,EleutherAI/pythia-410m,step8,seed6,6,8
She saw the trolley tracks.,She saw the snowshoe tracks.,track,tracks,Different Sense,0.07639068365097046,20,2.384615385,8,8,0,405334016,EleutherAI/pythia-410m,step8,seed6,6,8
She saw the trolley tracks.,She saw the snowshoe tracks.,track,tracks,Different Sense,0.0763387680053711,21,2.384615385,8,8,0,405334016,EleutherAI/pythia-410m,step8,seed6,6,8
She saw the trolley tracks.,She saw the snowshoe tracks.,track,tracks,Different Sense,0.07369440793991089,22,2.384615385,8,8,0,405334016,EleutherAI/pythia-410m,step8,seed6,6,8
She saw the trolley tracks.,She saw the snowshoe tracks.,track,tracks,Different Sense,0.07371199131011963,23,2.384615385,8,8,0,405334016,EleutherAI/pythia-410m,step8,seed6,6,8
She saw the trolley tracks.,She saw the snowshoe tracks.,track,tracks,Different Sense,0.07267391681671143,24,2.384615385,8,8,0,405334016,EleutherAI/pythia-410m,step8,seed6,6,8
She saw the train tracks.,She saw the trolley tracks.,track,tracks,Same Sense,0.0,0,3.333333333,6,8,2,405334016,EleutherAI/pythia-410m,step8,seed6,6,8
She saw the train tracks.,She saw the trolley tracks.,track,tracks,Same Sense,0.04021793603897095,1,3.333333333,6,8,2,405334016,EleutherAI/pythia-410m,step8,seed6,6,8
She saw the train tracks.,She saw the trolley tracks.,track,tracks,Same Sense,0.05644071102142334,2,3.333333333,6,8,2,405334016,EleutherAI/pythia-410m,step8,seed6,6,8
She saw the train tracks.,She saw the trolley tracks.,track,tracks,Same Sense,0.06515806913375854,3,3.333333333,6,8,2,405334016,EleutherAI/pythia-410m,step8,seed6,6,8
She saw the train tracks.,She saw the trolley tracks.,track,tracks,Same Sense,0.066883385181427,4,3.333333333,6,8,2,405334016,EleutherAI/pythia-410m,step8,seed6,6,8
She saw the train tracks.,She saw the trolley tracks.,track,tracks,Same Sense,0.06969064474105835,5,3.333333333,6,8,2,405334016,EleutherAI/pythia-410m,step8,seed6,6,8
She saw the train tracks.,She saw the trolley tracks.,track,tracks,Same Sense,0.07046598196029663,6,3.333333333,6,8,2,405334016,EleutherAI/pythia-410m,step8,seed6,6,8
She saw the train tracks.,She saw the trolley tracks.,track,tracks,Same Sense,0.06832224130630493,7,3.333333333,6,8,2,405334016,EleutherAI/pythia-410m,step8,seed6,6,8
She saw the train tracks.,She saw the trolley tracks.,track,tracks,Same Sense,0.06388509273529053,8,3.333333333,6,8,2,405334016,EleutherAI/pythia-410m,step8,seed6,6,8
She saw the train tracks.,She saw the trolley tracks.,track,tracks,Same Sense,0.06299209594726562,9,3.333333333,6,8,2,405334016,EleutherAI/pythia-410m,step8,seed6,6,8
She saw the train tracks.,She saw the trolley tracks.,track,tracks,Same Sense,0.06280350685119629,10,3.333333333,6,8,2,405334016,EleutherAI/pythia-410m,step8,seed6,6,8
She saw the train tracks.,She saw the trolley tracks.,track,tracks,Same Sense,0.0618249773979187,11,3.333333333,6,8,2,405334016,EleutherAI/pythia-410m,step8,seed6,6,8
She saw the train tracks.,She saw the trolley tracks.,track,tracks,Same Sense,0.061681389808654785,12,3.333333333,6,8,2,405334016,EleutherAI/pythia-410m,step8,seed6,6,8
She saw the train tracks.,She saw the trolley tracks.,track,tracks,Same Sense,0.06004953384399414,13,3.333333333,6,8,2,405334016,EleutherAI/pythia-410m,step8,seed6,6,8
She saw the train tracks.,She saw the trolley tracks.,track,tracks,Same Sense,0.05933147668838501,14,3.333333333,6,8,2,405334016,EleutherAI/pythia-410m,step8,seed6,6,8
She saw the train tracks.,She saw the trolley tracks.,track,tracks,Same Sense,0.060962021350860596,15,3.333333333,6,8,2,405334016,EleutherAI/pythia-410m,step8,seed6,6,8
She saw the train tracks.,She saw the trolley tracks.,track,tracks,Same Sense,0.05955415964126587,16,3.333333333,6,8,2,405334016,EleutherAI/pythia-410m,step8,seed6,6,8
She saw the train tracks.,She saw the trolley tracks.,track,tracks,Same Sense,0.06026428937911987,17,3.333333333,6,8,2,405334016,EleutherAI/pythia-410m,step8,seed6,6,8
She saw the train tracks.,She saw the trolley tracks.,track,tracks,Same Sense,0.06095784902572632,18,3.333333333,6,8,2,405334016,EleutherAI/pythia-410m,step8,seed6,6,8
She saw the train tracks.,She saw the trolley tracks.,track,tracks,Same Sense,0.05946391820907593,19,3.333333333,6,8,2,405334016,EleutherAI/pythia-410m,step8,seed6,6,8
She saw the train tracks.,She saw the trolley tracks.,track,tracks,Same Sense,0.05787515640258789,20,3.333333333,6,8,2,405334016,EleutherAI/pythia-410m,step8,seed6,6,8
She saw the train tracks.,She saw the trolley tracks.,track,tracks,Same Sense,0.05803889036178589,21,3.333333333,6,8,2,405334016,EleutherAI/pythia-410m,step8,seed6,6,8
She saw the train tracks.,She saw the trolley tracks.,track,tracks,Same Sense,0.05572777986526489,22,3.333333333,6,8,2,405334016,EleutherAI/pythia-410m,step8,seed6,6,8
She saw the train tracks.,She saw the trolley tracks.,track,tracks,Same Sense,0.05604451894760132,23,3.333333333,6,8,2,405334016,EleutherAI/pythia-410m,step8,seed6,6,8
She saw the train tracks.,She saw the trolley tracks.,track,tracks,Same Sense,0.05481445789337158,24,3.333333333,6,8,2,405334016,EleutherAI/pythia-410m,step8,seed6,6,8
She saw the moose tracks.,She saw the snowshoe tracks.,track,tracks,Same Sense,0.0,0,3.777777778,7,8,1,405334016,EleutherAI/pythia-410m,step8,seed6,6,8
She saw the moose tracks.,She saw the snowshoe tracks.,track,tracks,Same Sense,0.03948044776916504,1,3.777777778,7,8,1,405334016,EleutherAI/pythia-410m,step8,seed6,6,8
She saw the moose tracks.,She saw the snowshoe tracks.,track,tracks,Same Sense,0.057794153690338135,2,3.777777778,7,8,1,405334016,EleutherAI/pythia-410m,step8,seed6,6,8
She saw the moose tracks.,She saw the snowshoe tracks.,track,tracks,Same Sense,0.06587928533554077,3,3.777777778,7,8,1,405334016,EleutherAI/pythia-410m,step8,seed6,6,8
She saw the moose tracks.,She saw the snowshoe tracks.,track,tracks,Same Sense,0.07222974300384521,4,3.777777778,7,8,1,405334016,EleutherAI/pythia-410m,step8,seed6,6,8
She saw the moose tracks.,She saw the snowshoe tracks.,track,tracks,Same Sense,0.08165013790130615,5,3.777777778,7,8,1,405334016,EleutherAI/pythia-410m,step8,seed6,6,8
She saw the moose tracks.,She saw the snowshoe tracks.,track,tracks,Same Sense,0.08259999752044678,6,3.777777778,7,8,1,405334016,EleutherAI/pythia-410m,step8,seed6,6,8
She saw the moose tracks.,She saw the snowshoe tracks.,track,tracks,Same Sense,0.08534014225006104,7,3.777777778,7,8,1,405334016,EleutherAI/pythia-410m,step8,seed6,6,8
She saw the moose tracks.,She saw the snowshoe tracks.,track,tracks,Same Sense,0.08336246013641357,8,3.777777778,7,8,1,405334016,EleutherAI/pythia-410m,step8,seed6,6,8
She saw the moose tracks.,She saw the snowshoe tracks.,track,tracks,Same Sense,0.08162450790405273,9,3.777777778,7,8,1,405334016,EleutherAI/pythia-410m,step8,seed6,6,8
She saw the moose tracks.,She saw the snowshoe tracks.,track,tracks,Same Sense,0.08318543434143066,10,3.777777778,7,8,1,405334016,EleutherAI/pythia-410m,step8,seed6,6,8
She saw the moose tracks.,She saw the snowshoe tracks.,track,tracks,Same Sense,0.08457207679748535,11,3.777777778,7,8,1,405334016,EleutherAI/pythia-410m,step8,seed6,6,8
She saw the moose tracks.,She saw the snowshoe tracks.,track,tracks,Same Sense,0.08459603786468506,12,3.777777778,7,8,1,405334016,EleutherAI/pythia-410m,step8,seed6,6,8
She saw the moose tracks.,She saw the snowshoe tracks.,track,tracks,Same Sense,0.0811195969581604,13,3.777777778,7,8,1,405334016,EleutherAI/pythia-410m,step8,seed6,6,8
She saw the moose tracks.,She saw the snowshoe tracks.,track,tracks,Same Sense,0.08151143789291382,14,3.777777778,7,8,1,405334016,EleutherAI/pythia-410m,step8,seed6,6,8
She saw the moose tracks.,She saw the snowshoe tracks.,track,tracks,Same Sense,0.08384603261947632,15,3.777777778,7,8,1,405334016,EleutherAI/pythia-410m,step8,seed6,6,8
She saw the moose tracks.,She saw the snowshoe tracks.,track,tracks,Same Sense,0.08142787218093872,16,3.777777778,7,8,1,405334016,EleutherAI/pythia-410m,step8,seed6,6,8
She saw the moose tracks.,She saw the snowshoe tracks.,track,tracks,Same Sense,0.08163553476333618,17,3.777777778,7,8,1,405334016,EleutherAI/pythia-410m,step8,seed6,6,8
She saw the moose tracks.,She saw the snowshoe tracks.,track,tracks,Same Sense,0.08283460140228271,18,3.777777778,7,8,1,405334016,EleutherAI/pythia-410m,step8,seed6,6,8
She saw the moose tracks.,She saw the snowshoe tracks.,track,tracks,Same Sense,0.08231484889984131,19,3.777777778,7,8,1,405334016,EleutherAI/pythia-410m,step8,seed6,6,8
She saw the moose tracks.,She saw the snowshoe tracks.,track,tracks,Same Sense,0.08205550909042358,20,3.777777778,7,8,1,405334016,EleutherAI/pythia-410m,step8,seed6,6,8
She saw the moose tracks.,She saw the snowshoe tracks.,track,tracks,Same Sense,0.08146697282791138,21,3.777777778,7,8,1,405334016,EleutherAI/pythia-410m,step8,seed6,6,8
She saw the moose tracks.,She saw the snowshoe tracks.,track,tracks,Same Sense,0.07896381616592407,22,3.777777778,7,8,1,405334016,EleutherAI/pythia-410m,step8,seed6,6,8
She saw the moose tracks.,She saw the snowshoe tracks.,track,tracks,Same Sense,0.07744395732879639,23,3.777777778,7,8,1,405334016,EleutherAI/pythia-410m,step8,seed6,6,8
She saw the moose tracks.,She saw the snowshoe tracks.,track,tracks,Same Sense,0.07700532674789429,24,3.777777778,7,8,1,405334016,EleutherAI/pythia-410m,step8,seed6,6,8
It was five yards.,They were big yards.,yard,yards,Different Sense,0.0,0,0.75,5,5,0,405334016,EleutherAI/pythia-410m,step8,seed6,6,8
It was five yards.,They were big yards.,yard,yards,Different Sense,0.11343491077423096,1,0.75,5,5,0,405334016,EleutherAI/pythia-410m,step8,seed6,6,8
It was five yards.,They were big yards.,yard,yards,Different Sense,0.1904851198196411,2,0.75,5,5,0,405334016,EleutherAI/pythia-410m,step8,seed6,6,8
It was five yards.,They were big yards.,yard,yards,Different Sense,0.23967039585113525,3,0.75,5,5,0,405334016,EleutherAI/pythia-410m,step8,seed6,6,8
It was five yards.,They were big yards.,yard,yards,Different Sense,0.267971932888031,4,0.75,5,5,0,405334016,EleutherAI/pythia-410m,step8,seed6,6,8
It was five yards.,They were big yards.,yard,yards,Different Sense,0.29258859157562256,5,0.75,5,5,0,405334016,EleutherAI/pythia-410m,step8,seed6,6,8
It was five yards.,They were big yards.,yard,yards,Different Sense,0.31875622272491455,6,0.75,5,5,0,405334016,EleutherAI/pythia-410m,step8,seed6,6,8
It was five yards.,They were big yards.,yard,yards,Different Sense,0.33882850408554077,7,0.75,5,5,0,405334016,EleutherAI/pythia-410m,step8,seed6,6,8
It was five yards.,They were big yards.,yard,yards,Different Sense,0.3495846390724182,8,0.75,5,5,0,405334016,EleutherAI/pythia-410m,step8,seed6,6,8
It was five yards.,They were big yards.,yard,yards,Different Sense,0.35662686824798584,9,0.75,5,5,0,405334016,EleutherAI/pythia-410m,step8,seed6,6,8
It was five yards.,They were big yards.,yard,yards,Different Sense,0.3569760322570801,10,0.75,5,5,0,405334016,EleutherAI/pythia-410m,step8,seed6,6,8
It was five yards.,They were big yards.,yard,yards,Different Sense,0.3683924078941345,11,0.75,5,5,0,405334016,EleutherAI/pythia-410m,step8,seed6,6,8
It was five yards.,They were big yards.,yard,yards,Different Sense,0.37501269578933716,12,0.75,5,5,0,405334016,EleutherAI/pythia-410m,step8,seed6,6,8
It was five yards.,They were big yards.,yard,yards,Different Sense,0.3871157169342041,13,0.75,5,5,0,405334016,EleutherAI/pythia-410m,step8,seed6,6,8
It was five yards.,They were big yards.,yard,yards,Different Sense,0.3874863386154175,14,0.75,5,5,0,405334016,EleutherAI/pythia-410m,step8,seed6,6,8
It was five yards.,They were big yards.,yard,yards,Different Sense,0.39948636293411255,15,0.75,5,5,0,405334016,EleutherAI/pythia-410m,step8,seed6,6,8
It was five yards.,They were big yards.,yard,yards,Different Sense,0.40392911434173584,16,0.75,5,5,0,405334016,EleutherAI/pythia-410m,step8,seed6,6,8
It was five yards.,They were big yards.,yard,yards,Different Sense,0.4186134934425354,17,0.75,5,5,0,405334016,EleutherAI/pythia-410m,step8,seed6,6,8
It was five yards.,They were big yards.,yard,yards,Different Sense,0.40821409225463867,18,0.75,5,5,0,405334016,EleutherAI/pythia-410m,step8,seed6,6,8
It was five yards.,They were big yards.,yard,yards,Different Sense,0.4082180857658386,19,0.75,5,5,0,405334016,EleutherAI/pythia-410m,step8,seed6,6,8
It was five yards.,They were big yards.,yard,yards,Different Sense,0.4155997633934021,20,0.75,5,5,0,405334016,EleutherAI/pythia-410m,step8,seed6,6,8
It was five yards.,They were big yards.,yard,yards,Different Sense,0.4117000102996826,21,0.75,5,5,0,405334016,EleutherAI/pythia-410m,step8,seed6,6,8
It was five yards.,They were big yards.,yard,yards,Different Sense,0.40068382024765015,22,0.75,5,5,0,405334016,EleutherAI/pythia-410m,step8,seed6,6,8
It was five yards.,They were big yards.,yard,yards,Different Sense,0.4005481004714966,23,0.75,5,5,0,405334016,EleutherAI/pythia-410m,step8,seed6,6,8
It was five yards.,They were big yards.,yard,yards,Different Sense,0.40141206979751587,24,0.75,5,5,0,405334016,EleutherAI/pythia-410m,step8,seed6,6,8
It was five yards.,They were cluttered yards.,yard,yards,Different Sense,0.0,0,0.555555556,5,6,1,405334016,EleutherAI/pythia-410m,step8,seed6,6,8
It was five yards.,They were cluttered yards.,yard,yards,Different Sense,0.09700888395309448,1,0.555555556,5,6,1,405334016,EleutherAI/pythia-410m,step8,seed6,6,8
It was five yards.,They were cluttered yards.,yard,yards,Different Sense,0.15142714977264404,2,0.555555556,5,6,1,405334016,EleutherAI/pythia-410m,step8,seed6,6,8
It was five yards.,They were cluttered yards.,yard,yards,Different Sense,0.1879434585571289,3,0.555555556,5,6,1,405334016,EleutherAI/pythia-410m,step8,seed6,6,8
It was five yards.,They were cluttered yards.,yard,yards,Different Sense,0.2040088176727295,4,0.555555556,5,6,1,405334016,EleutherAI/pythia-410m,step8,seed6,6,8
It was five yards.,They were cluttered yards.,yard,yards,Different Sense,0.22394472360610962,5,0.555555556,5,6,1,405334016,EleutherAI/pythia-410m,step8,seed6,6,8
It was five yards.,They were cluttered yards.,yard,yards,Different Sense,0.2513102889060974,6,0.555555556,5,6,1,405334016,EleutherAI/pythia-410m,step8,seed6,6,8
It was five yards.,They were cluttered yards.,yard,yards,Different Sense,0.2704973816871643,7,0.555555556,5,6,1,405334016,EleutherAI/pythia-410m,step8,seed6,6,8
It was five yards.,They were cluttered yards.,yard,yards,Different Sense,0.2809085249900818,8,0.555555556,5,6,1,405334016,EleutherAI/pythia-410m,step8,seed6,6,8
It was five yards.,They were cluttered yards.,yard,yards,Different Sense,0.29293519258499146,9,0.555555556,5,6,1,405334016,EleutherAI/pythia-410m,step8,seed6,6,8
It was five yards.,They were cluttered yards.,yard,yards,Different Sense,0.2993149757385254,10,0.555555556,5,6,1,405334016,EleutherAI/pythia-410m,step8,seed6,6,8
It was five yards.,They were cluttered yards.,yard,yards,Different Sense,0.31528496742248535,11,0.555555556,5,6,1,405334016,EleutherAI/pythia-410m,step8,seed6,6,8
It was five yards.,They were cluttered yards.,yard,yards,Different Sense,0.31978440284729004,12,0.555555556,5,6,1,405334016,EleutherAI/pythia-410m,step8,seed6,6,8
It was five yards.,They were cluttered yards.,yard,yards,Different Sense,0.3293164372444153,13,0.555555556,5,6,1,405334016,EleutherAI/pythia-410m,step8,seed6,6,8
It was five yards.,They were cluttered yards.,yard,yards,Different Sense,0.3252134323120117,14,0.555555556,5,6,1,405334016,EleutherAI/pythia-410m,step8,seed6,6,8
It was five yards.,They were cluttered yards.,yard,yards,Different Sense,0.3355535864830017,15,0.555555556,5,6,1,405334016,EleutherAI/pythia-410m,step8,seed6,6,8
It was five yards.,They were cluttered yards.,yard,yards,Different Sense,0.33632177114486694,16,0.555555556,5,6,1,405334016,EleutherAI/pythia-410m,step8,seed6,6,8
It was five yards.,They were cluttered yards.,yard,yards,Different Sense,0.3479614853858948,17,0.555555556,5,6,1,405334016,EleutherAI/pythia-410m,step8,seed6,6,8
It was five yards.,They were cluttered yards.,yard,yards,Different Sense,0.3372424840927124,18,0.555555556,5,6,1,405334016,EleutherAI/pythia-410m,step8,seed6,6,8
It was five yards.,They were cluttered yards.,yard,yards,Different Sense,0.33904802799224854,19,0.555555556,5,6,1,405334016,EleutherAI/pythia-410m,step8,seed6,6,8
It was five yards.,They were cluttered yards.,yard,yards,Different Sense,0.343811571598053,20,0.555555556,5,6,1,405334016,EleutherAI/pythia-410m,step8,seed6,6,8
It was five yards.,They were cluttered yards.,yard,yards,Different Sense,0.33728331327438354,21,0.555555556,5,6,1,405334016,EleutherAI/pythia-410m,step8,seed6,6,8
It was five yards.,They were cluttered yards.,yard,yards,Different Sense,0.3324018716812134,22,0.555555556,5,6,1,405334016,EleutherAI/pythia-410m,step8,seed6,6,8
It was five yards.,They were cluttered yards.,yard,yards,Different Sense,0.3298063278198242,23,0.555555556,5,6,1,405334016,EleutherAI/pythia-410m,step8,seed6,6,8
It was five yards.,They were cluttered yards.,yard,yards,Different Sense,0.3333030939102173,24,0.555555556,5,6,1,405334016,EleutherAI/pythia-410m,step8,seed6,6,8
It was ten yards.,They were big yards.,yard,yards,Different Sense,0.0,0,1.2,5,5,0,405334016,EleutherAI/pythia-410m,step8,seed6,6,8
It was ten yards.,They were big yards.,yard,yards,Different Sense,0.12584275007247925,1,1.2,5,5,0,405334016,EleutherAI/pythia-410m,step8,seed6,6,8
It was ten yards.,They were big yards.,yard,yards,Different Sense,0.20065516233444214,2,1.2,5,5,0,405334016,EleutherAI/pythia-410m,step8,seed6,6,8
It was ten yards.,They were big yards.,yard,yards,Different Sense,0.25384002923965454,3,1.2,5,5,0,405334016,EleutherAI/pythia-410m,step8,seed6,6,8
It was ten yards.,They were big yards.,yard,yards,Different Sense,0.27379345893859863,4,1.2,5,5,0,405334016,EleutherAI/pythia-410m,step8,seed6,6,8
It was ten yards.,They were big yards.,yard,yards,Different Sense,0.3022997975349426,5,1.2,5,5,0,405334016,EleutherAI/pythia-410m,step8,seed6,6,8
It was ten yards.,They were big yards.,yard,yards,Different Sense,0.32353073358535767,6,1.2,5,5,0,405334016,EleutherAI/pythia-410m,step8,seed6,6,8
It was ten yards.,They were big yards.,yard,yards,Different Sense,0.3375140428543091,7,1.2,5,5,0,405334016,EleutherAI/pythia-410m,step8,seed6,6,8
It was ten yards.,They were big yards.,yard,yards,Different Sense,0.35613566637039185,8,1.2,5,5,0,405334016,EleutherAI/pythia-410m,step8,seed6,6,8
It was ten yards.,They were big yards.,yard,yards,Different Sense,0.36252760887145996,9,1.2,5,5,0,405334016,EleutherAI/pythia-410m,step8,seed6,6,8
It was ten yards.,They were big yards.,yard,yards,Different Sense,0.3670821189880371,10,1.2,5,5,0,405334016,EleutherAI/pythia-410m,step8,seed6,6,8
It was ten yards.,They were big yards.,yard,yards,Different Sense,0.37663567066192627,11,1.2,5,5,0,405334016,EleutherAI/pythia-410m,step8,seed6,6,8
It was ten yards.,They were big yards.,yard,yards,Different Sense,0.3850538730621338,12,1.2,5,5,0,405334016,EleutherAI/pythia-410m,step8,seed6,6,8
It was ten yards.,They were big yards.,yard,yards,Different Sense,0.3973807096481323,13,1.2,5,5,0,405334016,EleutherAI/pythia-410m,step8,seed6,6,8
It was ten yards.,They were big yards.,yard,yards,Different Sense,0.3965000510215759,14,1.2,5,5,0,405334016,EleutherAI/pythia-410m,step8,seed6,6,8
It was ten yards.,They were big yards.,yard,yards,Different Sense,0.4083581566810608,15,1.2,5,5,0,405334016,EleutherAI/pythia-410m,step8,seed6,6,8
It was ten yards.,They were big yards.,yard,yards,Different Sense,0.4120263457298279,16,1.2,5,5,0,405334016,EleutherAI/pythia-410m,step8,seed6,6,8
It was ten yards.,They were big yards.,yard,yards,Different Sense,0.42762309312820435,17,1.2,5,5,0,405334016,EleutherAI/pythia-410m,step8,seed6,6,8
It was ten yards.,They were big yards.,yard,yards,Different Sense,0.4149467945098877,18,1.2,5,5,0,405334016,EleutherAI/pythia-410m,step8,seed6,6,8
It was ten yards.,They were big yards.,yard,yards,Different Sense,0.41814124584198,19,1.2,5,5,0,405334016,EleutherAI/pythia-410m,step8,seed6,6,8
It was ten yards.,They were big yards.,yard,yards,Different Sense,0.42548757791519165,20,1.2,5,5,0,405334016,EleutherAI/pythia-410m,step8,seed6,6,8
It was ten yards.,They were big yards.,yard,yards,Different Sense,0.42144596576690674,21,1.2,5,5,0,405334016,EleutherAI/pythia-410m,step8,seed6,6,8
It was ten yards.,They were big yards.,yard,yards,Different Sense,0.40933746099472046,22,1.2,5,5,0,405334016,EleutherAI/pythia-410m,step8,seed6,6,8
It was ten yards.,They were big yards.,yard,yards,Different Sense,0.40943682193756104,23,1.2,5,5,0,405334016,EleutherAI/pythia-410m,step8,seed6,6,8
It was ten yards.,They were big yards.,yard,yards,Different Sense,0.41155165433883667,24,1.2,5,5,0,405334016,EleutherAI/pythia-410m,step8,seed6,6,8
It was ten yards.,They were cluttered yards.,yard,yards,Different Sense,0.0,0,0.416666667,5,6,1,405334016,EleutherAI/pythia-410m,step8,seed6,6,8
It was ten yards.,They were cluttered yards.,yard,yards,Different Sense,0.11059296131134033,1,0.416666667,5,6,1,405334016,EleutherAI/pythia-410m,step8,seed6,6,8
It was ten yards.,They were cluttered yards.,yard,yards,Different Sense,0.17038005590438843,2,0.416666667,5,6,1,405334016,EleutherAI/pythia-410m,step8,seed6,6,8
It was ten yards.,They were cluttered yards.,yard,yards,Different Sense,0.21088922023773193,3,0.416666667,5,6,1,405334016,EleutherAI/pythia-410m,step8,seed6,6,8
It was ten yards.,They were cluttered yards.,yard,yards,Different Sense,0.21810096502304077,4,0.416666667,5,6,1,405334016,EleutherAI/pythia-410m,step8,seed6,6,8
It was ten yards.,They were cluttered yards.,yard,yards,Different Sense,0.24126547574996948,5,0.416666667,5,6,1,405334016,EleutherAI/pythia-410m,step8,seed6,6,8
It was ten yards.,They were cluttered yards.,yard,yards,Different Sense,0.2650521993637085,6,0.416666667,5,6,1,405334016,EleutherAI/pythia-410m,step8,seed6,6,8
It was ten yards.,They were cluttered yards.,yard,yards,Different Sense,0.2788342833518982,7,0.416666667,5,6,1,405334016,EleutherAI/pythia-410m,step8,seed6,6,8
It was ten yards.,They were cluttered yards.,yard,yards,Different Sense,0.2952594757080078,8,0.416666667,5,6,1,405334016,EleutherAI/pythia-410m,step8,seed6,6,8
It was ten yards.,They were cluttered yards.,yard,yards,Different Sense,0.3079441785812378,9,0.416666667,5,6,1,405334016,EleutherAI/pythia-410m,step8,seed6,6,8
It was ten yards.,They were cluttered yards.,yard,yards,Different Sense,0.3174492120742798,10,0.416666667,5,6,1,405334016,EleutherAI/pythia-410m,step8,seed6,6,8
It was ten yards.,They were cluttered yards.,yard,yards,Different Sense,0.3336121439933777,11,0.416666667,5,6,1,405334016,EleutherAI/pythia-410m,step8,seed6,6,8
It was ten yards.,They were cluttered yards.,yard,yards,Different Sense,0.3372136950492859,12,0.416666667,5,6,1,405334016,EleutherAI/pythia-410m,step8,seed6,6,8
It was ten yards.,They were cluttered yards.,yard,yards,Different Sense,0.34494900703430176,13,0.416666667,5,6,1,405334016,EleutherAI/pythia-410m,step8,seed6,6,8
It was ten yards.,They were cluttered yards.,yard,yards,Different Sense,0.34189438819885254,14,0.416666667,5,6,1,405334016,EleutherAI/pythia-410m,step8,seed6,6,8
It was ten yards.,They were cluttered yards.,yard,yards,Different Sense,0.3522035479545593,15,0.416666667,5,6,1,405334016,EleutherAI/pythia-410m,step8,seed6,6,8
It was ten yards.,They were cluttered yards.,yard,yards,Different Sense,0.35174888372421265,16,0.416666667,5,6,1,405334016,EleutherAI/pythia-410m,step8,seed6,6,8
It was ten yards.,They were cluttered yards.,yard,yards,Different Sense,0.364138662815094,17,0.416666667,5,6,1,405334016,EleutherAI/pythia-410m,step8,seed6,6,8
It was ten yards.,They were cluttered yards.,yard,yards,Different Sense,0.3516893982887268,18,0.416666667,5,6,1,405334016,EleutherAI/pythia-410m,step8,seed6,6,8
It was ten yards.,They were cluttered yards.,yard,yards,Different Sense,0.3579753637313843,19,0.416666667,5,6,1,405334016,EleutherAI/pythia-410m,step8,seed6,6,8
It was ten yards.,They were cluttered yards.,yard,yards,Different Sense,0.363960325717926,20,0.416666667,5,6,1,405334016,EleutherAI/pythia-410m,step8,seed6,6,8
It was ten yards.,They were cluttered yards.,yard,yards,Different Sense,0.3573257327079773,21,0.416666667,5,6,1,405334016,EleutherAI/pythia-410m,step8,seed6,6,8
It was ten yards.,They were cluttered yards.,yard,yards,Different Sense,0.35095566511154175,22,0.416666667,5,6,1,405334016,EleutherAI/pythia-410m,step8,seed6,6,8
It was ten yards.,They were cluttered yards.,yard,yards,Different Sense,0.34868931770324707,23,0.416666667,5,6,1,405334016,EleutherAI/pythia-410m,step8,seed6,6,8
It was ten yards.,They were cluttered yards.,yard,yards,Different Sense,0.35302186012268066,24,0.416666667,5,6,1,405334016,EleutherAI/pythia-410m,step8,seed6,6,8
It was five yards.,It was ten yards.,yard,yards,Same Sense,0.0,0,4.0,5,5,0,405334016,EleutherAI/pythia-410m,step8,seed6,6,8
It was five yards.,It was ten yards.,yard,yards,Same Sense,0.035565197467803955,1,4.0,5,5,0,405334016,EleutherAI/pythia-410m,step8,seed6,6,8
It was five yards.,It was ten yards.,yard,yards,Same Sense,0.04915684461593628,2,4.0,5,5,0,405334016,EleutherAI/pythia-410m,step8,seed6,6,8
It was five yards.,It was ten yards.,yard,yards,Same Sense,0.05262589454650879,3,4.0,5,5,0,405334016,EleutherAI/pythia-410m,step8,seed6,6,8
It was five yards.,It was ten yards.,yard,yards,Same Sense,0.05323058366775513,4,4.0,5,5,0,405334016,EleutherAI/pythia-410m,step8,seed6,6,8
It was five yards.,It was ten yards.,yard,yards,Same Sense,0.058104097843170166,5,4.0,5,5,0,405334016,EleutherAI/pythia-410m,step8,seed6,6,8
It was five yards.,It was ten yards.,yard,yards,Same Sense,0.05871671438217163,6,4.0,5,5,0,405334016,EleutherAI/pythia-410m,step8,seed6,6,8
It was five yards.,It was ten yards.,yard,yards,Same Sense,0.05856877565383911,7,4.0,5,5,0,405334016,EleutherAI/pythia-410m,step8,seed6,6,8
It was five yards.,It was ten yards.,yard,yards,Same Sense,0.05782020092010498,8,4.0,5,5,0,405334016,EleutherAI/pythia-410m,step8,seed6,6,8
It was five yards.,It was ten yards.,yard,yards,Same Sense,0.05627983808517456,9,4.0,5,5,0,405334016,EleutherAI/pythia-410m,step8,seed6,6,8
It was five yards.,It was ten yards.,yard,yards,Same Sense,0.054276227951049805,10,4.0,5,5,0,405334016,EleutherAI/pythia-410m,step8,seed6,6,8
It was five yards.,It was ten yards.,yard,yards,Same Sense,0.05490767955780029,11,4.0,5,5,0,405334016,EleutherAI/pythia-410m,step8,seed6,6,8
It was five yards.,It was ten yards.,yard,yards,Same Sense,0.05520915985107422,12,4.0,5,5,0,405334016,EleutherAI/pythia-410m,step8,seed6,6,8
It was five yards.,It was ten yards.,yard,yards,Same Sense,0.05323570966720581,13,4.0,5,5,0,405334016,EleutherAI/pythia-410m,step8,seed6,6,8
It was five yards.,It was ten yards.,yard,yards,Same Sense,0.05085611343383789,14,4.0,5,5,0,405334016,EleutherAI/pythia-410m,step8,seed6,6,8
It was five yards.,It was ten yards.,yard,yards,Same Sense,0.05156058073043823,15,4.0,5,5,0,405334016,EleutherAI/pythia-410m,step8,seed6,6,8
It was five yards.,It was ten yards.,yard,yards,Same Sense,0.04949599504470825,16,4.0,5,5,0,405334016,EleutherAI/pythia-410m,step8,seed6,6,8
It was five yards.,It was ten yards.,yard,yards,Same Sense,0.04788750410079956,17,4.0,5,5,0,405334016,EleutherAI/pythia-410m,step8,seed6,6,8
It was five yards.,It was ten yards.,yard,yards,Same Sense,0.045693278312683105,18,4.0,5,5,0,405334016,EleutherAI/pythia-410m,step8,seed6,6,8
It was five yards.,It was ten yards.,yard,yards,Same Sense,0.04479891061782837,19,4.0,5,5,0,405334016,EleutherAI/pythia-410m,step8,seed6,6,8
It was five yards.,It was ten yards.,yard,yards,Same Sense,0.04591292142868042,20,4.0,5,5,0,405334016,EleutherAI/pythia-410m,step8,seed6,6,8
It was five yards.,It was ten yards.,yard,yards,Same Sense,0.046341896057128906,21,4.0,5,5,0,405334016,EleutherAI/pythia-410m,step8,seed6,6,8
It was five yards.,It was ten yards.,yard,yards,Same Sense,0.04413717985153198,22,4.0,5,5,0,405334016,EleutherAI/pythia-410m,step8,seed6,6,8
It was five yards.,It was ten yards.,yard,yards,Same Sense,0.043017029762268066,23,4.0,5,5,0,405334016,EleutherAI/pythia-410m,step8,seed6,6,8
It was five yards.,It was ten yards.,yard,yards,Same Sense,0.04247790575027466,24,4.0,5,5,0,405334016,EleutherAI/pythia-410m,step8,seed6,6,8
They were big yards.,They were cluttered yards.,yard,yards,Same Sense,0.0,0,3.230769231,5,6,1,405334016,EleutherAI/pythia-410m,step8,seed6,6,8
They were big yards.,They were cluttered yards.,yard,yards,Same Sense,0.04264038801193237,1,3.230769231,5,6,1,405334016,EleutherAI/pythia-410m,step8,seed6,6,8
They were big yards.,They were cluttered yards.,yard,yards,Same Sense,0.0680646300315857,2,3.230769231,5,6,1,405334016,EleutherAI/pythia-410m,step8,seed6,6,8
They were big yards.,They were cluttered yards.,yard,yards,Same Sense,0.08207905292510986,3,3.230769231,5,6,1,405334016,EleutherAI/pythia-410m,step8,seed6,6,8
They were big yards.,They were cluttered yards.,yard,yards,Same Sense,0.08109092712402344,4,3.230769231,5,6,1,405334016,EleutherAI/pythia-410m,step8,seed6,6,8
They were big yards.,They were cluttered yards.,yard,yards,Same Sense,0.08742660284042358,5,3.230769231,5,6,1,405334016,EleutherAI/pythia-410m,step8,seed6,6,8
They were big yards.,They were cluttered yards.,yard,yards,Same Sense,0.08932614326477051,6,3.230769231,5,6,1,405334016,EleutherAI/pythia-410m,step8,seed6,6,8
They were big yards.,They were cluttered yards.,yard,yards,Same Sense,0.09162044525146484,7,3.230769231,5,6,1,405334016,EleutherAI/pythia-410m,step8,seed6,6,8
They were big yards.,They were cluttered yards.,yard,yards,Same Sense,0.08852005004882812,8,3.230769231,5,6,1,405334016,EleutherAI/pythia-410m,step8,seed6,6,8
They were big yards.,They were cluttered yards.,yard,yards,Same Sense,0.0866628885269165,9,3.230769231,5,6,1,405334016,EleutherAI/pythia-410m,step8,seed6,6,8
They were big yards.,They were cluttered yards.,yard,yards,Same Sense,0.08523833751678467,10,3.230769231,5,6,1,405334016,EleutherAI/pythia-410m,step8,seed6,6,8
They were big yards.,They were cluttered yards.,yard,yards,Same Sense,0.0862048864364624,11,3.230769231,5,6,1,405334016,EleutherAI/pythia-410m,step8,seed6,6,8
They were big yards.,They were cluttered yards.,yard,yards,Same Sense,0.08740353584289551,12,3.230769231,5,6,1,405334016,EleutherAI/pythia-410m,step8,seed6,6,8
They were big yards.,They were cluttered yards.,yard,yards,Same Sense,0.08576363325119019,13,3.230769231,5,6,1,405334016,EleutherAI/pythia-410m,step8,seed6,6,8
They were big yards.,They were cluttered yards.,yard,yards,Same Sense,0.08372342586517334,14,3.230769231,5,6,1,405334016,EleutherAI/pythia-410m,step8,seed6,6,8
They were big yards.,They were cluttered yards.,yard,yards,Same Sense,0.08347278833389282,15,3.230769231,5,6,1,405334016,EleutherAI/pythia-410m,step8,seed6,6,8
They were big yards.,They were cluttered yards.,yard,yards,Same Sense,0.08175927400588989,16,3.230769231,5,6,1,405334016,EleutherAI/pythia-410m,step8,seed6,6,8
They were big yards.,They were cluttered yards.,yard,yards,Same Sense,0.08283358812332153,17,3.230769231,5,6,1,405334016,EleutherAI/pythia-410m,step8,seed6,6,8
They were big yards.,They were cluttered yards.,yard,yards,Same Sense,0.08004379272460938,18,3.230769231,5,6,1,405334016,EleutherAI/pythia-410m,step8,seed6,6,8
They were big yards.,They were cluttered yards.,yard,yards,Same Sense,0.07852143049240112,19,3.230769231,5,6,1,405334016,EleutherAI/pythia-410m,step8,seed6,6,8
They were big yards.,They were cluttered yards.,yard,yards,Same Sense,0.0770077109336853,20,3.230769231,5,6,1,405334016,EleutherAI/pythia-410m,step8,seed6,6,8
They were big yards.,They were cluttered yards.,yard,yards,Same Sense,0.0757378339767456,21,3.230769231,5,6,1,405334016,EleutherAI/pythia-410m,step8,seed6,6,8
They were big yards.,They were cluttered yards.,yard,yards,Same Sense,0.0744064450263977,22,3.230769231,5,6,1,405334016,EleutherAI/pythia-410m,step8,seed6,6,8
They were big yards.,They were cluttered yards.,yard,yards,Same Sense,0.07302290201187134,23,3.230769231,5,6,1,405334016,EleutherAI/pythia-410m,step8,seed6,6,8
They were big yards.,They were cluttered yards.,yard,yards,Same Sense,0.07127499580383301,24,3.230769231,5,6,1,405334016,EleutherAI/pythia-410m,step8,seed6,6,8
